{"animation": [{"name": "Root", "time": [0.0, 0.0083, 0.0167, 0.025, 0.0333, 0.0417, 0.05, 0.0583, 0.0667, 0.075, 0.0833, 0.0917, 0.1, 0.1083, 0.1167, 0.125, 0.1333, 0.1417, 0.15, 0.1583, 0.1667, 0.175, 0.1833, 0.1917, 0.2, 0.2083, 0.2167, 0.225, 0.2333, 0.2417, 0.25, 0.2583, 0.2667, 0.275, 0.2833, 0.2917, 0.3, 0.3083, 0.3167, 0.325, 0.3333, 0.3417, 0.35, 0.3583, 0.3667, 0.375, 0.3833, 0.3917, 0.4, 0.4083, 0.4167, 0.425, 0.4333, 0.4417, 0.45, 0.4583, 0.4667, 0.475, 0.4833, 0.4917, 0.5, 0.5083, 0.5167, 0.525, 0.5333, 0.5417, 0.55, 0.5583, 0.5667, 0.575, 0.5833, 0.5917, 0.6, 0.6083, 0.6167, 0.625, 0.6333, 0.6417, 0.65, 0.6583, 0.6667, 0.675, 0.6833, 0.6917, 0.7, 0.7083, 0.7167, 0.725, 0.7333, 0.7417, 0.75, 0.7583, 0.7667, 0.775, 0.7833, 0.7917, 0.8, 0.8083, 0.8167, 0.825, 0.8333, 0.8417, 0.85, 0.8583, 0.8667, 0.875, 0.8833, 0.8917, 0.9, 0.9083, 0.9167, 0.925, 0.9333, 0.9417, 0.95, 0.9583, 0.9667, 0.975, 0.9833, 0.9917, 1.0, 1.0083, 1.0167, 1.025, 1.0333, 1.0417, 1.05, 1.0583, 1.0667, 1.075, 1.0833, 1.0917, 1.1, 1.1083, 1.1167, 1.125, 1.1333, 1.1417, 1.15, 1.1583, 1.1667, 1.175, 1.1833, 1.1917, 1.2, 1.2083, 1.2167, 1.225, 1.2333, 1.2417, 1.25, 1.2583, 1.2667, 1.275, 1.2833, 1.2917, 1.3, 1.3083, 1.3167, 1.325, 1.3333, 1.3417, 1.35, 1.3583, 1.3667, 1.375, 1.3833, 1.3917, 1.4, 1.4083, 1.4167, 1.425, 1.4333, 1.4417, 1.45, 1.4583, 1.4667, 1.475, 1.4833, 1.4917, 1.5, 1.5083, 1.5167, 1.525, 1.5333, 1.5417, 1.55, 1.5583, 1.5667, 1.575, 1.5833, 1.5917, 1.6, 1.6083, 1.6167, 1.625, 1.6333, 1.6417, 1.65, 1.6583, 1.6667, 1.675, 1.6833, 1.6917, 1.7, 1.7083, 1.7167, 1.725, 1.7333, 1.7417, 1.75, 1.7583, 1.7667, 1.775, 1.7833, 1.7917, 1.8, 1.8083, 1.8167, 1.825, 1.8333, 1.8417, 1.85, 1.8583, 1.8667, 1.875, 1.8833, 1.8917, 1.9, 1.9083, 1.9167, 1.925, 1.9333, 1.9417, 1.95, 1.9583, 1.9667, 1.975, 1.9833, 1.9917, 2.0, 2.0083, 2.0167, 2.025, 2.0333, 2.0417, 2.05, 2.0583, 2.0667, 2.075, 2.0833, 2.0917, 2.1, 2.1083, 2.1167, 2.125, 2.1333, 2.1417, 2.15, 2.1583, 2.1667, 2.175, 2.1833, 2.1917, 2.2, 2.2083, 2.2167, 2.225, 2.2333, 2.2417, 2.25, 2.2583, 2.2667, 2.275, 2.2833, 2.2917, 2.3, 2.3083, 2.3167, 2.325, 2.3333, 2.3417, 2.35, 2.3583, 2.3667, 2.375, 2.3833, 2.3917, 2.4, 2.4083, 2.4167, 2.425, 2.4333, 2.4417, 2.45, 2.4583, 2.4667, 2.475, 2.4833, 2.4917, 2.5, 2.5083, 2.5167, 2.525, 2.5333, 2.5417, 2.55, 2.5583, 2.5667, 2.575, 2.5833, 2.5917, 2.6, 2.6083, 2.6167, 2.625, 2.6333, 2.6417, 2.65, 2.6583, 2.6667, 2.675, 2.6833, 2.6917, 2.7, 2.7083, 2.7167, 2.725, 2.7333, 2.7417, 2.75, 2.7583, 2.7667, 2.775, 2.7833, 2.7917, 2.8, 2.8083, 2.8167, 2.825, 2.8333, 2.8417, 2.85, 2.8583, 2.8667, 2.875, 2.8833, 2.8917, 2.9, 2.9083, 2.9167, 2.925, 2.9333, 2.9417, 2.95, 2.9583, 2.9667, 2.975, 2.9833, 2.9917, 3.0, 3.0083, 3.0167, 3.025, 3.0333, 3.0417, 3.05, 3.0583, 3.0667, 3.075, 3.0833, 3.0917, 3.1, 3.1083, 3.1167, 3.125, 3.1333, 3.1417, 3.15, 3.1583, 3.1667, 3.175, 3.1833, 3.1917, 3.2, 3.2083, 3.2167, 3.225, 3.2333, 3.2417, 3.25, 3.2583, 3.2667, 3.275, 3.2833, 3.2917, 3.3, 3.3083, 3.3167, 3.325, 3.3333, 3.3417, 3.35, 3.3583, 3.3667, 3.375, 3.3833, 3.3917, 3.4, 3.4083, 3.4167, 3.425, 3.4333, 3.4417, 3.45, 3.4583, 3.4667, 3.475, 3.4833, 3.4917, 3.5, 3.5083, 3.5167, 3.525, 3.5333, 3.5417, 3.55, 3.5583, 3.5667, 3.575, 3.5833, 3.5917, 3.6, 3.6083, 3.6167, 3.625, 3.6333, 3.6417, 3.65, 3.6583, 3.6667, 3.675, 3.6833, 3.6917, 3.7, 3.7083, 3.7167, 3.725, 3.7333, 3.7417, 3.75, 3.7583, 3.7667, 3.775, 3.7833, 3.7917, 3.8, 3.8083, 3.8167, 3.825, 3.8333, 3.8417, 3.85, 3.8583, 3.8667, 3.875, 3.8833, 3.8917, 3.9, 3.9083, 3.9167, 3.925, 3.9333, 3.9417, 3.95, 3.9583, 3.9667, 3.975, 3.9833, 3.9917, 4.0, 4.0083, 4.0167, 4.025, 4.0333, 4.0417, 4.05, 4.0583, 4.0667, 4.075, 4.0833, 4.0917, 4.1, 4.1083, 4.1167, 4.125, 4.1333, 4.1417, 4.15, 4.1583, 4.1667], "transform": [[0.955951, 0.0, 0.293527, -5e-06, 0.293527, 0.0, -0.955951, -0.025447, 0.0, 1.0, 0.0, -0.021403, 0.0, 0.0, 0.0, 1.0], [0.955951, 0.0, 0.293527, -5e-06, 0.293527, 0.0, -0.955951, -0.025444, 0.0, 1.0, 0.0, -0.021403, 0.0, 0.0, 0.0, 1.0], [0.955951, 0.0, 0.293527, -5e-06, 0.293527, 0.0, -0.955951, -0.025421, 0.0, 1.0, 0.0, -0.021403, 0.0, 0.0, 0.0, 1.0], [0.955951, 0.0, 0.293527, -5e-06, 0.293527, 0.0, -0.955951, -0.025358, 0.0, 1.0, 0.0, -0.021403, 0.0, 0.0, 0.0, 1.0], [0.955951, 0.0, 0.293527, -5e-06, 0.293527, 0.0, -0.955951, -0.025236, 0.0, 1.0, 0.0, -0.021403, 0.0, 0.0, 0.0, 1.0], [0.955951, 0.0, 0.293527, -5e-06, 0.293527, 0.0, -0.955951, -0.025035, 0.0, 1.0, 0.0, -0.021403, 0.0, 0.0, 0.0, 1.0], [0.955951, 0.0, 0.293527, -5e-06, 0.293527, 0.0, -0.955951, -0.024734, 0.0, 1.0, 0.0, -0.021403, 0.0, 0.0, 0.0, 1.0], [0.955951, 0.0, 0.293527, -5e-06, 0.293527, 0.0, -0.955951, -0.024315, 0.0, 1.0, 0.0, -0.021403, 0.0, 0.0, 0.0, 1.0], [0.955951, 0.0, 0.293527, -5e-06, 0.293527, 0.0, -0.955951, -0.023758, 0.0, 1.0, 0.0, -0.021403, 0.0, 0.0, 0.0, 1.0], [0.955951, 0.0, 0.293527, -5e-06, 0.293527, 0.0, -0.955951, -0.023042, 0.0, 1.0, 0.0, -0.021403, 0.0, 0.0, 0.0, 1.0], [0.955951, 0.0, 0.293527, -5e-06, 0.293527, 0.0, -0.955951, -0.022148, 0.0, 1.0, 0.0, -0.021403, 0.0, 0.0, 0.0, 1.0], [0.955951, 0.0, 0.293527, -5e-06, 0.293527, 0.0, -0.955951, -0.021056, 0.0, 1.0, 0.0, -0.021403, 0.0, 0.0, 0.0, 1.0], [0.955951, 0.0, 0.293527, -5e-06, 0.293527, 0.0, -0.955951, -0.019746, 0.0, 1.0, 0.0, -0.021403, 0.0, 0.0, 0.0, 1.0], [0.955951, 0.0, 0.293527, -5e-06, 0.293527, 0.0, -0.955951, -0.018199, 0.0, 1.0, 0.0, -0.021403, 0.0, 0.0, 0.0, 1.0], [0.955951, 0.0, 0.293527, -5e-06, 0.293527, 0.0, -0.955951, -0.016394, 0.0, 1.0, 0.0, -0.021403, 0.0, 0.0, 0.0, 1.0], [0.955951, 0.0, 0.293527, -5e-06, 0.293527, 0.0, -0.955951, -0.014312, 0.0, 1.0, 0.0, -0.021403, 0.0, 0.0, 0.0, 1.0], [0.955951, 0.0, 0.293527, -5e-06, 0.293527, 0.0, -0.955951, -0.011934, 0.0, 1.0, 0.0, -0.021403, 0.0, 0.0, 0.0, 1.0], [0.955951, 0.0, 0.293527, -5e-06, 0.293527, 0.0, -0.955951, -0.009238, 0.0, 1.0, 0.0, -0.021403, 0.0, 0.0, 0.0, 1.0], [0.955951, 0.0, 0.293527, -5e-06, 0.293527, 0.0, -0.955951, -0.006206, 0.0, 1.0, 0.0, -0.021403, 0.0, 0.0, 0.0, 1.0], [0.955951, 0.0, 0.293527, -5e-06, 0.293527, 0.0, -0.955951, -0.002818, 0.0, 1.0, 0.0, -0.021403, 0.0, 0.0, 0.0, 1.0], [0.955951, 0.0, 0.293527, -5e-06, 0.293527, 0.0, -0.955951, 0.000946, 0.0, 1.0, 0.0, -0.021403, 0.0, 0.0, 0.0, 1.0], [0.955951, 0.0, 0.293527, -5e-06, 0.293527, 0.0, -0.955951, 0.007616, 0.0, 1.0, 0.0, -0.021403, 0.0, 0.0, 0.0, 1.0], [0.955951, 0.0, 0.293527, -5e-06, 0.293527, 0.0, -0.955951, 0.019451, 0.0, 1.0, 0.0, -0.021403, 0.0, 0.0, 0.0, 1.0], [0.955951, 0.0, 0.293527, -5e-06, 0.293527, 0.0, -0.955951, 0.036064, 0.0, 1.0, 0.0, -0.021403, 0.0, 0.0, 0.0, 1.0], [0.955951, 0.0, 0.293527, -5e-06, 0.293527, 0.0, -0.955951, 0.05707, 0.0, 1.0, 0.0, -0.021403, 0.0, 0.0, 0.0, 1.0], [0.955951, 0.0, 0.293527, -5e-06, 0.293527, 0.0, -0.955951, 0.082081, 0.0, 1.0, 0.0, -0.021403, 0.0, 0.0, 0.0, 1.0], [0.955951, 0.0, 0.293527, -5e-06, 0.293527, 0.0, -0.955951, 0.110713, 0.0, 1.0, 0.0, -0.021403, 0.0, 0.0, 0.0, 1.0], [0.955951, 0.0, 0.293527, -5e-06, 0.293527, 0.0, -0.955951, 0.142579, 0.0, 1.0, 0.0, -0.021403, 0.0, 0.0, 0.0, 1.0], [0.955951, 0.0, 0.293527, -5e-06, 0.293527, 0.0, -0.955951, 0.177293, 0.0, 1.0, 0.0, -0.021403, 0.0, 0.0, 0.0, 1.0], [0.955951, 0.0, 0.293527, -5e-06, 0.293527, 0.0, -0.955951, 0.214469, 0.0, 1.0, 0.0, -0.021403, 0.0, 0.0, 0.0, 1.0], [0.955951, 0.0, 0.293527, -5e-06, 0.293527, 0.0, -0.955951, 0.25372, 0.0, 1.0, 0.0, -0.021403, 0.0, 0.0, 0.0, 1.0], [0.955951, 0.0, 0.293527, -5e-06, 0.293527, 0.0, -0.955951, 0.294661, 0.0, 1.0, 0.0, -0.021403, 0.0, 0.0, 0.0, 1.0], [0.955951, 0.0, 0.293527, -5e-06, 0.293527, 0.0, -0.955951, 0.336906, 0.0, 1.0, 0.0, -0.021403, 0.0, 0.0, 0.0, 1.0], [0.955951, 0.0, 0.293527, -5e-06, 0.293527, 0.0, -0.955951, 0.380068, 0.0, 1.0, 0.0, -0.021403, 0.0, 0.0, 0.0, 1.0], [0.955951, 0.0, 0.293527, -5e-06, 0.293527, 0.0, -0.955951, 0.423762, 0.0, 1.0, 0.0, -0.021403, 0.0, 0.0, 0.0, 1.0], [0.955951, 0.0, 0.293527, -5e-06, 0.293527, 0.0, -0.955951, 0.467601, 0.0, 1.0, 0.0, -0.021403, 0.0, 0.0, 0.0, 1.0], [0.955951, 0.0, 0.293527, -5e-06, 0.293527, 0.0, -0.955951, 0.511198, 0.0, 1.0, 0.0, -0.021403, 0.0, 0.0, 0.0, 1.0], [0.955951, 0.0, 0.293527, -5e-06, 0.293527, 0.0, -0.955951, 0.554169, 0.0, 1.0, 0.0, -0.021403, 0.0, 0.0, 0.0, 1.0], [0.955951, 0.0, 0.293527, -5e-06, 0.293527, 0.0, -0.955951, 0.596127, 0.0, 1.0, 0.0, -0.021403, 0.0, 0.0, 0.0, 1.0], [0.955951, 0.0, 0.293527, -5e-06, 0.293527, 0.0, -0.955951, 0.636686, 0.0, 1.0, 0.0, -0.021403, 0.0, 0.0, 0.0, 1.0], [0.955951, 0.0, 0.293527, -5e-06, 0.293527, 0.0, -0.955951, 0.675459, 0.0, 1.0, 0.0, -0.021403, 0.0, 0.0, 0.0, 1.0], [0.955951, 0.0, 0.293527, -5e-06, 0.293527, 0.0, -0.955951, 0.712061, 0.0, 1.0, 0.0, -0.021403, 0.0, 0.0, 0.0, 1.0], [0.955951, 0.0, 0.293527, -5e-06, 0.293527, 0.0, -0.955951, 0.746105, 0.0, 1.0, 0.0, -0.021403, 0.0, 0.0, 0.0, 1.0], [0.955951, 0.0, 0.293527, -5e-06, 0.293527, 0.0, -0.955951, 0.777206, 0.0, 1.0, 0.0, -0.021403, 0.0, 0.0, 0.0, 1.0], [0.955951, 0.0, 0.293527, -5e-06, 0.293527, 0.0, -0.955951, 0.804977, 0.0, 1.0, 0.0, -0.021403, 0.0, 0.0, 0.0, 1.0], [0.955951, 0.0, 0.293527, -5e-06, 0.293527, 0.0, -0.955951, 0.829033, 0.0, 1.0, 0.0, -0.021403, 0.0, 0.0, 0.0, 1.0], [0.955951, 0.0, 0.293527, -5e-06, 0.293527, 0.0, -0.955951, 0.848986, 0.0, 1.0, 0.0, -0.021403, 0.0, 0.0, 0.0, 1.0], [0.955951, 0.0, 0.293527, -5e-06, 0.293527, 0.0, -0.955951, 0.864452, 0.0, 1.0, 0.0, -0.021403, 0.0, 0.0, 0.0, 1.0], [0.955951, 0.0, 0.293527, -5e-06, 0.293527, 0.0, -0.955951, 0.875043, 0.0, 1.0, 0.0, -0.021403, 0.0, 0.0, 0.0, 1.0], [0.955951, 0.0, 0.293527, -5e-06, 0.293527, 0.0, -0.955951, 0.880374, 0.0, 1.0, 0.0, -0.021403, 0.0, 0.0, 0.0, 1.0], [0.955952, 0.0, 0.293523, -5e-06, 0.293523, 0.0, -0.955952, 0.88294, 0.0, 1.0, 0.0, -0.021403, 0.0, 0.0, 0.0, 1.0], [0.955956, 0.0, 0.293509, -5e-06, 0.293509, 0.0, -0.955956, 0.885494, 0.0, 1.0, 0.0, -0.021403, 0.0, 0.0, 0.0, 1.0], [0.955963, 0.0, 0.293486, -5e-06, 0.293486, 0.0, -0.955963, 0.888037, 0.0, 1.0, 0.0, -0.021403, 0.0, 0.0, 0.0, 1.0], [0.955973, 0.0, 0.293454, -5e-06, 0.293454, 0.0, -0.955973, 0.890568, 0.0, 1.0, 0.0, -0.021403, 0.0, 0.0, 0.0, 1.0], [0.955986, 0.0, 0.293414, -5e-06, 0.293414, 0.0, -0.955986, 0.893086, 0.0, 1.0, 0.0, -0.021403, 0.0, 0.0, 0.0, 1.0], [0.956001, 0.0, 0.293364, -5e-06, 0.293364, 0.0, -0.956001, 0.895593, 0.0, 1.0, 0.0, -0.021403, 0.0, 0.0, 0.0, 1.0], [0.956019, 0.0, 0.293305, -5e-06, 0.293305, 0.0, -0.956019, 0.898089, 0.0, 1.0, 0.0, -0.021403, 0.0, 0.0, 0.0, 1.0], [0.95604, 0.0, 0.293238, -5e-06, 0.293238, 0.0, -0.95604, 0.900572, 0.0, 1.0, 0.0, -0.021403, 0.0, 0.0, 0.0, 1.0], [0.956063, 0.0, 0.293161, -5e-06, 0.293161, 0.0, -0.956063, 0.903044, 0.0, 1.0, 0.0, -0.021403, 0.0, 0.0, 0.0, 1.0], [0.956089, 0.0, 0.293076, -5e-06, 0.293076, 0.0, -0.956089, 0.905504, 0.0, 1.0, 0.0, -0.021403, 0.0, 0.0, 0.0, 1.0], [0.956118, 0.0, 0.292982, -5e-06, 0.292982, 0.0, -0.956118, 0.907953, 0.0, 1.0, 0.0, -0.021403, 0.0, 0.0, 0.0, 1.0], [0.956149, 0.0, 0.29288, -5e-06, 0.29288, 0.0, -0.956149, 0.910389, 0.0, 1.0, 0.0, -0.021403, 0.0, 0.0, 0.0, 1.0], [0.956183, 0.0, 0.292768, -5e-06, 0.292768, 0.0, -0.956183, 0.912814, 0.0, 1.0, 0.0, -0.021403, 0.0, 0.0, 0.0, 1.0], [0.95622, 0.0, 0.292648, -5e-06, 0.292648, 0.0, -0.95622, 0.915228, 0.0, 1.0, 0.0, -0.021403, 0.0, 0.0, 0.0, 1.0], [0.956259, 0.0, 0.29252, -5e-06, 0.29252, 0.0, -0.956259, 0.91763, 0.0, 1.0, 0.0, -0.021403, 0.0, 0.0, 0.0, 1.0], [0.956301, 0.0, 0.292383, -5e-06, 0.292383, 0.0, -0.956301, 0.920021, 0.0, 1.0, 0.0, -0.021403, 0.0, 0.0, 0.0, 1.0], [0.956346, 0.0, 0.292237, -5e-06, 0.292237, 0.0, -0.956346, 0.9224, 0.0, 1.0, 0.0, -0.021403, 0.0, 0.0, 0.0, 1.0], [0.956393, 0.0, 0.292083, -5e-06, 0.292083, 0.0, -0.956393, 0.924767, 0.0, 1.0, 0.0, -0.021403, 0.0, 0.0, 0.0, 1.0], [0.956442, 0.0, 0.291921, -5e-06, 0.291921, 0.0, -0.956442, 0.927124, 0.0, 1.0, 0.0, -0.021403, 0.0, 0.0, 0.0, 1.0], [0.956495, 0.0, 0.29175, -5e-06, 0.29175, 0.0, -0.956495, 0.929468, 0.0, 1.0, 0.0, -0.021403, 0.0, 0.0, 0.0, 1.0], [0.956549, 0.0, 0.291571, -5e-06, 0.291571, 0.0, -0.956549, 0.931802, 0.0, 1.0, 0.0, -0.021403, 0.0, 0.0, 0.0, 1.0], [0.956606, 0.0, 0.291384, -5e-06, 0.291384, 0.0, -0.956606, 0.934124, 0.0, 1.0, 0.0, -0.021403, 0.0, 0.0, 0.0, 1.0], [0.956666, 0.0, 0.291188, -5e-06, 0.291188, 0.0, -0.956666, 0.936434, 0.0, 1.0, 0.0, -0.021403, 0.0, 0.0, 0.0, 1.0], [0.956728, 0.0, 0.290985, -5e-06, 0.290985, 0.0, -0.956728, 0.938734, 0.0, 1.0, 0.0, -0.021403, 0.0, 0.0, 0.0, 1.0], [0.956792, 0.0, 0.290772, -5e-06, 0.290772, 0.0, -0.956792, 0.941022, 0.0, 1.0, 0.0, -0.021403, 0.0, 0.0, 0.0, 1.0], [0.956859, 0.0, 0.290552, -5e-06, 0.290552, 0.0, -0.956859, 0.943299, 0.0, 1.0, 0.0, -0.021403, 0.0, 0.0, 0.0, 1.0], [0.956928, 0.0, 0.290324, -5e-06, 0.290324, 0.0, -0.956928, 0.945564, 0.0, 1.0, 0.0, -0.021403, 0.0, 0.0, 0.0, 1.0], [0.957, 0.0, 0.290088, -5e-06, 0.290088, 0.0, -0.957, 0.947819, 0.0, 1.0, 0.0, -0.021403, 0.0, 0.0, 0.0, 1.0], [0.957074, 0.0, 0.289844, -5e-06, 0.289844, 0.0, -0.957074, 0.950062, 0.0, 1.0, 0.0, -0.021403, 0.0, 0.0, 0.0, 1.0], [0.95715, 0.0, 0.289591, -5e-06, 0.289591, 0.0, -0.95715, 0.952294, 0.0, 1.0, 0.0, -0.021403, 0.0, 0.0, 0.0, 1.0], [0.957229, 0.0, 0.289331, -5e-06, 0.289331, 0.0, -0.957229, 0.954515, 0.0, 1.0, 0.0, -0.021403, 0.0, 0.0, 0.0, 1.0], [0.95731, 0.0, 0.289063, -5e-06, 0.289063, 0.0, -0.95731, 0.956725, 0.0, 1.0, 0.0, -0.021403, 0.0, 0.0, 0.0, 1.0], [0.957393, 0.0, 0.288787, -5e-06, 0.288787, 0.0, -0.957393, 0.958924, 0.0, 1.0, 0.0, -0.021403, 0.0, 0.0, 0.0, 1.0], [0.957479, 0.0, 0.288504, -5e-06, 0.288504, 0.0, -0.957479, 0.961112, 0.0, 1.0, 0.0, -0.021403, 0.0, 0.0, 0.0, 1.0], [0.957567, 0.0, 0.288212, -5e-06, 0.288212, 0.0, -0.957567, 0.963289, 0.0, 1.0, 0.0, -0.021403, 0.0, 0.0, 0.0, 1.0], [0.957657, 0.0, 0.287913, -5e-06, 0.287913, 0.0, -0.957657, 0.965455, 0.0, 1.0, 0.0, -0.021403, 0.0, 0.0, 0.0, 1.0], [0.957749, 0.0, 0.287606, -5e-06, 0.287606, 0.0, -0.957749, 0.96761, 0.0, 1.0, 0.0, -0.021403, 0.0, 0.0, 0.0, 1.0], [0.957843, 0.0, 0.287292, -5e-06, 0.287292, 0.0, -0.957843, 0.969754, 0.0, 1.0, 0.0, -0.021403, 0.0, 0.0, 0.0, 1.0], [0.95794, 0.0, 0.286969, -5e-06, 0.286969, 0.0, -0.95794, 0.971888, 0.0, 1.0, 0.0, -0.021403, 0.0, 0.0, 0.0, 1.0], [0.958038, 0.0, 0.28664, -5e-06, 0.28664, 0.0, -0.958038, 0.97401, 0.0, 1.0, 0.0, -0.021403, 0.0, 0.0, 0.0, 1.0], [0.958139, 0.0, 0.286303, -5e-06, 0.286303, 0.0, -0.958139, 0.976121, 0.0, 1.0, 0.0, -0.021403, 0.0, 0.0, 0.0, 1.0], [0.958242, 0.0, 0.285958, -5e-06, 0.285958, 0.0, -0.958242, 0.978222, 0.0, 1.0, 0.0, -0.021403, 0.0, 0.0, 0.0, 1.0], [0.958347, 0.0, 0.285606, -5e-06, 0.285606, 0.0, -0.958347, 0.980312, 0.0, 1.0, 0.0, -0.021403, 0.0, 0.0, 0.0, 1.0], [0.958454, 0.0, 0.285246, -5e-06, 0.285246, 0.0, -0.958454, 0.982391, 0.0, 1.0, 0.0, -0.021403, 0.0, 0.0, 0.0, 1.0], [0.958563, 0.0, 0.284879, -5e-06, 0.284879, 0.0, -0.958563, 0.98446, 0.0, 1.0, 0.0, -0.021403, 0.0, 0.0, 0.0, 1.0], [0.958675, 0.0, 0.284505, -5e-06, 0.284505, 0.0, -0.958675, 0.986518, 0.0, 1.0, 0.0, -0.021403, 0.0, 0.0, 0.0, 1.0], [0.958788, 0.0, 0.284123, -5e-06, 0.284123, 0.0, -0.958788, 0.988565, 0.0, 1.0, 0.0, -0.021403, 0.0, 0.0, 0.0, 1.0], [0.958903, 0.0, 0.283735, -5e-06, 0.283735, 0.0, -0.958903, 0.990601, 0.0, 1.0, 0.0, -0.021403, 0.0, 0.0, 0.0, 1.0], [0.95902, 0.0, 0.283338, -5e-06, 0.283338, 0.0, -0.95902, 0.992627, 0.0, 1.0, 0.0, -0.021403, 0.0, 0.0, 0.0, 1.0], [0.959139, 0.0, 0.282935, -5e-06, 0.282935, 0.0, -0.959139, 0.994643, 0.0, 1.0, 0.0, -0.021403, 0.0, 0.0, 0.0, 1.0], [0.95926, 0.0, 0.282525, -5e-06, 0.282525, 0.0, -0.95926, 0.996647, 0.0, 1.0, 0.0, -0.021403, 0.0, 0.0, 0.0, 1.0], [0.959383, 0.0, 0.282108, -5e-06, 0.282108, 0.0, -0.959383, 0.998642, 0.0, 1.0, 0.0, -0.021403, 0.0, 0.0, 0.0, 1.0], [0.959507, 0.0, 0.281683, -5e-06, 0.281683, 0.0, -0.959507, 1.000625, 0.0, 1.0, 0.0, -0.021403, 0.0, 0.0, 0.0, 1.0], [0.959634, 0.0, 0.281252, -5e-06, 0.281252, 0.0, -0.959634, 1.002599, 0.0, 1.0, 0.0, -0.021403, 0.0, 0.0, 0.0, 1.0], [0.959762, 0.0, 0.280813, -5e-06, 0.280813, 0.0, -0.959762, 1.004562, 0.0, 1.0, 0.0, -0.021403, 0.0, 0.0, 0.0, 1.0], [0.959893, 0.0, 0.280368, -5e-06, 0.280368, 0.0, -0.959893, 1.006514, 0.0, 1.0, 0.0, -0.021403, 0.0, 0.0, 0.0, 1.0], [0.960025, 0.0, 0.279916, -5e-06, 0.279916, 0.0, -0.960025, 1.008456, 0.0, 1.0, 0.0, -0.021403, 0.0, 0.0, 0.0, 1.0], [0.960158, 0.0, 0.279457, -5e-06, 0.279457, 0.0, -0.960158, 1.010388, 0.0, 1.0, 0.0, -0.021403, 0.0, 0.0, 0.0, 1.0], [0.960294, 0.0, 0.278991, -5e-06, 0.278991, 0.0, -0.960294, 1.012309, 0.0, 1.0, 0.0, -0.021403, 0.0, 0.0, 0.0, 1.0], [0.960431, 0.0, 0.278518, -5e-06, 0.278518, 0.0, -0.960431, 1.01422, 0.0, 1.0, 0.0, -0.021403, 0.0, 0.0, 0.0, 1.0], [0.96057, 0.0, 0.278039, -5e-06, 0.278039, 0.0, -0.96057, 1.016121, 0.0, 1.0, 0.0, -0.021403, 0.0, 0.0, 0.0, 1.0], [0.960711, 0.0, 0.277552, -5e-06, 0.277552, 0.0, -0.960711, 1.018012, 0.0, 1.0, 0.0, -0.021403, 0.0, 0.0, 0.0, 1.0], [0.960853, 0.0, 0.27706, -5e-06, 0.27706, 0.0, -0.960853, 1.019892, 0.0, 1.0, 0.0, -0.021403, 0.0, 0.0, 0.0, 1.0], [0.960997, 0.0, 0.27656, -5e-06, 0.27656, 0.0, -0.960997, 1.021762, 0.0, 1.0, 0.0, -0.021403, 0.0, 0.0, 0.0, 1.0], [0.961142, 0.0, 0.276054, -5e-06, 0.276054, 0.0, -0.961142, 1.023622, 0.0, 1.0, 0.0, -0.021403, 0.0, 0.0, 0.0, 1.0], [0.961289, 0.0, 0.275542, -5e-06, 0.275542, 0.0, -0.961289, 1.025472, 0.0, 1.0, 0.0, -0.021403, 0.0, 0.0, 0.0, 1.0], [0.961438, 0.0, 0.275023, -5e-06, 0.275023, 0.0, -0.961438, 1.027311, 0.0, 1.0, 0.0, -0.021403, 0.0, 0.0, 0.0, 1.0], [0.961588, 0.0, 0.274497, -5e-06, 0.274497, 0.0, -0.961588, 1.029141, 0.0, 1.0, 0.0, -0.021403, 0.0, 0.0, 0.0, 1.0], [0.96174, 0.0, 0.273965, -5e-06, 0.273965, 0.0, -0.96174, 1.030961, 0.0, 1.0, 0.0, -0.021403, 0.0, 0.0, 0.0, 1.0], [0.961893, 0.0, 0.273427, -5e-06, 0.273427, 0.0, -0.961893, 1.03277, 0.0, 1.0, 0.0, -0.021403, 0.0, 0.0, 0.0, 1.0], [0.962047, 0.0, 0.272882, -5e-06, 0.272882, 0.0, -0.962047, 1.03457, 0.0, 1.0, 0.0, -0.021403, 0.0, 0.0, 0.0, 1.0], [0.962204, 0.0, 0.272331, -5e-06, 0.272331, 0.0, -0.962204, 1.03636, 0.0, 1.0, 0.0, -0.021403, 0.0, 0.0, 0.0, 1.0], [0.962361, 0.0, 0.271774, -5e-06, 0.271774, 0.0, -0.962361, 1.038139, 0.0, 1.0, 0.0, -0.021403, 0.0, 0.0, 0.0, 1.0], [0.96252, 0.0, 0.271211, -5e-06, 0.271211, 0.0, -0.96252, 1.039909, 0.0, 1.0, 0.0, -0.021403, 0.0, 0.0, 0.0, 1.0], [0.96268, 0.0, 0.270641, -5e-06, 0.270641, 0.0, -0.96268, 1.041669, 0.0, 1.0, 0.0, -0.021403, 0.0, 0.0, 0.0, 1.0], [0.962842, 0.0, 0.270065, -5e-06, 0.270065, 0.0, -0.962842, 1.043419, 0.0, 1.0, 0.0, -0.021403, 0.0, 0.0, 0.0, 1.0], [0.963005, 0.0, 0.269484, -5e-06, 0.269484, 0.0, -0.963005, 1.045159, 0.0, 1.0, 0.0, -0.021403, 0.0, 0.0, 0.0, 1.0], [0.963169, 0.0, 0.268896, -5e-06, 0.268896, 0.0, -0.963169, 1.046889, 0.0, 1.0, 0.0, -0.021403, 0.0, 0.0, 0.0, 1.0], [0.963335, 0.0, 0.268302, -5e-06, 0.268302, 0.0, -0.963335, 1.04861, 0.0, 1.0, 0.0, -0.021403, 0.0, 0.0, 0.0, 1.0], [0.963502, 0.0, 0.267702, -5e-06, 0.267702, 0.0, -0.963502, 1.050321, 0.0, 1.0, 0.0, -0.021403, 0.0, 0.0, 0.0, 1.0], [0.96367, 0.0, 0.267096, -5e-06, 0.267096, 0.0, -0.96367, 1.052022, 0.0, 1.0, 0.0, -0.021403, 0.0, 0.0, 0.0, 1.0], [0.963839, 0.0, 0.266484, -5e-06, 0.266484, 0.0, -0.963839, 1.053713, 0.0, 1.0, 0.0, -0.021403, 0.0, 0.0, 0.0, 1.0], [0.96401, 0.0, 0.265867, -5e-06, 0.265867, 0.0, -0.96401, 1.055395, 0.0, 1.0, 0.0, -0.021403, 0.0, 0.0, 0.0, 1.0], [0.964182, 0.0, 0.265243, -5e-06, 0.265243, 0.0, -0.964182, 1.057067, 0.0, 1.0, 0.0, -0.021403, 0.0, 0.0, 0.0, 1.0], [0.964354, 0.0, 0.264614, -5e-06, 0.264614, 0.0, -0.964354, 1.05873, 0.0, 1.0, 0.0, -0.021403, 0.0, 0.0, 0.0, 1.0], [0.964528, 0.0, 0.263979, -5e-06, 0.263979, 0.0, -0.964528, 1.060383, 0.0, 1.0, 0.0, -0.021403, 0.0, 0.0, 0.0, 1.0], [0.964704, 0.0, 0.263338, -5e-06, 0.263338, 0.0, -0.964704, 1.062026, 0.0, 1.0, 0.0, -0.021403, 0.0, 0.0, 0.0, 1.0], [0.96488, 0.0, 0.262692, -5e-06, 0.262692, 0.0, -0.96488, 1.06366, 0.0, 1.0, 0.0, -0.021403, 0.0, 0.0, 0.0, 1.0], [0.965057, 0.0, 0.26204, -5e-06, 0.26204, 0.0, -0.965057, 1.065284, 0.0, 1.0, 0.0, -0.021403, 0.0, 0.0, 0.0, 1.0], [0.965235, 0.0, 0.261382, -5e-06, 0.261382, 0.0, -0.965235, 1.066899, 0.0, 1.0, 0.0, -0.021403, 0.0, 0.0, 0.0, 1.0], [0.965415, 0.0, 0.260719, -5e-06, 0.260719, 0.0, -0.965415, 1.068504, 0.0, 1.0, 0.0, -0.021403, 0.0, 0.0, 0.0, 1.0], [0.965595, 0.0, 0.26005, -5e-06, 0.26005, 0.0, -0.965595, 1.0701, 0.0, 1.0, 0.0, -0.021403, 0.0, 0.0, 0.0, 1.0], [0.965776, 0.0, 0.259376, -5e-06, 0.259376, 0.0, -0.965776, 1.071687, 0.0, 1.0, 0.0, -0.021403, 0.0, 0.0, 0.0, 1.0], [0.965959, 0.0, 0.258697, -5e-06, 0.258697, 0.0, -0.965959, 1.073264, 0.0, 1.0, 0.0, -0.021403, 0.0, 0.0, 0.0, 1.0], [0.966142, 0.0, 0.258012, -5e-06, 0.258012, 0.0, -0.966142, 1.074832, 0.0, 1.0, 0.0, -0.021403, 0.0, 0.0, 0.0, 1.0], [0.966326, 0.0, 0.257321, -5e-06, 0.257321, 0.0, -0.966326, 1.076391, 0.0, 1.0, 0.0, -0.021403, 0.0, 0.0, 0.0, 1.0], [0.966511, 0.0, 0.256626, -5e-06, 0.256626, 0.0, -0.966511, 1.07794, 0.0, 1.0, 0.0, -0.021403, 0.0, 0.0, 0.0, 1.0], [0.966697, 0.0, 0.255925, -5e-06, 0.255925, 0.0, -0.966697, 1.07948, 0.0, 1.0, 0.0, -0.021403, 0.0, 0.0, 0.0, 1.0], [0.966883, 0.0, 0.255219, -5e-06, 0.255219, 0.0, -0.966883, 1.081011, 0.0, 1.0, 0.0, -0.021403, 0.0, 0.0, 0.0, 1.0], [0.967071, 0.0, 0.254507, -5e-06, 0.254507, 0.0, -0.967071, 1.082533, 0.0, 1.0, 0.0, -0.021403, 0.0, 0.0, 0.0, 1.0], [0.967259, 0.0, 0.253791, -5e-06, 0.253791, 0.0, -0.967259, 1.084045, 0.0, 1.0, 0.0, -0.021403, 0.0, 0.0, 0.0, 1.0], [0.967448, 0.0, 0.253069, -5e-06, 0.253069, 0.0, -0.967448, 1.085549, 0.0, 1.0, 0.0, -0.021403, 0.0, 0.0, 0.0, 1.0], [0.967638, 0.0, 0.252343, -5e-06, 0.252343, 0.0, -0.967638, 1.087043, 0.0, 1.0, 0.0, -0.021403, 0.0, 0.0, 0.0, 1.0], [0.967828, 0.0, 0.251611, -5e-06, 0.251611, 0.0, -0.967828, 1.088528, 0.0, 1.0, 0.0, -0.021403, 0.0, 0.0, 0.0, 1.0], [0.96802, 0.0, 0.250875, -5e-06, 0.250875, 0.0, -0.96802, 1.090004, 0.0, 1.0, 0.0, -0.021403, 0.0, 0.0, 0.0, 1.0], [0.968211, 0.0, 0.250133, -5e-06, 0.250133, 0.0, -0.968211, 1.091471, 0.0, 1.0, 0.0, -0.021403, 0.0, 0.0, 0.0, 1.0], [0.968404, 0.0, 0.249386, -5e-06, 0.249386, 0.0, -0.968404, 1.09293, 0.0, 1.0, 0.0, -0.021403, 0.0, 0.0, 0.0, 1.0], [0.968597, 0.0, 0.248635, -5e-06, 0.248635, 0.0, -0.968597, 1.094379, 0.0, 1.0, 0.0, -0.021403, 0.0, 0.0, 0.0, 1.0], [0.968791, 0.0, 0.247879, -5e-06, 0.247879, 0.0, -0.968791, 1.095819, 0.0, 1.0, 0.0, -0.021403, 0.0, 0.0, 0.0, 1.0], [0.968985, 0.0, 0.247118, -5e-06, 0.247118, 0.0, -0.968985, 1.09725, 0.0, 1.0, 0.0, -0.021403, 0.0, 0.0, 0.0, 1.0], [0.96918, 0.0, 0.246352, -5e-06, 0.246352, 0.0, -0.96918, 1.098673, 0.0, 1.0, 0.0, -0.021403, 0.0, 0.0, 0.0, 1.0], [0.969376, 0.0, 0.245582, -5e-06, 0.245582, 0.0, -0.969376, 1.100086, 0.0, 1.0, 0.0, -0.021403, 0.0, 0.0, 0.0, 1.0], [0.969572, 0.0, 0.244807, -5e-06, 0.244807, 0.0, -0.969572, 1.101491, 0.0, 1.0, 0.0, -0.021403, 0.0, 0.0, 0.0, 1.0], [0.969768, 0.0, 0.244027, -5e-06, 0.244027, 0.0, -0.969768, 1.102887, 0.0, 1.0, 0.0, -0.021403, 0.0, 0.0, 0.0, 1.0], [0.969965, 0.0, 0.243243, -5e-06, 0.243243, 0.0, -0.969965, 1.104274, 0.0, 1.0, 0.0, -0.021403, 0.0, 0.0, 0.0, 1.0], [0.970163, 0.0, 0.242454, -5e-06, 0.242454, 0.0, -0.970163, 1.105652, 0.0, 1.0, 0.0, -0.021403, 0.0, 0.0, 0.0, 1.0], [0.970361, 0.0, 0.241661, -5e-06, 0.241661, 0.0, -0.970361, 1.107022, 0.0, 1.0, 0.0, -0.021403, 0.0, 0.0, 0.0, 1.0], [0.970559, 0.0, 0.240863, -5e-06, 0.240863, 0.0, -0.970559, 1.108383, 0.0, 1.0, 0.0, -0.021403, 0.0, 0.0, 0.0, 1.0], [0.970758, 0.0, 0.240061, -5e-06, 0.240061, 0.0, -0.970758, 1.109735, 0.0, 1.0, 0.0, -0.021403, 0.0, 0.0, 0.0, 1.0], [0.970957, 0.0, 0.239254, -5e-06, 0.239254, 0.0, -0.970957, 1.111078, 0.0, 1.0, 0.0, -0.021403, 0.0, 0.0, 0.0, 1.0], [0.971157, 0.0, 0.238443, -5e-06, 0.238443, 0.0, -0.971157, 1.112413, 0.0, 1.0, 0.0, -0.021403, 0.0, 0.0, 0.0, 1.0], [0.971356, 0.0, 0.237628, -5e-06, 0.237628, 0.0, -0.971356, 1.11374, 0.0, 1.0, 0.0, -0.021403, 0.0, 0.0, 0.0, 1.0], [0.971556, 0.0, 0.236808, -5e-06, 0.236808, 0.0, -0.971556, 1.115058, 0.0, 1.0, 0.0, -0.021403, 0.0, 0.0, 0.0, 1.0], [0.971757, 0.0, 0.235985, -5e-06, 0.235985, 0.0, -0.971757, 1.116367, 0.0, 1.0, 0.0, -0.021403, 0.0, 0.0, 0.0, 1.0], [0.971958, 0.0, 0.235157, -5e-06, 0.235157, 0.0, -0.971958, 1.117668, 0.0, 1.0, 0.0, -0.021403, 0.0, 0.0, 0.0, 1.0], [0.972158, 0.0, 0.234325, -5e-06, 0.234325, 0.0, -0.972158, 1.11896, 0.0, 1.0, 0.0, -0.021403, 0.0, 0.0, 0.0, 1.0], [0.97236, 0.0, 0.233489, -5e-06, 0.233489, 0.0, -0.97236, 1.120244, 0.0, 1.0, 0.0, -0.021403, 0.0, 0.0, 0.0, 1.0], [0.972561, 0.0, 0.232648, -5e-06, 0.232648, 0.0, -0.972561, 1.12152, 0.0, 1.0, 0.0, -0.021403, 0.0, 0.0, 0.0, 1.0], [0.972762, 0.0, 0.231804, -5e-06, 0.231804, 0.0, -0.972762, 1.122787, 0.0, 1.0, 0.0, -0.021403, 0.0, 0.0, 0.0, 1.0], [0.972964, 0.0, 0.230956, -5e-06, 0.230956, 0.0, -0.972964, 1.124045, 0.0, 1.0, 0.0, -0.021403, 0.0, 0.0, 0.0, 1.0], [0.973166, 0.0, 0.230104, -5e-06, 0.230104, 0.0, -0.973166, 1.125296, 0.0, 1.0, 0.0, -0.021403, 0.0, 0.0, 0.0, 1.0], [0.973368, 0.0, 0.229248, -5e-06, 0.229248, 0.0, -0.973368, 1.126538, 0.0, 1.0, 0.0, -0.021403, 0.0, 0.0, 0.0, 1.0], [0.97357, 0.0, 0.228389, -5e-06, 0.228389, 0.0, -0.97357, 1.127772, 0.0, 1.0, 0.0, -0.021403, 0.0, 0.0, 0.0, 1.0], [0.973772, 0.0, 0.227525, -5e-06, 0.227525, 0.0, -0.973772, 1.128997, 0.0, 1.0, 0.0, -0.021403, 0.0, 0.0, 0.0, 1.0], [0.973974, 0.0, 0.226658, -5e-06, 0.226658, 0.0, -0.973974, 1.130215, 0.0, 1.0, 0.0, -0.021403, 0.0, 0.0, 0.0, 1.0], [0.974177, 0.0, 0.225787, -5e-06, 0.225787, 0.0, -0.974177, 1.131424, 0.0, 1.0, 0.0, -0.021403, 0.0, 0.0, 0.0, 1.0], [0.974379, 0.0, 0.224912, -5e-06, 0.224912, 0.0, -0.974379, 1.132625, 0.0, 1.0, 0.0, -0.021403, 0.0, 0.0, 0.0, 1.0], [0.974581, 0.0, 0.224034, -5e-06, 0.224034, 0.0, -0.974581, 1.133817, 0.0, 1.0, 0.0, -0.021403, 0.0, 0.0, 0.0, 1.0], [0.974784, 0.0, 0.223152, -5e-06, 0.223152, 0.0, -0.974784, 1.135002, 0.0, 1.0, 0.0, -0.021403, 0.0, 0.0, 0.0, 1.0], [0.974986, 0.0, 0.222266, -5e-06, 0.222266, 0.0, -0.974986, 1.136179, 0.0, 1.0, 0.0, -0.021403, 0.0, 0.0, 0.0, 1.0], [0.975188, 0.0, 0.221377, -5e-06, 0.221377, 0.0, -0.975188, 1.137347, 0.0, 1.0, 0.0, -0.021403, 0.0, 0.0, 0.0, 1.0], [0.97539, 0.0, 0.220485, -5e-06, 0.220485, 0.0, -0.97539, 1.138508, 0.0, 1.0, 0.0, -0.021403, 0.0, 0.0, 0.0, 1.0], [0.975592, 0.0, 0.219589, -5e-06, 0.219589, 0.0, -0.975592, 1.13966, 0.0, 1.0, 0.0, -0.021403, 0.0, 0.0, 0.0, 1.0], [0.975794, 0.0, 0.21869, -5e-06, 0.21869, 0.0, -0.975794, 1.140805, 0.0, 1.0, 0.0, -0.021403, 0.0, 0.0, 0.0, 1.0], [0.975996, 0.0, 0.217788, -5e-06, 0.217788, 0.0, -0.975996, 1.141941, 0.0, 1.0, 0.0, -0.021403, 0.0, 0.0, 0.0, 1.0], [0.976198, 0.0, 0.216882, -5e-06, 0.216882, 0.0, -0.976198, 1.14307, 0.0, 1.0, 0.0, -0.021403, 0.0, 0.0, 0.0, 1.0], [0.976399, 0.0, 0.215973, -5e-06, 0.215973, 0.0, -0.976399, 1.144191, 0.0, 1.0, 0.0, -0.021403, 0.0, 0.0, 0.0, 1.0], [0.976601, 0.0, 0.21506, -5e-06, 0.21506, 0.0, -0.976601, 1.145304, 0.0, 1.0, 0.0, -0.021403, 0.0, 0.0, 0.0, 1.0], [0.976802, 0.0, 0.214145, -5e-06, 0.214145, 0.0, -0.976802, 1.146409, 0.0, 1.0, 0.0, -0.021403, 0.0, 0.0, 0.0, 1.0], [0.977003, 0.0, 0.213226, -5e-06, 0.213226, 0.0, -0.977003, 1.147506, 0.0, 1.0, 0.0, -0.021403, 0.0, 0.0, 0.0, 1.0], [0.977203, 0.0, 0.212305, -5e-06, 0.212305, 0.0, -0.977203, 1.148596, 0.0, 1.0, 0.0, -0.021403, 0.0, 0.0, 0.0, 1.0], [0.977404, 0.0, 0.21138, -5e-06, 0.21138, 0.0, -0.977404, 1.149677, 0.0, 1.0, 0.0, -0.021403, 0.0, 0.0, 0.0, 1.0], [0.977604, 0.0, 0.210452, -5e-06, 0.210452, 0.0, -0.977604, 1.150752, 0.0, 1.0, 0.0, -0.021403, 0.0, 0.0, 0.0, 1.0], [0.977804, 0.0, 0.209522, -5e-06, 0.209522, 0.0, -0.977804, 1.151818, 0.0, 1.0, 0.0, -0.021403, 0.0, 0.0, 0.0, 1.0], [0.978004, 0.0, 0.208588, -5e-06, 0.208588, 0.0, -0.978004, 1.152876, 0.0, 1.0, 0.0, -0.021403, 0.0, 0.0, 0.0, 1.0], [0.978203, 0.0, 0.207652, -5e-06, 0.207652, 0.0, -0.978203, 1.153927, 0.0, 1.0, 0.0, -0.021403, 0.0, 0.0, 0.0, 1.0], [0.978402, 0.0, 0.206713, -5e-06, 0.206713, 0.0, -0.978402, 1.154971, 0.0, 1.0, 0.0, -0.021403, 0.0, 0.0, 0.0, 1.0], [0.9786, 0.0, 0.205771, -5e-06, 0.205771, 0.0, -0.9786, 1.156007, 0.0, 1.0, 0.0, -0.021403, 0.0, 0.0, 0.0, 1.0], [0.978798, 0.0, 0.204826, -5e-06, 0.204826, 0.0, -0.978798, 1.157035, 0.0, 1.0, 0.0, -0.021403, 0.0, 0.0, 0.0, 1.0], [0.978996, 0.0, 0.203879, -5e-06, 0.203879, 0.0, -0.978996, 1.158056, 0.0, 1.0, 0.0, -0.021403, 0.0, 0.0, 0.0, 1.0], [0.979194, 0.0, 0.202929, -5e-06, 0.202929, 0.0, -0.979194, 1.159069, 0.0, 1.0, 0.0, -0.021403, 0.0, 0.0, 0.0, 1.0], [0.979391, 0.0, 0.201976, -5e-06, 0.201976, 0.0, -0.979391, 1.160074, 0.0, 1.0, 0.0, -0.021403, 0.0, 0.0, 0.0, 1.0], [0.979587, 0.0, 0.201021, -5e-06, 0.201021, 0.0, -0.979587, 1.161073, 0.0, 1.0, 0.0, -0.021403, 0.0, 0.0, 0.0, 1.0], [0.979783, 0.0, 0.200063, -5e-06, 0.200063, 0.0, -0.979783, 1.162063, 0.0, 1.0, 0.0, -0.021403, 0.0, 0.0, 0.0, 1.0], [0.979979, 0.0, 0.199103, -5e-06, 0.199103, 0.0, -0.979979, 1.163047, 0.0, 1.0, 0.0, -0.021403, 0.0, 0.0, 0.0, 1.0], [0.980174, 0.0, 0.19814, -5e-06, 0.19814, 0.0, -0.980174, 1.164023, 0.0, 1.0, 0.0, -0.021403, 0.0, 0.0, 0.0, 1.0], [0.980368, 0.0, 0.197175, -5e-06, 0.197175, 0.0, -0.980368, 1.164992, 0.0, 1.0, 0.0, -0.021403, 0.0, 0.0, 0.0, 1.0], [0.980562, 0.0, 0.196208, -5e-06, 0.196208, 0.0, -0.980562, 1.165953, 0.0, 1.0, 0.0, -0.021403, 0.0, 0.0, 0.0, 1.0], [0.980756, 0.0, 0.195238, -5e-06, 0.195238, 0.0, -0.980756, 1.166907, 0.0, 1.0, 0.0, -0.021403, 0.0, 0.0, 0.0, 1.0], [0.980949, 0.0, 0.194266, -5e-06, 0.194266, 0.0, -0.980949, 1.167854, 0.0, 1.0, 0.0, -0.021403, 0.0, 0.0, 0.0, 1.0], [0.981141, 0.0, 0.193292, -5e-06, 0.193292, 0.0, -0.981141, 1.168794, 0.0, 1.0, 0.0, -0.021403, 0.0, 0.0, 0.0, 1.0], [0.981333, 0.0, 0.192316, -5e-06, 0.192316, 0.0, -0.981333, 1.169726, 0.0, 1.0, 0.0, -0.021403, 0.0, 0.0, 0.0, 1.0], [0.981524, 0.0, 0.191338, -5e-06, 0.191338, 0.0, -0.981524, 1.170652, 0.0, 1.0, 0.0, -0.021403, 0.0, 0.0, 0.0, 1.0], [0.981715, 0.0, 0.190357, -5e-06, 0.190357, 0.0, -0.981715, 1.17157, 0.0, 1.0, 0.0, -0.021403, 0.0, 0.0, 0.0, 1.0], [0.981905, 0.0, 0.189375, -5e-06, 0.189375, 0.0, -0.981905, 1.172481, 0.0, 1.0, 0.0, -0.021403, 0.0, 0.0, 0.0, 1.0], [0.982094, 0.0, 0.18839, -5e-06, 0.18839, 0.0, -0.982094, 1.173385, 0.0, 1.0, 0.0, -0.021403, 0.0, 0.0, 0.0, 1.0], [0.982283, 0.0, 0.187404, -5e-06, 0.187404, 0.0, -0.982283, 1.174282, 0.0, 1.0, 0.0, -0.021403, 0.0, 0.0, 0.0, 1.0], [0.982471, 0.0, 0.186415, -5e-06, 0.186415, 0.0, -0.982471, 1.175171, 0.0, 1.0, 0.0, -0.021403, 0.0, 0.0, 0.0, 1.0], [0.982658, 0.0, 0.185425, -5e-06, 0.185425, 0.0, -0.982658, 1.176054, 0.0, 1.0, 0.0, -0.021403, 0.0, 0.0, 0.0, 1.0], [0.982845, 0.0, 0.184433, -5e-06, 0.184433, 0.0, -0.982845, 1.17693, 0.0, 1.0, 0.0, -0.021403, 0.0, 0.0, 0.0, 1.0], [0.983031, 0.0, 0.183439, -5e-06, 0.183439, 0.0, -0.983031, 1.177799, 0.0, 1.0, 0.0, -0.021403, 0.0, 0.0, 0.0, 1.0], [0.983216, 0.0, 0.182444, -5e-06, 0.182444, 0.0, -0.983216, 1.178661, 0.0, 1.0, 0.0, -0.021403, 0.0, 0.0, 0.0, 1.0], [0.983401, 0.0, 0.181447, -5e-06, 0.181447, 0.0, -0.983401, 1.179516, 0.0, 1.0, 0.0, -0.021403, 0.0, 0.0, 0.0, 1.0], [0.983584, 0.0, 0.180448, -5e-06, 0.180448, 0.0, -0.983584, 1.180364, 0.0, 1.0, 0.0, -0.021403, 0.0, 0.0, 0.0, 1.0], [0.983768, 0.0, 0.179448, -5e-06, 0.179448, 0.0, -0.983768, 1.181206, 0.0, 1.0, 0.0, -0.021403, 0.0, 0.0, 0.0, 1.0], [0.98395, 0.0, 0.178446, -5e-06, 0.178446, 0.0, -0.98395, 1.18204, 0.0, 1.0, 0.0, -0.021403, 0.0, 0.0, 0.0, 1.0], [0.984131, 0.0, 0.177442, -5e-06, 0.177442, 0.0, -0.984131, 1.182868, 0.0, 1.0, 0.0, -0.021403, 0.0, 0.0, 0.0, 1.0], [0.984312, 0.0, 0.176437, -5e-06, 0.176437, 0.0, -0.984312, 1.183689, 0.0, 1.0, 0.0, -0.021403, 0.0, 0.0, 0.0, 1.0], [0.984492, 0.0, 0.175431, -5e-06, 0.175431, 0.0, -0.984492, 1.184503, 0.0, 1.0, 0.0, -0.021403, 0.0, 0.0, 0.0, 1.0], [0.984671, 0.0, 0.174423, -5e-06, 0.174423, 0.0, -0.984671, 1.185311, 0.0, 1.0, 0.0, -0.021403, 0.0, 0.0, 0.0, 1.0], [0.984849, 0.0, 0.173414, -5e-06, 0.173414, 0.0, -0.984849, 1.186112, 0.0, 1.0, 0.0, -0.021403, 0.0, 0.0, 0.0, 1.0], [0.985026, 0.0, 0.172404, -5e-06, 0.172404, 0.0, -0.985026, 1.186906, 0.0, 1.0, 0.0, -0.021403, 0.0, 0.0, 0.0, 1.0], [0.985203, 0.0, 0.171393, -5e-06, 0.171393, 0.0, -0.985203, 1.187694, 0.0, 1.0, 0.0, -0.021403, 0.0, 0.0, 0.0, 1.0], [0.985378, 0.0, 0.17038, -5e-06, 0.17038, 0.0, -0.985378, 1.188475, 0.0, 1.0, 0.0, -0.021403, 0.0, 0.0, 0.0, 1.0], [0.985553, 0.0, 0.169366, -5e-06, 0.169366, 0.0, -0.985553, 1.18925, 0.0, 1.0, 0.0, -0.021403, 0.0, 0.0, 0.0, 1.0], [0.985727, 0.0, 0.168351, -5e-06, 0.168351, 0.0, -0.985727, 1.190017, 0.0, 1.0, 0.0, -0.021403, 0.0, 0.0, 0.0, 1.0], [0.9859, 0.0, 0.167335, -5e-06, 0.167335, 0.0, -0.9859, 1.190779, 0.0, 1.0, 0.0, -0.021403, 0.0, 0.0, 0.0, 1.0], [0.986072, 0.0, 0.166318, -5e-06, 0.166318, 0.0, -0.986072, 1.191534, 0.0, 1.0, 0.0, -0.021403, 0.0, 0.0, 0.0, 1.0], [0.986243, 0.0, 0.1653, -5e-06, 0.1653, 0.0, -0.986243, 1.192282, 0.0, 1.0, 0.0, -0.021403, 0.0, 0.0, 0.0, 1.0], [0.986413, 0.0, 0.164282, -5e-06, 0.164282, 0.0, -0.986413, 1.193024, 0.0, 1.0, 0.0, -0.021403, 0.0, 0.0, 0.0, 1.0], [0.986583, 0.0, 0.163262, -5e-06, 0.163262, 0.0, -0.986583, 1.19376, 0.0, 1.0, 0.0, -0.021403, 0.0, 0.0, 0.0, 1.0], [0.986751, 0.0, 0.162241, -5e-06, 0.162241, 0.0, -0.986751, 1.194489, 0.0, 1.0, 0.0, -0.021403, 0.0, 0.0, 0.0, 1.0], [0.986918, 0.0, 0.16122, -5e-06, 0.16122, 0.0, -0.986918, 1.195212, 0.0, 1.0, 0.0, -0.021403, 0.0, 0.0, 0.0, 1.0], [0.987085, 0.0, 0.160198, -5e-06, 0.160198, 0.0, -0.987085, 1.195929, 0.0, 1.0, 0.0, -0.021403, 0.0, 0.0, 0.0, 1.0], [0.98725, 0.0, 0.159175, -5e-06, 0.159175, 0.0, -0.98725, 1.19664, 0.0, 1.0, 0.0, -0.021403, 0.0, 0.0, 0.0, 1.0], [0.987415, 0.0, 0.158152, -5e-06, 0.158152, 0.0, -0.987415, 1.197344, 0.0, 1.0, 0.0, -0.021403, 0.0, 0.0, 0.0, 1.0], [0.987578, 0.0, 0.157128, -5e-06, 0.157128, 0.0, -0.987578, 1.198042, 0.0, 1.0, 0.0, -0.021403, 0.0, 0.0, 0.0, 1.0], [0.987741, 0.0, 0.156104, -5e-06, 0.156104, 0.0, -0.987741, 1.198733, 0.0, 1.0, 0.0, -0.021403, 0.0, 0.0, 0.0, 1.0], [0.987902, 0.0, 0.155079, -5e-06, 0.155079, 0.0, -0.987902, 1.199419, 0.0, 1.0, 0.0, -0.021403, 0.0, 0.0, 0.0, 1.0], [0.988063, 0.0, 0.154053, -5e-06, 0.154053, 0.0, -0.988063, 1.200098, 0.0, 1.0, 0.0, -0.021403, 0.0, 0.0, 0.0, 1.0], [0.988222, 0.0, 0.153027, -5e-06, 0.153027, 0.0, -0.988222, 1.200771, 0.0, 1.0, 0.0, -0.021403, 0.0, 0.0, 0.0, 1.0], [0.98838, 0.0, 0.152001, -5e-06, 0.152001, 0.0, -0.98838, 1.201439, 0.0, 1.0, 0.0, -0.021403, 0.0, 0.0, 0.0, 1.0], [0.988538, 0.0, 0.150974, -5e-06, 0.150974, 0.0, -0.988538, 1.2021, 0.0, 1.0, 0.0, -0.021403, 0.0, 0.0, 0.0, 1.0], [0.988694, 0.0, 0.149948, -5e-06, 0.149948, 0.0, -0.988694, 1.202755, 0.0, 1.0, 0.0, -0.021403, 0.0, 0.0, 0.0, 1.0], [0.988849, 0.0, 0.148921, -5e-06, 0.148921, 0.0, -0.988849, 1.203404, 0.0, 1.0, 0.0, -0.021403, 0.0, 0.0, 0.0, 1.0], [0.989003, 0.0, 0.147893, -5e-06, 0.147893, 0.0, -0.989003, 1.204047, 0.0, 1.0, 0.0, -0.021403, 0.0, 0.0, 0.0, 1.0], [0.989156, 0.0, 0.146866, -5e-06, 0.146866, 0.0, -0.989156, 1.204684, 0.0, 1.0, 0.0, -0.021403, 0.0, 0.0, 0.0, 1.0], [0.989308, 0.0, 0.145838, -5e-06, 0.145838, 0.0, -0.989308, 1.205315, 0.0, 1.0, 0.0, -0.021403, 0.0, 0.0, 0.0, 1.0], [0.989459, 0.0, 0.144811, -5e-06, 0.144811, 0.0, -0.989459, 1.20594, 0.0, 1.0, 0.0, -0.021403, 0.0, 0.0, 0.0, 1.0], [0.989609, 0.0, 0.143783, -5e-06, 0.143783, 0.0, -0.989609, 1.20656, 0.0, 1.0, 0.0, -0.021403, 0.0, 0.0, 0.0, 1.0], [0.989758, 0.0, 0.142756, -5e-06, 0.142756, 0.0, -0.989758, 1.207173, 0.0, 1.0, 0.0, -0.021403, 0.0, 0.0, 0.0, 1.0], [0.989906, 0.0, 0.141729, -5e-06, 0.141729, 0.0, -0.989906, 1.207781, 0.0, 1.0, 0.0, -0.021403, 0.0, 0.0, 0.0, 1.0], [0.990052, 0.0, 0.140701, -5e-06, 0.140701, 0.0, -0.990052, 1.208383, 0.0, 1.0, 0.0, -0.021403, 0.0, 0.0, 0.0, 1.0], [0.990197, 0.0, 0.139674, -5e-06, 0.139674, 0.0, -0.990197, 1.208979, 0.0, 1.0, 0.0, -0.021403, 0.0, 0.0, 0.0, 1.0], [0.990342, 0.0, 0.138648, -5e-06, 0.138648, 0.0, -0.990342, 1.20957, 0.0, 1.0, 0.0, -0.021403, 0.0, 0.0, 0.0, 1.0], [0.990485, 0.0, 0.137621, -5e-06, 0.137621, 0.0, -0.990485, 1.210154, 0.0, 1.0, 0.0, -0.021403, 0.0, 0.0, 0.0, 1.0], [0.990627, 0.0, 0.136595, -5e-06, 0.136595, 0.0, -0.990627, 1.210733, 0.0, 1.0, 0.0, -0.021403, 0.0, 0.0, 0.0, 1.0], [0.990768, 0.0, 0.135569, -5e-06, 0.135569, 0.0, -0.990768, 1.211307, 0.0, 1.0, 0.0, -0.021403, 0.0, 0.0, 0.0, 1.0], [0.990908, 0.0, 0.134543, -5e-06, 0.134543, 0.0, -0.990908, 1.211875, 0.0, 1.0, 0.0, -0.021403, 0.0, 0.0, 0.0, 1.0], [0.991046, 0.0, 0.133518, -5e-06, 0.133518, 0.0, -0.991046, 1.212437, 0.0, 1.0, 0.0, -0.021403, 0.0, 0.0, 0.0, 1.0], [0.991184, 0.0, 0.132494, -5e-06, 0.132494, 0.0, -0.991184, 1.212994, 0.0, 1.0, 0.0, -0.021403, 0.0, 0.0, 0.0, 1.0], [0.99132, 0.0, 0.13147, -5e-06, 0.13147, 0.0, -0.99132, 1.213545, 0.0, 1.0, 0.0, -0.021403, 0.0, 0.0, 0.0, 1.0], [0.991455, 0.0, 0.130447, -5e-06, 0.130447, 0.0, -0.991455, 1.21409, 0.0, 1.0, 0.0, -0.021403, 0.0, 0.0, 0.0, 1.0], [0.991589, 0.0, 0.129424, -5e-06, 0.129424, 0.0, -0.991589, 1.214631, 0.0, 1.0, 0.0, -0.021403, 0.0, 0.0, 0.0, 1.0], [0.991722, 0.0, 0.128402, -5e-06, 0.128402, 0.0, -0.991722, 1.215165, 0.0, 1.0, 0.0, -0.021403, 0.0, 0.0, 0.0, 1.0], [0.991854, 0.0, 0.127381, -5e-06, 0.127381, 0.0, -0.991854, 1.215695, 0.0, 1.0, 0.0, -0.021403, 0.0, 0.0, 0.0, 1.0], [0.991984, 0.0, 0.12636, -5e-06, 0.12636, 0.0, -0.991984, 1.216218, 0.0, 1.0, 0.0, -0.021403, 0.0, 0.0, 0.0, 1.0], [0.992114, 0.0, 0.125341, -5e-06, 0.125341, 0.0, -0.992114, 1.216737, 0.0, 1.0, 0.0, -0.021403, 0.0, 0.0, 0.0, 1.0], [0.992242, 0.0, 0.124322, -5e-06, 0.124322, 0.0, -0.992242, 1.21725, 0.0, 1.0, 0.0, -0.021403, 0.0, 0.0, 0.0, 1.0], [0.992369, 0.0, 0.123304, -5e-06, 0.123304, 0.0, -0.992369, 1.217758, 0.0, 1.0, 0.0, -0.021403, 0.0, 0.0, 0.0, 1.0], [0.992495, 0.0, 0.122287, -5e-06, 0.122287, 0.0, -0.992495, 1.21826, 0.0, 1.0, 0.0, -0.021403, 0.0, 0.0, 0.0, 1.0], [0.992619, 0.0, 0.121272, -5e-06, 0.121272, 0.0, -0.992619, 1.218758, 0.0, 1.0, 0.0, -0.021403, 0.0, 0.0, 0.0, 1.0], [0.992743, 0.0, 0.120257, -5e-06, 0.120257, 0.0, -0.992743, 1.21925, 0.0, 1.0, 0.0, -0.021403, 0.0, 0.0, 0.0, 1.0], [0.992865, 0.0, 0.119243, -5e-06, 0.119243, 0.0, -0.992865, 1.219736, 0.0, 1.0, 0.0, -0.021403, 0.0, 0.0, 0.0, 1.0], [0.992986, 0.0, 0.118231, -5e-06, 0.118231, 0.0, -0.992986, 1.220218, 0.0, 1.0, 0.0, -0.021403, 0.0, 0.0, 0.0, 1.0], [0.993106, 0.0, 0.117219, -5e-06, 0.117219, 0.0, -0.993106, 1.220694, 0.0, 1.0, 0.0, -0.021403, 0.0, 0.0, 0.0, 1.0], [0.993225, 0.0, 0.116209, -5e-06, 0.116209, 0.0, -0.993225, 1.221166, 0.0, 1.0, 0.0, -0.021403, 0.0, 0.0, 0.0, 1.0], [0.993342, 0.0, 0.115201, -5e-06, 0.115201, 0.0, -0.993342, 1.221632, 0.0, 1.0, 0.0, -0.021403, 0.0, 0.0, 0.0, 1.0], [0.993459, 0.0, 0.114193, -5e-06, 0.114193, 0.0, -0.993459, 1.222093, 0.0, 1.0, 0.0, -0.021403, 0.0, 0.0, 0.0, 1.0], [0.993574, 0.0, 0.113187, -5e-06, 0.113187, 0.0, -0.993574, 1.222549, 0.0, 1.0, 0.0, -0.021403, 0.0, 0.0, 0.0, 1.0], [0.993688, 0.0, 0.112183, -5e-06, 0.112183, 0.0, -0.993688, 1.223001, 0.0, 1.0, 0.0, -0.021403, 0.0, 0.0, 0.0, 1.0], [0.9938, 0.0, 0.11118, -5e-06, 0.11118, 0.0, -0.9938, 1.223447, 0.0, 1.0, 0.0, -0.021403, 0.0, 0.0, 0.0, 1.0], [0.993912, 0.0, 0.110178, -5e-06, 0.110178, 0.0, -0.993912, 1.223888, 0.0, 1.0, 0.0, -0.021403, 0.0, 0.0, 0.0, 1.0], [0.994022, 0.0, 0.109178, -5e-06, 0.109178, 0.0, -0.994022, 1.224324, 0.0, 1.0, 0.0, -0.021403, 0.0, 0.0, 0.0, 1.0], [0.994131, 0.0, 0.10818, -5e-06, 0.10818, 0.0, -0.994131, 1.224756, 0.0, 1.0, 0.0, -0.021403, 0.0, 0.0, 0.0, 1.0], [0.994239, 0.0, 0.107183, -5e-06, 0.107183, 0.0, -0.994239, 1.225182, 0.0, 1.0, 0.0, -0.021403, 0.0, 0.0, 0.0, 1.0], [0.994346, 0.0, 0.106188, -5e-06, 0.106188, 0.0, -0.994346, 1.225604, 0.0, 1.0, 0.0, -0.021403, 0.0, 0.0, 0.0, 1.0], [0.994452, 0.0, 0.105195, -5e-06, 0.105195, 0.0, -0.994452, 1.22602, 0.0, 1.0, 0.0, -0.021403, 0.0, 0.0, 0.0, 1.0], [0.994556, 0.0, 0.104203, -5e-06, 0.104203, 0.0, -0.994556, 1.226433, 0.0, 1.0, 0.0, -0.021403, 0.0, 0.0, 0.0, 1.0], [0.994659, 0.0, 0.103214, -5e-06, 0.103214, 0.0, -0.994659, 1.22684, 0.0, 1.0, 0.0, -0.021403, 0.0, 0.0, 0.0, 1.0], [0.994761, 0.0, 0.102226, -5e-06, 0.102226, 0.0, -0.994761, 1.227242, 0.0, 1.0, 0.0, -0.0