{

    "animation": [
        {
            "name": "Root",
            "time": [0.0, 0.1, 0.2, 0.2667, 0.3, 0.4, 0.6, 0.8, 1.0],
            "transform": [
                [0.688108, -0.089208, -0.720104, -5e-06, -0.633744, 0.409427, -0.656306, 0.000946, 0.353378, 0.907971, 0.225195, 0.773972, 0.0, 0.0, 0.0, 1.0],
                [0.874852, 0.0, -0.484391, -5e-06, -0.450145, 0.369322, -0.813001, 0.020946, 0.178896, 0.929302, 0.323102, 0.773972, 0.0, 0.0, 0.0, 1.0],
                [0.967151, 0.0, 0.254201, -5e-06, 0.236229, 0.369322, -0.898775, 0.040946, -0.093882, 0.929302, 0.35719, 0.773972, 0.0, 0.0, 0.0, 1.0],
                [0.84945, -0.0, 0.52767, -5e-06, 0.490364, 0.369322, -0.789395, 0.080946, -0.19488, 0.929302, 0.31372, 0.671024, 0.0, 0.0, 0.0, 1.0],
                [0.706151, -0.0, 0.708062, -5e-06, 0.658003, 0.369322, -0.656227, 0.080946, -0.261503, 0.929302, 0.260797, 0.454627, 0.0, 0.0, 0.0, 1.0],
                [0.70049, -0.022483, 0.713309, -5e-06, 0.676861, 0.33775, -0.654052, 0.080946, -0.226215, 0.940967, 0.251808, 0.413125, 0.0, 0.0, 0.0, 1.0],
                [0.702381, -0.072871, 0.708062, -5e-06, 0.692602, 0.299448, -0.656227, 0.080946, -0.164207, 0.951326, 0.260797, 0.447702, 0.0, 0.0, 0.0, 1.0],
                [0.702381, -0.072871, 0.708062, -5e-06, 0.692602, 0.299448, -0.656227, 0.080946, -0.164207, 0.951326, 0.260797, 0.487702, 0.0, 0.0, 0.0, 1.0],
                [0.845448, -0.028787, 0.533282, -5e-06, 0.52419, 0.235799, -0.818305, 0.060946, -0.102191, 0.971375, 0.214446, 0.496341, 0.0, 0.0, 0.0, 1.0]
            ]
        },
        {
            "name": "Thigh_R",
            "time": [0.0, 0.1, 0.2, 0.2667, 0.3, 0.4, 0.6, 0.8, 1.0],
            "transform": [
                [0.98262, 0.105882, 0.152465, 0.124994, -0.148937, -0.040512, 0.988017, -0.00283, 0.11079, -0.993554, -0.024038, -1.2e-05, 0.0, 0.0, 0.0, 1.0],
                [0.979703, 0.186992, 0.072226, 0.124994, -0.048463, -0.12867, 0.990503, -0.00283, 0.194509, -0.973899, -0.116996, -1.2e-05, 0.0, 0.0, 0.0, 1.0],
                [0.95027, 0.299819, 0.084244, 0.124994, 0.077646, -0.490054, 0.868227, -0.002831, 0.301595, -0.818508, -0.488963, -1.2e-05, 0.0, 0.0, 0.0, 1.0],
                [0.874559, 0.380598, 0.300486, 0.124994, 0.167365, -0.818493, 0.549598, -0.002831, 0.455122, -0.430365, -0.77952, -1.2e-05, 0.0, 0.0, 0.0, 1.0],
                [0.747744, 0.331537, 0.575294, 0.124994, 0.230133, -0.942121, 0.243818, -0.002831, 0.622831, -0.049919, -0.780763, -1.2e-05, 0.0, 0.0, 0.0, 1.0],
                [0.811173, 0.337828, 0.477355, 0.124994, 0.216891, -0.93184, 0.290907, -0.00283, 0.543097, -0.132442, -0.829156, -1.2e-05, 0.0, 0.0, 0.0, 1.0],
                [0.673205, 0.389755, 0.6284, 0.124994, 0.237222, -0.91873, 0.315692, -0.002831, 0.700372, -0.063455, -0.710953, -1.2e-05, 0.0, 0.0, 0.0, 1.0],
                [0.75506, 0.315298, 0.574869, 0.124994, 0.220672, -0.947838, 0.230019, -0.00283, 0.617407, -0.046821, -0.785251, -1.2e-05, 0.0, 0.0, 0.0, 1.0],
                [0.80566, 0.294061, 0.514238, 0.124272, 0.20338, -0.952632, 0.226116, 0.002347, 0.556372, -0.077586, -0.827304, -7.4e-05, 0.0, 0.0, 0.0, 1.0]
            ]
        },
        {
            "name": "Leg_R",
            "time": [0.0, 0.1, 0.2, 0.2667, 0.3, 0.4, 0.6, 0.8, 1.0],
            "transform": [
                [0.986905, -0.143259, -0.074126, -0.0, 0.05717, -0.119053, 0.99124, 0.37472, -0.15083, -0.982497, -0.109304, -0.0, 0.0, 0.0, 0.0, 1.0],
                [0.996442, -0.070575, -0.046065, -0.0, 0.043833, -0.032859, 0.998497, 0.37472, -0.071983, -0.996965, -0.029649, 0.0, 0.0, 0.0, 0.0, 1.0],
                [0.999701, 0.003929, -0.024109, -0.0, 0.023472, 0.11884, 0.992634, 0.37472, 0.006766, -0.992907, 0.118713, -0.0, 0.0, 0.0, 0.0, 1.0],
                [0.999182, -0.006414, -0.039942, -0.0, 0.038224, -0.173616, 0.984071, 0.37472, -0.013247, -0.984793, -0.173228, -0.0, 0.0, 0.0, 0.0, 1.0],
                [0.997447, -0.056978, -0.043039, -0.0, 0.057613, 0.286095, 0.956468, 0.37472, -0.042185, -0.956505, 0.288647, -0.0, 0.0, 0.0, 0.0, 1.0],
                [0.994598, -0.084911, -0.059715, 0.0, 0.065632, 0.06869, 0.995476, 0.37472, -0.080426, -0.994018, 0.073891, 0.0, 0.0, 0.0, 0.0, 1.0],
                [0.997979, -0.039894, -0.049456, -0.0, 0.055326, 0.162778, 0.985109, 0.37472, -0.03125, -0.985856, 0.164656, -0.0, 0.0, 0.0, 0.0, 1.0],
                [0.998222, -0.048578, -0.034536, -0.0, 0.049489, 0.352595, 0.934466, 0.37472, -0.033218, -0.934514, 0.354373, -0.0, 0.0, 0.0, 0.0, 1.0],
                [0.998578, -0.041773, -0.033136, -0.0, 0.04806, 0.436023, 0.898651, 0.37472, -0.023091, -0.898965, 0.437411, 0.0, 0.0, 0.0, 0.0, 1.0]
            ]
        },
        {
            "name": "Knee_R",
            "time": [0.0, 0.1, 0.2, 0.2667, 0.3, 0.4, 0.6, 0.8, 1.0],
            "transform": [
                [0.996064, -0.088507, -0.0049, -0.0, 0.062731, 0.742875, -0.666484, 0.37472, 0.062629, 0.663553, 0.745503, -0.0, 0.0, 0.0, 0.0, 1.0],
                [0.998951, -0.045073, -0.008093, -0.0, 0.02672, 0.717227, -0.696327, 0.37472, 0.03719, 0.69538, 0.71768, 0.0, 0.0, 0.0, 0.0, 1.0],
                [0.999915, -0.002609, -0.012806, -0.0, -0.007846, 0.66377, -0.747896, 0.37472, 0.010452, 0.747932, 0.663692, -0.0, 0.0, 0.0, 0.0, 1.0],
                [0.999751, -0.012517, -0.018482, -0.0, -0.002296, 0.765948, -0.642899, 0.37472, 0.022204, 0.642781, 0.765728, -0.0, 0.0, 0.0, 0.0, 1.0],
                [0.999291, -0.035633, -0.012095, -0.0, 0.011552, 0.596393, -0.80261, 0.37472, 0.035813, 0.801901, 0.596382, -0.0, 0.0, 0.0, 0.0, 1.0],
                [0.998439, -0.054268, -0.013161, 0.0, 0.027318, 0.680235, -0.732485, 0.37472, 0.048704, 0.730982, 0.680656, 0.0, 0.0, 0.0, 0.0, 1.0],
                [0.999427, -0.029028, -0.017422, -0.0, 0.005472, 0.646355, -0.763017, 0.37472, 0.03341, 0.762484, 0.646143, -0.0, 0.0, 0.0, 0.0, 1.0],
                [0.999512, -0.029684, -0.0097, -0.0, 0.008888, 0.568175, -0.82286, 0.37472, 0.029937, 0.822372, 0.568161, -0.0, 0.0, 0.0, 0.0, 1.0],
                [0.999615, -0.02565, -0.010578, -0.0, 0.00464, 0.530408, -0.84773, 0.37472, 0.027355, 0.847354, 0.530323, 0.0, 0.0, 0.0, 0.0, 1.0]
            ]
        },
        {
            "name": "Thigh_L",
            "time": [0.0, 0.1, 0.2, 0.2667, 0.3, 0.4, 0.6, 0.8, 1.0],
            "transform": [
                [0.997368, -0.008968, -0.071951, -0.125006, 0.004994, -0.981469, 0.191555, -0.002831, -0.072336, -0.19141, -0.978839, -1.2e-05, 0.0, 0.0, 0.0, 1.0],
                [0.998605, -0.000969, -0.052795, -0.125006, 0.020787, -0.911891, 0.409904, -0.00283, -0.048541, -0.41043, -0.910598, -1.2e-05, 0.0, 0.0, 0.0, 1.0],
                [0.99757, 0.068951, 0.009916, -0.125006, 0.03553, -0.626081, 0.778942, -0.002831, 0.059918, -0.776697, -0.62701, -1.2e-05, 0.0, 0.0, 0.0, 1.0],
                [0.966751, 0.171227, 0.189926, -0.125006, -0.075186, -0.519563, 0.851117, -0.002831, 0.244413, -0.837099, -0.489415, -1.2e-05, 0.0, 0.0, 0.0, 1.0],
                [0.88829, 0.436493, 0.142882, -0.125006, -0.138434, -0.042174, 0.989473, -0.002831, 0.437925, -0.898718, 0.022963, -1.2e-05, 0.0, 0.0, 0.0, 1.0],
                [0.839667, 0.532241, 0.108061, -0.125006, -0.187177, 0.096822, 0.977542, -0.00283, 0.509826, -0.841037, 0.180922, -1.2e-05, 0.0, 0.0, 0.0, 1.0],
                [0.838526, 0.531391, 0.120401, -0.125006, -0.162729, 0.033355, 0.986107, -0.002831, 0.519993, -0.846468, 0.114442, -1.2e-05, 0.0, 0.0, 0.0, 1.0],
                [0.845069, 0.515155, 0.143082, -0.125006, -0.112621, -0.090095, 0.989545, -0.002831, 0.522661, -0.852347, -0.01812, -1.2e-05, 0.0, 0.0, 0.0, 1.0],
                [0.910908, 0.370494, 0.181605, -0.127393, -0.061166, -0.314024, 0.947442, 0.002347, 0.408051, -0.874141, -0.263386, -0.001568, 0.0, 0.0, 0.0, 1.0]
            ]
        },
        {
            "name": "Leg_L",
            "time": [0.0, 0.1, 0.2, 0.2667, 0.3, 0.4, 0.6, 0.8, 1.0],
            "transform": [
                [0.999498, 4.8e-05, 0.03167, 0.0, -0.02554, 0.592499, 0.805165, 0.37472, -0.018726, -0.805571, 0.592203, 0.0, 0.0, 0.0, 0.0, 1.0],
                [0.997217, -0.037062, 0.064689, -0.0, -0.052564, 0.265794, 0.962596, 0.37472, -0.05287, -0.963317, 0.263107, 0.0, 0.0, 0.0, 0.0, 1.0],
                [0.993123, -0.083454, 0.082113, -0.0, -0.089938, -0.094792, 0.991428, 0.37472, -0.074955, -0.991992, -0.101646, 0.0, 0.0, 0.0, 0.0, 1.0],
                [0.994739, 0.102425, -0.002286, 0.0, -0.045457, 0.461254, 0.886104, 0.37472, 0.091813, -0.881337, 0.463483, 0.0, 0.0, 0.0, 0.0, 1.0],
                [0.983707, 0.17666, -0.033344, -0.0, -0.046554, 0.429458, 0.901887, 0.37472, 0.173647, -0.885639, 0.430686, -0.0, 0.0, 0.0, 0.0, 1.0],
                [0.986954, 0.157335, -0.034206, 0.0, -0.021676, 0.340347, 0.94005, 0.37472, 0.159544, -0.927044, 0.339317, 0.0, 0.0, 0.0, 0.0, 1.0],
                [0.991614, 0.122701, -0.040572, -0.0, -0.017695, 0.439895, 0.897873, 0.37472, 0.128017, -0.88963, 0.438375, 0.0, 0.0, 0.0, 0.0, 1.0],
                [0.992172, 0.113696, -0.051677, 0.0, -0.027689, 0.603742, 0.796699, 0.37472, 0.121781, -0.789032, 0.602163, 0.0, 0.0, 0.0, 0.0, 1.0],
                [0.994683, 0.097609, -0.032848, -0.0, -0.038462, 0.64795, 0.760711, 0.37472, 0.095536, -0.755405, 0.648257, -0.0, 0.0, 0.0, 0.0, 1.0]
            ]
        },
        {
            "name": "Knee_L",
            "time": [0.0, 0.1, 0.2, 0.2667, 0.3, 0.4, 0.6, 0.8, 1.0],
            "transform": [
                [0.999868, 0.003803, 0.015829, 0.0, 0.012409, 0.451385, -0.892243, 0.37472, -0.010538, 0.892322, 0.451278, 0.0, 0.0, 0.0, 0.0, 1.0],
                [0.999225, -0.007607, 0.038627, -0.0, 0.035334, 0.605972, -0.794701, 0.37472, -0.017362, 0.79545, 0.605771, 0.0, 0.0, 0.0, 0.0, 1.0],
                [0.997942, -0.023534, 0.05966, -0.0, 0.057516, 0.739944, -0.670205, 0.37472, -0.028372, 0.672257, 0.739774, 0.0, 0.0, 0.0, 0.0, 1.0],
                [0.998581, 0.050956, -0.015468, 0.0, -0.039608, 0.516563, -0.855333, 0.37472, -0.035594, 0.854732, 0.517848, 0.0, 0.0, 0.0, 0.0, 1.0],
                [0.99558, 0.08383, -0.042343, -0.0, -0.080404, 0.527789, -0.845561, 0.37472, -0.048535, 0.845229, 0.532196, -0.0, 0.0, 0.0, 0.0, 1.0],
                [0.996408, 0.073483, -0.042075, 0.0, -0.076576, 0.569894, -0.818142, 0.37472, -0.036141, 0.818426, 0.573475, 0.0, 0.0, 0.0, 0.0, 1.0],
                [0.99773, 0.055651, -0.037925, -0.0, -0.061597, 0.52646, -0.847966, 0.37472, -0.027225, 0.848376, 0.528693, 0.0, 0.0, 0.0, 0.0, 1.0],
                [0.997933, 0.050882, -0.039246, 0.0, -0.057752, 0.442347, -0.894983, 0.37472, -0.028178, 0.895399, 0.444371, 0.0, 0.0, 0.0, 0.0, 1.0],
                [0.998606, 0.045258, -0.027169, -0.0, -0.043605, 0.417179, -0.907778, 0.37472, -0.02975, 0.907697, 0.418571, -0.0, 0.0, 0.0, 0.0, 1.0]
            ]
        },
        {
            "name": "Torso",
            "time": [0.0, 0.1, 0.2, 0.2667, 0.3, 0.4, 0.6, 0.8, 1.0],
            "transform": [
                [0.986779, 0.158186, -0.03528, 0.0, -0.16114, 0.980889, -0.109045, 0.05, 0.017356, 0.113288, 0.993411, -0.0, 0.0, 0.0, 0.0, 1.0],
                [0.995445, -0.08141, -0.049617, 0.0, 0.08041, 0.996523, -0.021835, 0.05, 0.051222, 0.017746, 0.99853, 0.0, 0.0, 0.0, 0.0, 1.0],
                [0.991904, -0.114833, -0.054223, 0.0, 0.116459, 0.992806, 0.027834, 0.05, 0.050637, -0.033923, 0.998141, 0.0, 0.0, 0.0, 0.0, 1.0],
                [0.957696, 0.195705, -0.210994, -0.0, -0.070787, 0.870842, 0.48644, 0.05, 0.278941, -0.450926, 0.847855, -0.0, 0.0, 0.0, 0.0, 1.0],
                [0.873145, 0.310828, -0.375505, -0.0, -0.14448, 0.900733, 0.40964, 0.05, 0.465558, -0.303422, 0.831379, 0.0, 0.0, 0.0, 0.0, 1.0],
                [0.838901, 0.255101, -0.4808, 0.0, -0.067749, 0.925433, 0.372804, 0.05, 0.540051, -0.280172, 0.79363, 0.0, 0.0, 0.0, 0.0, 1.0],
                [0.798202, 0.243923, -0.550795, 0.0, -0.056641, 0.94069, 0.334507, 0.05, 0.599722, -0.235806, 0.764676, 0.0, 0.0, 0.0, 0.0, 1.0],
                [0.834993, 0.135258, -0.533378, 0.0, -0.003932, 0.970761, 0.240017, 0.05, 0.550246, -0.198316, 0.81111, 0.0, 0.0, 0.0, 0.0, 1.0],
                [0.892484, 0.093997, -0.441176, -0.0, -0.012794, 0.982929, 0.183542, 0.05, 0.450897, -0.158164, 0.878451, 0.0, 0.0, 0.0, 0.0, 1.0]
            ]
        },
        {
            "name": "Chest",
            "time": [0.0, 0.1, 0.2, 0.2667, 0.3, 0.4, 0.6, 0.8, 1.0],
            "transform": [
                [0.505752, -0.028936, -0.862194, 0.0, -0.173042, 0.975722, -0.13425, 0.3, 0.845146, 0.217093, 0.488466, 0.0, 0.0, 0.0, 0.0, 1.0],
                [0.506383, -0.018352, -0.862114, -0.0, -0.146438, 0.983422, -0.106948, 0.3, 0.849784, 0.180403, 0.4953, -0.0, 0.0, 0.0, 0.0, 1.0],
                [0.519813, -0.140622, -0.842627, 0.0, -0.044105, 0.980626, -0.19086, 0.3, 0.853141, 0.136376, 0.50354, 0.0, 0.0, 0.0, 0.0, 1.0],
                [0.920606, -0.098378, 0.377898, 0.0, 0.07945, 0.994691, 0.065396, 0.3, -0.382326, -0.03018, 0.923535, -0.0, 0.0, 0.0, 0.0, 1.0],
                [0.863329, 0.036071, 0.50335, 0.0, -0.128001, 0.980475, 0.149282, 0.3, -0.488137, -0.193309, 0.85109, -0.0, 0.0, 0.0, 0.0, 1.0],
                [0.835476, 0.045334, 0.547653, -0.0, -0.18425, 0.962014, 0.201449, 0.3, -0.517717, -0.269211, 0.812093, -0.0, 0.0, 0.0, 0.0, 1.0],
                [0.784951, 0.065279, 0.616109, -0.0, -0.179302, 0.975814, 0.125049, 0.3, -0.593045, -0.208627, 0.777671, -0.0, 0.0, 0.0, 0.0, 1.0],
                [0.809378, 0.060945, 0.584118, 0.0, -0.224665, 0.951079, 0.212073, 0.3, -0.542617, -0.302877, 0.783474, -0.0, 0.0, 0.0, 0.0, 1.0],
                [0.88981, 0.063711, 0.451862, -0.0, -0.157743, 0.972107, 0.173564, 0.3, -0.4282, -0.225717, 0.875041, -0.0, 0.0, 0.0, 0.0, 1.0]
            ]
        },
        {
            "name": "Head",
            "time": [0.0, 0.1, 0.2, 0.2667, 0.3, 0.4, 0.6, 0.8, 1.0],
            "transform": [
                [-0.171982, -0.121871, 0.977533, 0.0, -0.23177, 0.969469, 0.080089, 0.4, -0.957447, -0.212789, -0.194978, 0.0, 0.0, 0.0, 0.0, 1.0],
                [0.082496, 0.08671, 0.992812, 0.0, -0.189888, 0.979325, -0.069754, 0.4, -0.978334, -0.182768, 0.097255, 0.0, 0.0, 0.0, 0.0, 1.0],
                [0.636119, 0.156759, 0.755499, -0.0, -0.194502, 0.980102, -0.039594, 0.4, -0.746674, -0.121759, 0.653952, 0.0, 0.0, 0.0, 0.0, 1.0],
                [0.782642, -0.239462, -0.574569, -0.0, -0.149503, 0.823714, -0.54694, 0.4, 0.604252, 0.513958, 0.608873, -0.0, 0.0, 0.0, 0.0, 1.0],
                [0.671272, -0.461843, -0.579737, 0.0, -0.024101, 0.768135, -0.639834, 0.4, 0.740819, 0.443476, 0.504496, -0.0, 0.0, 0.0, 0.0, 1.0],
                [0.723574, -0.391522, -0.568464, 0.0, -0.063473, 0.782334, -0.619616, 0.4, 0.687322, 0.48442, 0.541225, -0.0, 0.0, 0.0, 0.0, 1.0],
                [0.721024, -0.325094, -0.611914, 0.0, -0.042647, 0.860612, -0.507472, 0.4, 0.691596, 0.391996, 0.606658, -0.0, 0.0, 0.0, 0.0, 1.0],
                [0.7336, -0.252867, -0.630785, 0.0, -0.123286, 0.863274, -0.489447, 0.4, 0.668305, 0.436825, 0.602123, 0.0, 0.0, 0.0, 0.0, 1.0],
                [0.856736, -0.19315, -0.478222, -0.0, -0.004713, 0.924257, -0.381743, 0.4, 0.515734, 0.329307, 0.790933, 0.0, 0.0, 0.0, 0.0, 1.0]
            ]
        },
        {
            "name": "Shoulder_R",
            "time": [0.0, 0.1, 0.2, 0.2667, 0.3, 0.4, 0.6, 0.8, 1.0],
            "transform": [
                [-0.070111, 0.992698, 0.098153, 0.0, 0.018772, -0.097064, 0.995101, 0.4, 0.997363, 0.07161, -0.01183, 0.0, 0.0, 0.0, 0.0, 1.0],
                [-0.070111, 0.992698, 0.098153, 0.0, 0.018772, -0.097064, 0.995101, 0.4, 0.997363, 0.07161, -0.01183, 0.0, 0.0, 0.0, 0.0, 1.0],
                [-0.070111, 0.992698, 0.098153, -0.0, 0.018772, -0.097064, 0.995101, 0.4, 0.997363, 0.07161, -0.01183, 0.0, 0.0, 0.0, 0.0, 1.0],
                [0.164538, 0.922938, 0.34801, -0.0, -0.044064, -0.345589, 0.937351, 0.4, 0.985386, -0.169564, -0.016194, -0.0, 0.0, 0.0, 0.0, 1.0],
                [0.165775, 0.969928, 0.178207, 0.0, -0.044395, -0.173184, 0.983888, 0.4, 0.985164, -0.171015, 0.014351, -0.0, 0.0, 0.0, 0.0, 1.0],
                [0.001771, 0.994766, 0.102159, 0.0, -0.000477, -0.102158, 0.994768, 0.4, 0.999999, -0.001811, 0.000294, -0.0, 0.0, 0.0, 0.0, 1.0],
                [0.141436, 0.982993, 0.117128, 0.0, -0.037878, -0.112857, 0.992889, 0.4, 0.989223, -0.144866, 0.021271, -0.0, 0.0, 0.0, 0.0, 1.0],
                [0.050422, 0.992114, 0.114746, 0.0, -0.013505, -0.114204, 0.993365, 0.4, 0.998637, -0.051637, 0.00764, 0.0, 0.0, 0.0, 0.0, 1.0],
                [0.036941, 0.98596, 0.162843, -0.0, -0.009895, -0.162586, 0.986645, 0.4, 0.999269, -0.038059, 0.00375, 0.0, 0.0, 0.0, 0.0, 1.0]
            ]
        },
        {
            "name": "Arm_R",
            "time": [0.0, 0.1, 0.2, 0.2333, 0.2667, 0.3, 0.4, 0.6, 0.8, 1.0],
            "transform": [
                [-0.080708, -0.671675, 0.736436, 0.0, 0.888905, 0.285752, 0.358041, 0.388213, -0.450926, 0.683519, 0.573992, 1e-06, 0.0, 0.0, 0.0, 1.0],
                [-0.679855, -0.538996, 0.497273, 0.0, 0.53073, 0.106329, 0.840844, 0.388213, -0.506086, 0.83557, 0.213773, 0.0, 0.0, 0.0, 0.0, 1.0],
                [-0.516927, -0.573112, 0.635868, 0.0, 0.770043, 0.013151, 0.637856, 0.388213, -0.373926, 0.819371, 0.434523, -0.0, 0.0, 0.0, 0.0, 1.0],
                [-0.127672, -0.156061, 0.979461, 0.0, 0.985488, 0.091419, 0.143024, 0.388213, -0.111861, 0.983507, 0.142125, 0.0, 0.0, 0.0, 0.0, 1.0],
                [0.590528, -0.776127, 0.221139, -0.0, 0.806183, 0.579795, -0.11793, 0.388213, -0.036686, 0.247919, 0.968085, 1e-06, 0.0, 0.0, 0.0, 1.0],
                [0.713201, -0.613005, -0.339955, -0.0, 0.700295, 0.602, 0.383645, 0.388213, -0.030523, -0.511684, 0.858631, 0.0, 0.0, 0.0, 0.0, 1.0],
                [0.498258, -0.695913, -0.517148, 0.0, 0.864647, 0.354642, 0.355829, 0.388213, -0.064223, -0.624445, 0.778423, 0.0, 0.0, 0.0, 0.0, 1.0],
                [0.656676, -0.390373, -0.645279, -0.0, 0.752705, 0.285891, 0.593043, 0.388213, -0.047029, -0.875142, 0.481573, 0.0, 0.0, 0.0, 0.0, 1.0],
                [0.587334, -0.437269, -0.681053, 0.0, 0.807611, 0.261594, 0.528519, 0.388213, -0.052946, -0.860443, 0.506786, 0.0, 0.0, 0.0, 0.0, 1.0],
                [0.496982, -0.319291, -0.806883, -5e-06, 0.863949, 0.269111, 0.425641, 0.388285, 0.081238, -0.908642, 0.409595, -0.000227, 0.0, 0.0, 0.0, 1.0]
            ]
        },
        {
            "name": "Hand_R",
            "time": [0.0, 0.1, 0.2, 0.2333, 0.2667, 0.3, 0.4, 0.6, 0.8, 1.0],
            "transform": [
                [0.982791, -0.032681, 0.181806, -0.0, 0.161397, 0.630643, -0.759105, 0.329779, -0.089846, 0.775385, 0.625065, -0.0, 0.0, 0.0, 0.0, 1.0],
                [0.988757, -0.124057, 0.083482, -0.0, 0.148981, 0.769475, -0.621059, 0.329779, 0.01281, 0.626514, 0.779305, -0.0, 0.0, 0.0, 0.0, 1.0],
                [0.988707, -0.149596, -0.008916, -0.0, 0.105045, 0.734242, -0.670712, 0.329779, 0.106882, 0.662201, 0.741664, -0.0, 0.0, 0.0, 0.0, 1.0],
                [0.99865, -0.050513, -0.012074, 0.0, 0.040864, 0.907701, -0.417625, 0.329779, 0.032055, 0.416568, 0.908539, 0.0, 0.0, 0.0, 0.0, 1.0],
                [0.992546, -0.118046, -0.030282, -0.0, 0.119035, 0.992333, 0.03326, 0.329779, 0.026124, -0.036617, 0.998988, -0.0, 0.0, 0.0, 0.0, 1.0],
                [0.99393, -0.103151, 0.03826, 0.0, 0.102153, 0.994397, 0.02719, 0.329779, -0.04085, -0.023116, 0.998898, 0.0, 0.0, 0.0, 0.0, 1.0],
                [0.994334, -0.100876, 0.033521, -0.0, 0.101762, 0.994473, -0.025849, 0.329779, -0.030728, 0.029114, 0.999103, 0.0, 0.0, 0.0, 0.0, 1.0],
                [0.994823, -0.098038, 0.026764, 0.0, 0.101294, 0.97783, -0.183274, 0.329779, -0.008203, 0.185036, 0.982697, -0.0, 0.0, 0.0, 0.0, 1.0],
                [0.995018, -0.093459, 0.034721, 0.0, 0.099018, 0.967003, -0.234736, 0.329779, -0.011637, 0.237005, 0.971438, 0.0, 0.0, 0.0, 0.0, 1.0],
                [0.997579, -0.065086, 0.024511, -0.0, 0.068695, 0.977148, -0.201154, 0.329779, -0.010858, 0.202351, 0.979253, -0.0, 0.0, 0.0, 0.0, 1.0]
            ]
        },
        {
            "name": "Tool_R",
            "time": [0.0, 0.1, 0.2, 0.2333, 0.25, 0.2667, 0.3, 0.4, 0.6, 0.8, 1.0],
            "transform": [
                [1.0, 0.0, 0.0, -0.02, 0.0, -0.999838, -0.01802, 0.329617, 0.0, 0.01802, -0.999838, -0.100705, 0.0, 0.0, 0.0, 1.0],
                [1.0, 0.0, 0.0, -0.02, 0.0, -0.998489, 0.054961, 0.326876, 0.0, -0.054961, -0.998489, -0.0982, 0.0, 0.0, 0.0, 1.0],
                [1.0, 0.0, -0.0, -0.02, -0.0, -0.999171, 0.04072, 0.325472, -0.0, -0.04072, -0.999171, -0.098696, 0.0, 0.0, 0.0, 1.0],
                [1.0, 0.0, -0.0, -0.02, 0.0, -0.998565, 0.053566, 0.336724, -0.0, -0.053566, -0.998564, -0.097714, 0.0, 0.0, 0.0, 1.0],
                [1.0, 0.0, -0.0, -0.02, -0.0, -0.622075, -0.782958, 0.411578, -0.0, 0.782958, -0.622075, 0.007776, 0.0, 0.0, 0.0, 1.0],
                [1.0, 0.0, -0.0, -0.02, 0.0, -0.960368, -0.278737, 0.32984, -0.0, 0.278737, -0.960368, -0.011149, 0.0, 0.0, 0.0, 1.0],
                [1.0, 1e-06, 0.0, -0.02, 1e-06, -0.985653, -0.168786, 0.313973, -0.0, 0.168786, -0.985653, -0.105317, 0.0, 0.0, 0.0, 1.0],
                [1.0, 1e-06, -0.0, -0.02, 1e-06, -0.999499, -0.031667, 0.328239, -0.0, 0.031667, -0.999499, -0.101217, 0.0, 0.0, 0.0, 1.0],
                [0.999811, -0.019374, 0.001928, -0.019032, -0.01924, -0.998329, -0.05449, 0.32591, 0.00298, 0.054443, -0.998513, -0.102029, 0.0, 0.0, 0.0, 1.0],
                [1.0, 1e-06, 0.0, -0.02, 1e-06, -0.952249, -0.305322, 0.298983, -0.0, 0.305322, -0.952249, -0.107438, 0.0, 0.0, 0.0, 1.0],
                [1.0, 1e-06, 0.0, -0.02, 1e-06, -0.967255, -0.253808, 0.297094, -0.0, 0.253808, -0.967255, -0.080578, 0.0, 0.0, 0.0, 1.0]
            ]
        },
        {
            "name": "Elbow_R",
            "time": [0.0, 0.1, 0.2, 0.2667, 0.3, 0.4, 0.6, 0.8, 1.0],
            "transform": [
                [-1.0, 0.0, -1e-06, -0.0, 0.0, 0.431507, -0.90211, 0.329779, 0.0, -0.90211, -0.431508, -0.0, 0.0, 0.0, 0.0, 1.0],
                [-1.0, -0.0, -1e-06, -0.0, 1e-06, 0.332137, -0.943231, 0.329779, 1e-06, -0.943231, -0.332137, -0.0, 0.0, 0.0, 0.0, 1.0],
                [-1.0, -0.0, -0.0, -0.0, 0.0, 0.356414, -0.934328, 0.329779, 0.0, -0.934328, -0.356414, -0.0, 0.0, 0.0, 0.0, 1.0],
                [-1.0, 0.0, -1e-06, -0.0, 1e-06, -0.018317, -0.999832, 0.329779, 0.0, -0.999832, 0.018317, -0.0, 0.0, 0.0, 0.0, 1.0],
                [-0.999934, -1e-06, -9e-06, 0.0, -8e-06, -0.011572, -0.999932, 0.329779, 0.0, -0.999866, 0.011565, 0.0, 0.0, 0.0, 0.0, 1.0],
                [-1.0, 0.0, -1e-06, -0.0, 0.0, 0.014565, -0.999894, 0.329779, -0.0, -0.999894, -0.014565, 0.0, 0.0, 0.0, 0.0, 1.0],
                [-1.0, -1e-06, -0.0, 0.0, 0.0, 0.092924, -0.995673, 0.329779, 0.0, -0.995673, -0.092924, -0.0, 0.0, 0.0, 0.0, 1.0],
                [-1.0, -1e-06, -1e-06, 0.0, 0.0, 0.119363, -0.99285, 0.329779, 1e-06, -0.992851, -0.119363, 0.0, 0.0, 0.0, 0.0, 1.0],
                [-1.0, 1e-06, 2e-06, -0.0, -1e-06, 0.101712, -0.994814, 0.329779, -1e-06, -0.994814, -0.101711, -0.0, 0.0, 0.0, 0.0, 1.0]
            ]
        },
        {
            "name": "Shoulder_L",
            "time": [0.0, 0.1, 0.2, 0.2667, 0.3, 0.4, 0.6, 0.8, 1.0],
            "transform": [
                [-0.105572, -0.938961, -0.327425, 0.0, -0.028271, -0.326298, 0.944844, 0.4, -0.99401, 0.109005, 0.007902, 0.0, 0.0, 0.0, 0.0, 1.0],
                [-0.105572, -0.938961, -0.327425, 0.0, -0.028271, -0.326298, 0.944844, 0.4, -0.99401, 0.109005, 0.007902, 0.0, 0.0, 0.0, 0.0, 1.0],
                [-0.105572, -0.938961, -0.327425, -0.0, -0.028271, -0.326298, 0.944844, 0.4, -0.99401, 0.109005, 0.007902, 0.0, 0.0, 0.0, 0.0, 1.0],
                [-0.105572, -0.938961, -0.327427, -0.0, -0.028271, -0.3263, 0.944844, 0.4, -0.99401, 0.109005, 0.007903, -0.0, 0.0, 0.0, 0.0, 1.0],
                [-0.105572, -0.938961, -0.327425, 0.0, -0.028271, -0.326298, 0.944844, 0.4, -0.99401, 0.109006, 0.007902, -0.0, 0.0, 0.0, 0.0, 1.0],
                [-0.105572, -0.938961, -0.327425, 0.0, -0.028271, -0.326298, 0.944844, 0.4, -0.99401, 0.109006, 0.007902, -0.0, 0.0, 0.0, 0.0, 1.0],
                [-0.105572, -0.938961, -0.327425, 0.0, -0.028271, -0.326298, 0.944844, 0.4, -0.99401, 0.109005, 0.007902, -0.0, 0.0, 0.0, 0.0, 1.0],
                [-0.097608, -0.940131, -0.326536, 0.0, -0.026138, -0.325568, 0.945157, 0.4, -0.994882, 0.10079, 0.007204, 0.0, 0.0, 0.0, 0.0, 1.0],
                [-0.073153, -0.944346, -0.320717, -0.0, -0.01959, -0.320156, 0.947162, 0.4, -0.997128, 0.075571, 0.004921, 0.0, 0.0, 0.0, 0.0, 1.0]
            ]
        },
        {
            "name": "Arm_L",
            "time": [0.0, 0.1, 0.2, 0.2667, 0.3, 0.4, 0.6, 0.8, 1.0],
            "transform": [
                [0.285922, -0.295056, 0.911696, -0.0, -0.104521, 0.936136, 0.335745, 0.388212, -0.952536, -0.191288, 0.236822, -0.0, 0.0, 0.0, 0.0, 1.0],
                [0.2172, -0.264755, 0.939537, -0.0, -0.291751, 0.90091, 0.321316, 0.388212, -0.931508, -0.343901, 0.118435, -0.0, 0.0, 0.0, 0.0, 1.0],
                [0.006277, -0.191056, 0.981559, -0.0, -0.486995, 0.856726, 0.169872, 0.388212, -0.873382, -0.479081, -0.087666, -0.0, 0.0, 0.0, 0.0, 1.0],
                [-0.095648, 0.020213, 0.99521, -0.0, -0.326508, 0.943842, -0.050549, 0.388212, -0.940342, -0.329779, -0.083677, 0.0, 0.0, 0.0, 0.0, 1.0],
                [-0.096324, 0.20729, 0.973526, 0.0, -0.058836, 0.975178, -0.213463, 0.388212, -0.99361, -0.077839, -0.081737, 1e-06, 0.0, 0.0, 0.0, 1.0],
                [-0.121119, 0.212573, 0.96961, -0.0, -0.135992, 0.964037, -0.228339, 0.388212, -0.983279, -0.159515, -0.087855, 1e-06, 0.0, 0.0, 0.0, 1.0],
                [-0.153509, 0.194862, 0.968744, -0.0, -0.381846, 0.892512, -0.240036, 0.388212, -0.911389, -0.406759, -0.062601, 1e-06, 0.0, 0.0, 0.0, 1.0],
                [-0.152222, 0.182702, 0.971313, -0.0, -0.487588, 0.840965, -0.234597, 0.388212, -0.859702, -0.509311, -0.03893, 1e-06, 0.0, 0.0, 0.0, 1.0],
                [-0.12875, 0.123012, 0.984018, 5e-06, -0.625604, 0.759833, -0.176842, 0.388285, -0.769443, -0.638374, -0.020872, -0.000227, 0.0, 0.0, 0.0, 1.0]
            ]
        },
        {
            "name": "Hand_L",
            "time": [0.0, 0.1, 0.2, 0.2667, 0.3, 0.4, 0.6, 0.8, 1.0],
            "transform": [
                [0.648333, 0.138847, -0.748589, 0.0, -0.700646, 0.493555, -0.515266, 0.329779, 0.297927, 0.85856, 0.417271, -0.0, 0.0, 0.0, 0.0, 1.0],
                [0.81575, 0.133062, -0.562892, -0.0, -0.560157, 0.424265, -0.711494, 0.329779, 0.144143, 0.895709, 0.420629, 0.0, 0.0, 0.0, 0.0, 1.0],
                [0.954155, 0.139424, -0.264856, 0.0, -0.29716, 0.335342, -0.894003, 0.329779, -0.035828, 0.931722, 0.3614, 0.0, 0.0, 0.0, 0.0, 1.0],
                [0.732539, 0.117246, -0.670552, 0.0, -0.649966, 0.41323, -0.637797, 0.329779, 0.202313, 0.903047, 0.378913, 0.0, 0.0, 0.0, 0.0, 1.0],
                [0.353201, 0.138847, -0.925187, -0.0, -0.834623, 0.493555, -0.244557, 0.329779, 0.422674, 0.85856, 0.290209, 0.0, 0.0, 0.0, 0.0, 1.0],
                [0.359952, 0.134807, -0.92318, -0.0, -0.834458, 0.489074, -0.253942, 0.329779, 0.41727, 0.861762, 0.288534, 0.0, 0.0, 0.0, 0.0, 1.0],
                [0.432492, 0.138847, -0.890883, 0.0, -0.810132, 0.493555, -0.316369, 0.329779, 0.395773, 0.85856, 0.325944, 0.0, 0.0, 0.0, 0.0, 1.0],
                [0.562058, 0.169121, -0.809623, -0.0, -0.739103, 0.54206, -0.399872, 0.329779, 0.371238, 0.823146, 0.429667, 0.0, 0.0, 0.0, 0.0, 1.0],
                [0.737211, 0.208474, -0.642697, -0.0, -0.567668, 0.706978, -0.421823, 0.329779, 0.366433, 0.675811, 0.639536, 0.0, 0.0, 0.0, 0.0, 1.0]
            ]
        },
        {
            "name": "Tool_L",
            "time": [0.0, 0.1, 0.2, 0.2667, 0.3, 0.4, 0.6, 0.8, 1.0],
            "transform": [
                [1.0, 0.0, 0.0, 0.02, 0.0, -1.0, 0.0, 0.291426, 0.0, -0.0, -1.0, 0.0, 0.0, 0.0, 0.0, 1.0],
                [1.0, 0.0, 0.0, 0.02, 0.0, -1.0, 0.0, 0.291426, 0.0, 0.0, -1.0, -0.0, 0.0, 0.0, 0.0, 1.0],
                [1.0, 0.0, 0.0, 0.02, 0.0, -1.0, 0.0, 0.291426, 0.0, -0.0, -1.0, -0.0, 0.0, 0.0, 0.0, 1.0],
                [1.0, 0.0, 0.0, 0.02, 0.0, -1.0, 0.0, 0.291426, 0.0, -0.0, -1.0, -0.0, 0.0, 0.0, 0.0, 1.0],
                [1.0, 0.0, 0.0, 0.02, 0.0, -1.0, 0.0, 0.291426, 0.0, 0.0, -1.0, 0.0, 0.0, 0.0, 0.0, 1.0],
                [1.0, 0.0, 0.0, 0.02, 0.0, -1.0, -0.0, 0.291426, 0.0, 0.0, -1.0, 0.0, 0.0, 0.0, 0.0, 1.0],
                [1.0, 0.0, 0.0, 0.02, 0.0, -1.0, 0.0, 0.291426, 0.0, -0.0, -1.0, -0.0, 0.0, 0.0, 0.0, 1.0],
                [1.0, 0.0, 0.0, 0.02, 0.0, -1.0, -0.0, 0.291426, 0.0, -0.0, -1.0, -0.0, 0.0, 0.0, 0.0, 1.0],
                [1.0, 0.0, 0.0, 0.02, 0.0, -1.0, -0.0, 0.291426, 0.0, 0.0, -1.0, 0.0, 0.0, 0.0, 0.0, 1.0]
            ]
        },
        {
            "name": "Elbow_L",
            "time": [0.0, 0.1, 0.2, 0.2667, 0.3, 0.4, 0.6, 0.8, 1.0],
            "transform": [
                [-0.999999, -0.0, -0.0, 0.0, 0.0, 0.530509, -0.847679, 0.329779, 0.0, -0.847679, -0.530508, -0.0, 0.0, 0.0, 0.0, 1.0],
                [-1.0, 0.0, -0.0, -0.0, 0.0, 0.536158, -0.844117, 0.329779, 0.0, -0.844118, -0.536158, 0.0, 0.0, 0.0, 0.0, 1.0],
                [-1.0, 0.0, -0.0, 0.0, 0.0, 0.564963, -0.825116, 0.329779, -0.0, -0.825116, -0.564964, 0.0, 0.0, 0.0, 0.0, 1.0],
                [-1.0, 0.0, 0.0, 0.0, 0.0, 0.553663, -0.83274, 0.329779, 0.0, -0.832741, -0.553663, 0.0, 0.0, 0.0, 0.0, 1.0],
                [-1.0, 1e-06, -0.0, -0.0, 1e-06, 0.583001, -0.812472, 0.329779, 0.0, -0.812472, -0.583001, 0.0, 0.0, 0.0, 0.0, 1.0],
                [-1.0, 0.0, -0.0, -0.0, 0.0, 0.584168, -0.811633, 0.329779, 0.0, -0.811633, -0.584168, 0.0, 0.0, 0.0, 0.0, 1.0],
                [-1.0, -0.0, -1e-06, 0.0, 0.0, 0.567924, -0.823081, 0.329779, 0.0, -0.823081, -0.567925, 0.0, 0.0, 0.0, 0.0, 1.0],
                [-1.000001, 0.0, -0.0, -0.0, 1e-06, 0.518297, -0.855201, 0.329779, -0.0, -0.855201, -0.518297, 0.0, 0.0, 0.0, 0.0, 1.0],
                [-1.0, -1e-06, -0.0, -0.0, -0.0, 0.395383, -0.918517, 0.329779, 1e-06, -0.918517, -0.395383, 0.0, 0.0, 0.0, 0.0, 1.0]
            ]
        }
    ]
}