{

    "animation": [
        {
            "name": "Root",
            "time": [0.0, 0.0333, 0.0667, 0.1, 0.2, 0.4],
            "transform": [
                [0.473584, -0.239236, -0.847634, -5e-06, -0.855205, 0.105191, -0.507503, 0.000946, 0.210577, 0.965247, -0.154779, 0.40675, 0.0, 0.0, 0.0, 1.0],
                [0.859131, -0.084012, -0.504813, -5e-06, -0.42681, 0.426634, -0.797381, 0.275946, 0.28236, 0.900514, 0.330677, 0.371481, 0.0, 0.0, 0.0, 1.0],
                [0.925461, -0.085181, -0.369143, -5e-06, -0.296874, 0.442255, -0.846331, 0.538446, 0.235346, 0.892835, 0.384002, 0.38118, 0.0, 0.0, 0.0, 1.0],
                [0.994974, -0.089214, -0.045466, -5e-06, 0.000449, 0.458036, -0.888934, 0.700946, 0.100131, 0.884446, 0.455774, 0.390879, 0.0, 0.0, 0.0, 1.0],
                [0.744713, 0.064104, 0.664299, -5e-06, 0.594232, 0.389405, -0.703742, 0.700946, -0.303794, 0.918833, 0.251902, 0.42321, 0.0, 0.0, 0.0, 1.0],
                [0.5781, -0.010822, 0.815894, -5e-06, 0.742162, 0.422533, -0.520252, 0.700946, -0.339112, 0.906283, 0.252297, 0.42321, 0.0, 0.0, 0.0, 1.0]
            ]
        },
        {
            "name": "Thigh_R",
            "time": [0.0, 0.0333, 0.1, 0.2, 0.4],
            "transform": [
                [0.752965, 0.569135, -0.330352, 0.124994, 0.650542, -0.719451, 0.243285, -0.002831, -0.09921, -0.398092, -0.911967, -1.2e-05, 0.0, 0.0, 0.0, 1.0],
                [0.898265, 0.429986, 0.090664, 0.124994, 0.430986, -0.902285, 0.009367, -0.00283, 0.085838, 0.030661, -0.995807, -1.2e-05, 0.0, 0.0, 0.0, 1.0],
                [0.966883, 0.240762, -0.084608, 0.124994, 0.235826, -0.969611, -0.064414, -0.00283, -0.097555, 0.042328, -0.994276, -1.2e-05, 0.0, 0.0, 0.0, 1.0],
                [0.968254, 0.249903, -0.002922, 0.124994, 0.249895, -0.967645, 0.031678, -0.00283, 0.00509, -0.031403, -0.999371, -1.2e-05, 0.0, 0.0, 0.0, 1.0],
                [0.989496, 0.140921, -0.031997, 0.124994, 0.142693, -0.987738, 0.061578, -0.00283, -0.022933, -0.065498, -0.997466, -1.2e-05, 0.0, 0.0, 0.0, 1.0]
            ]
        },
        {
            "name": "Leg_R",
            "time": [0.0, 0.0333, 0.1, 0.2, 0.4],
            "transform": [
                [0.995385, -0.093678, 0.020761, 0.0, 0.041683, 0.61706, 0.785812, 0.37472, -0.086424, -0.78132, 0.618118, 0.0, 0.0, 0.0, 0.0, 1.0],
                [0.998919, -0.041839, 0.020377, -0.0, 0.023286, 0.828474, 0.559544, 0.37472, -0.040293, -0.558466, 0.828547, 0.0, 0.0, 0.0, 0.0, 1.0],
                [0.999863, -0.015712, -0.006196, 0.0, 0.015855, 0.746719, 0.664951, 0.37472, -0.005821, -0.664959, 0.746856, -0.0, 0.0, 0.0, 0.0, 1.0],
                [0.998936, -0.022284, -0.04066, 0.0, 0.045925, 0.354687, 0.933849, 0.37472, -0.006389, -0.934719, 0.355326, -0.0, 0.0, 0.0, 0.0, 1.0],
                [0.998936, -0.022284, -0.04066, -0.0, 0.045925, 0.354687, 0.933849, 0.37472, -0.006389, -0.934719, 0.355326, -0.0, 0.0, 0.0, 0.0, 1.0]
            ]
        },
        {
            "name": "Knee_R",
            "time": [0.0, 0.0333, 0.1, 0.2, 0.4],
            "transform": [
                [0.998785, -0.044499, 0.021166, 0.0, 0.038457, 0.43536, -0.899435, 0.37472, 0.030809, 0.899156, 0.436542, 0.0, 0.0, 0.0, 0.0, 1.0],
                [0.999723, -0.0194, 0.013314, -0.0, 0.018405, 0.292223, -0.956173, 0.37472, 0.014659, 0.956154, 0.292499, 0.0, 0.0, 0.0, 0.0, 1.0],
                [0.999963, -0.008424, -0.001659, 0.0, 0.001447, 0.355769, -0.934572, 0.37472, 0.008463, 0.934537, 0.355769, -0.0, 0.0, 0.0, 0.0, 1.0],
                [0.999705, -0.017475, -0.016869, 0.0, -0.003964, 0.567769, -0.823175, 0.37472, 0.023963, 0.823005, 0.567536, -0.0, 0.0, 0.0, 0.0, 1.0],
                [0.999705, -0.017475, -0.016869, -0.0, -0.003964, 0.567769, -0.823175, 0.37472, 0.023963, 0.823005, 0.567536, -0.0, 0.0, 0.0, 0.0, 1.0]
            ]
        },
        {
            "name": "Thigh_L",
            "time": [0.0, 0.0333, 0.1, 0.2, 0.4],
            "transform": [
                [0.611578, -0.699136, 0.370378, -0.125006, -0.784292, -0.474069, 0.400178, -0.00283, -0.104195, -0.535225, -0.838258, -1.2e-05, 0.0, 0.0, 0.0, 1.0],
                [0.73431, -0.6278, 0.258148, -0.125006, -0.274428, 0.073269, 0.958805, -0.00283, -0.620857, -0.774907, -0.118485, -1.2e-05, 0.0, 0.0, 0.0, 1.0],
                [0.953923, -0.280838, 0.105511, -0.125006, -0.063036, 0.156209, 0.985699, -0.002831, -0.293306, -0.946946, 0.13131, -1.2e-05, 0.0, 0.0, 0.0, 1.0],
                [0.998899, -0.043734, 0.015225, -0.125006, -0.014148, 0.024828, 0.999573, -0.00283, -0.044094, -0.998716, 0.024182, -1.2e-05, 0.0, 0.0, 0.0, 1.0],
                [0.994929, 0.0376, -0.092982, -0.125006, 0.094955, -0.054655, 0.993962, -0.00283, 0.032291, -0.997778, -0.05795, -1.2e-05, 0.0, 0.0, 0.0, 1.0]
            ]
        },
        {
            "name": "Leg_L",
            "time": [0.0, 0.0333, 0.1, 0.2, 0.4],
            "transform": [
                [0.981316, -0.103688, 0.162071, 0.0, -0.151589, 0.102082, 0.983156, 0.37472, -0.118486, -0.989357, 0.084457, 0.0, 0.0, 0.0, 0.0, 1.0],
                [0.999613, -0.027815, -0.000379, 0.0, -0.013321, -0.490599, 0.871283, 0.37472, -0.024421, -0.870943, -0.490779, 0.0, 0.0, 0.0, 0.0, 1.0],
                [0.999845, 0.0124, 0.01244, -0.0, -0.005613, -0.445547, 0.895243, 0.37472, 0.016644, -0.895174, -0.445409, 0.0, 0.0, 0.0, 0.0, 1.0],
                [0.989368, 0.145396, -0.002374, -0.0, -0.0209, 0.158334, 0.987171, 0.37472, 0.143904, -0.976627, 0.15969, 0.0, 0.0, 0.0, 0.0, 1.0],
                [0.984451, 0.175211, -0.012411, -0.0, -0.026444, 0.217691, 0.975664, 0.37472, 0.173647, -0.960168, 0.21894, -0.0, 0.0, 0.0, 0.0, 1.0]
            ]
        },
        {
            "name": "Knee_L",
            "time": [0.0, 0.0333, 0.1, 0.2, 0.4],
            "transform": [
                [0.99462, -0.02049, 0.101549, 0.0, 0.088996, 0.67074, -0.736334, 0.37472, -0.053025, 0.741409, 0.668954, 0.0, 0.0, 0.0, 0.0, 1.0],
                [0.999871, -0.014015, 0.007791, 0.0, 0.016032, 0.863222, -0.504572, 0.37472, 0.000346, 0.504631, 0.863334, 0.0, 0.0, 0.0, 0.0, 1.0],
                [0.999949, 0.009666, 0.002766, -0.0, -0.006761, 0.850107, -0.526566, 0.37472, -0.007441, 0.526521, 0.850129, 0.0, 0.0, 0.0, 0.0, 1.0],
                [0.996979, 0.072428, -0.028041, -0.0, -0.06826, 0.644906, -0.761207, 0.37472, -0.037049, 0.760822, 0.647902, 0.0, 0.0, 0.0, 0.0, 1.0],
                [0.995628, 0.085719, -0.037119, -0.0, -0.082461, 0.61988, -0.780352, 0.37472, -0.043882, 0.78, 0.624237, -0.0, 0.0, 0.0, 0.0, 1.0]
            ]
        },
        {
            "name": "Torso",
            "time": [0.0, 0.0333, 0.0667, 0.1, 0.2, 0.4],
            "transform": [
                [0.990381, 0.124815, 0.059727, 0.0, -0.127807, 0.990578, 0.049205, 0.05, -0.053023, -0.056365, 0.997001, -0.0, 0.0, 0.0, 0.0, 1.0],
                [0.99382, -0.088537, 0.066959, 0.0, 0.087857, 0.996048, 0.01304, 0.05, -0.067849, -0.007077, 0.997671, 0.0, 0.0, 0.0, 0.0, 1.0],
                [0.993709, -0.096278, 0.057216, 0.0, 0.052753, 0.853024, 0.519198, 0.05, -0.098794, -0.512914, 0.852736, -0.0, 0.0, 0.0, 0.0, 1.0],
                [0.991463, -0.082764, 0.100758, -0.0, 0.017299, 0.849393, 0.527478, 0.05, -0.129239, -0.521232, 0.843573, 0.0, 0.0, 0.0, 0.0, 1.0],
                [0.98835, 0.089493, 0.123108, -0.0, -0.14457, 0.804893, 0.57554, 0.05, -0.047582, -0.586633, 0.808454, 0.0, 0.0, 0.0, 0.0, 1.0],
                [0.997347, 0.02329, 0.068972, -0.0, -0.021533, 0.999427, -0.026114, 0.05, -0.069541, 0.02456, 0.997277, -0.0, 0.0, 0.0, 0.0, 1.0]
            ]
        },
        {
            "name": "Chest",
            "time": [0.0, 0.0333, 0.0667, 0.1, 0.2, 0.4],
            "transform": [
                [0.885501, 0.148403, -0.4403, 0.0, 0.175202, 0.771027, 0.612226, 0.3, 0.43034, -0.619269, 0.656744, 0.0, 0.0, 0.0, 0.0, 1.0],
                [0.771842, -0.078588, -0.630937, 0.0, 0.091678, 0.995718, -0.011872, 0.3, 0.629169, -0.04868, 0.775742, 0.0, 0.0, 0.0, 0.0, 1.0],
                [0.999177, 0.024705, 0.032155, 0.0, -0.022038, 0.996485, -0.080821, 0.3, -0.034038, 0.080046, 0.996209, 0.0, 0.0, 0.0, 0.0, 1.0],
                [0.681063, -0.05578, 0.730097, 0.0, 0.123366, 0.991582, -0.039323, 0.3, -0.721758, 0.11685, 0.682211, -0.0, 0.0, 0.0, 0.0, 1.0],
                [0.752931, -0.101033, 0.650298, 0.0, -0.099758, 0.959204, 0.264529, 0.3, -0.650495, -0.264045, 0.712135, 0.0, 0.0, 0.0, 0.0, 1.0],
                [0.75293, -0.101033, 0.650298, -0.0, -0.099758, 0.959204, 0.264529, 0.3, -0.650495, -0.264045, 0.712135, -0.0, 0.0, 0.0, 0.0, 1.0]
            ]
        },
        {
            "name": "Head",
            "time": [0.0, 0.0333, 0.1, 0.2, 0.4],
            "transform": [
                [0.265343, 0.071182, 0.961523, -0.0, 0.317084, 0.935354, -0.156748, 0.4, -0.910523, 0.346475, 0.225619, 0.0, 0.0, 0.0, 0.0, 1.0],
                [0.460669, 0.372812, 0.805478, 0.0, -0.207396, 0.927598, -0.310721, 0.4, -0.863002, -0.023914, 0.504636, 0.0, 0.0, 0.0, 0.0, 1.0],
                [0.684142, -0.424416, -0.593145, -0.0, -0.039933, 0.790236, -0.6115, 0.4, 0.728255, 0.442039, 0.523685, 0.0, 0.0, 0.0, 0.0, 1.0],
                [0.125254, -0.661379, -0.73952, 0.0, -0.265897, 0.695743, -0.667264, 0.4, 0.95583, 0.280214, -0.088714, -0.0, 0.0, 0.0, 0.0, 1.0],
                [0.137274, -0.206502, -0.968769, 0.0, -0.001831, 0.977973, -0.208724, 0.4, 0.990531, 0.030426, 0.133872, 0.0, 0.0, 0.0, 0.0, 1.0]
            ]
        },
        {
            "name": "Shoulder_R",
            "time": [0.0, 0.0333, 0.1, 0.2, 0.4],
            "transform": [
                [-0.225729, 0.915517, 0.332987, -0.0, 0.060445, -0.327989, 0.942747, 0.4, 0.972312, 0.232934, 0.018698, 0.0, 0.0, 0.0, 0.0, 1.0],
                [-0.250011, 0.928617, 0.27417, 0.0, 0.066947, -0.265906, 0.961672, 0.4, 0.965925, 0.258784, 0.004311, 0.0, 0.0, 0.0, 0.0, 1.0],
                [-0.234152, 0.918727, 0.317986, -0.0, 0.0627, -0.312128, 0.94797, 0.4, 0.970175, 0.241908, 0.015481, 0.0, 0.0, 0.0, 0.0, 1.0],
                [-0.02874, 0.923897, 0.38156, 0.0, 0.007693, -0.381502, 0.924336, 0.4, 0.999557, 0.0295, 0.003856, -0.0, 0.0, 0.0, 0.0, 1.0],
                [-0.02874, 0.923897, 0.38156, 0.0, 0.007693, -0.381502, 0.924336, 0.4, 0.999557, 0.0295, 0.003857, 0.0, 0.0, 0.0, 0.0, 1.0]
            ]
        },
        {
            "name": "Arm_R",
            "time": [0.0, 0.0333, 0.0667, 0.1, 0.2, 0.4],
            "transform": [
                [0.889072, 0.42451, -0.171293, -0.0, -0.120486, 0.578005, 0.807081, 0.388213, 0.441628, -0.69692, 0.565031, 0.0, 0.0, 0.0, 0.0, 1.0],
                [-0.204416, 0.319282, 0.925348, 0.0, 0.590653, 0.794058, -0.143504, 0.388213, -0.780603, 0.517224, -0.350904, 0.0, 0.0, 0.0, 0.0, 1.0],
                [-0.609284, -0.015364, 0.7928, -0.0, 0.742031, 0.341465, 0.576879, 0.388213, -0.279578, 0.939768, -0.196648, 0.0, 0.0, 0.0, 0.0, 1.0],
                [0.250276, -0.76884, 0.588424, 0.0, 0.967703, 0.217625, -0.127244, 0.388213, -0.030225, 0.601268, 0.798472, 0.0, 0.0, 0.0, 0.0, 1.0],
                [0.916549, 0.147445, 0.371749, -0.0, 0.288935, 0.398553, -0.87044, 0.388213, -0.276505, 0.905215, 0.32269, -0.0, 0.0, 0.0, 0.0, 1.0],
                [0.871881, 0.000558, 0.489716, 0.0, 0.064832, 0.991066, -0.116554, 0.388213, -0.485408, 0.133372, 0.864052, 0.0, 0.0, 0.0, 0.0, 1.0]
            ]
        },
        {
            "name": "Hand_R",
            "time": [0.0, 0.0333, 0.0667, 0.1, 0.2, 0.4],
            "transform": [
                [0.998626, 0.046944, 0.023114, -0.0, 0.008038, 0.298869, -0.954255, 0.329779, -0.051704, 0.953147, 0.298078, -0.0, 0.0, 0.0, 0.0, 1.0],
                [0.997161, -0.005628, 0.075025, 0.0, 0.028837, 0.94963, -0.312038, 0.329779, -0.069489, 0.313314, 0.947108, -0.0, 0.0, 0.0, 0.0, 1.0],
                [0.964123, -0.204259, 0.169532, 0.0, 0.265037, 0.776241, -0.57202, 0.329779, -0.014758, 0.596436, 0.802524, -0.0, 0.0, 0.0, 0.0, 1.0],
                [0.999956, -0.007868, 0.004855, -0.0, 0.008946, 0.955987, -0.293283, 0.329779, -0.002334, 0.293316, 0.95601, -0.0, 0.0, 0.0, 0.0, 1.0],
                [0.999424, -0.009585, -0.032567, -0.0, 0.0092, 0.999886, -0.011948, 0.329779, 0.032678, 0.011642, 0.999398, -0.0, 0.0, 0.0, 0.0, 1.0],
                [0.999424, -0.023859, -0.024151, 0.0, 0.0092, 0.875126, -0.483808, 0.329779, 0.032678, 0.483307, 0.874841, 0.0, 0.0, 0.0, 0.0, 1.0]
            ]
        },
        {
            "name": "Tool_R",
            "time": [0.0, 0.0333, 0.0667, 0.1, 0.2, 0.4],
            "transform": [
                [-0.999494, 0.022741, 0.022233, -0.02, -0.022235, -0.999496, 0.022736, 0.291425, 0.022739, 0.02223, 0.999494, 0.0, 0.0, 0.0, 0.0, 1.0],
                [-0.999776, 0.015108, 0.014881, -0.02, -0.014883, -0.999777, 0.015104, 0.291425, 0.015106, 0.014879, 0.999781, -0.0, 0.0, 0.0, 0.0, 1.0],
                [-0.999874, 0.011906, 0.010538, -0.02, -0.011317, -0.998462, 0.05429, 0.291425, 0.011168, 0.054163, 0.998477, -0.0, 0.0, 0.0, 0.0, 1.0],
                [-0.999912, 0.006743, 0.0114, -0.02, -0.009586, -0.962364, -0.271601, 0.291426, 0.009139, -0.271684, 0.962352, 0.0, 0.0, 0.0, 0.0, 1.0],
                [-1.0, 0.0, 0.0, -0.02, -0.0, -1.0, -0.0, 0.291425, 0.0, -0.0, 1.000015, -0.0, 0.0, 0.0, 0.0, 1.0],
                [-1.0, 0.0, 0.0, -0.02, -0.0, -1.0, -0.0, 0.291425, 0.0, -0.0, 1.000015, -0.0, 0.0, 0.0, 0.0, 1.0]
            ]
        },
        {
            "name": "Elbow_R",
            "time": [0.0, 0.0333, 0.1, 0.2, 0.4],
            "transform": [
                [-1.0, 0.0, -1e-06, -0.0, 1e-06, 0.600916, -0.79931, 0.329779, 0.0, -0.799314, -0.600917, -0.0, 0.0, 0.0, 0.0, 1.0],
                [-1.0, -2e-06, -1e-06, 0.0, 1e-06, 0.166164, -0.986098, 0.329779, 2e-06, -0.986098, -0.166164, -0.0, 0.0, 0.0, 0.0, 1.0],
                [-1.0, 0.0, -0.0, -0.0, 0.0, 0.152745, -0.988265, 0.329779, -0.0, -0.988266, -0.152745, -0.0, 0.0, 0.0, 0.0, 1.0],
                [-0.999983, 1e-06, 0.0, -0.0, -1e-06, 0.005832, -0.999977, 0.329779, -0.0, -0.999973, -0.005816, -0.0, 0.0, 0.0, 0.0, 1.0],
                [-1.0, -0.0, -1e-06, 0.0, 0.0, 0.249692, -0.968325, 0.329779, 0.0, -0.968325, -0.249692, 0.0, 0.0, 0.0, 0.0, 1.0]
            ]
        },
        {
            "name": "Shoulder_L",
            "time": [0.0, 0.0333, 0.1, 0.2, 0.4],
            "transform": [
                [0.073793, -0.969134, -0.23523, -0.0, 0.019761, -0.234406, 0.971938, 0.4, -0.997078, -0.076371, 0.001853, 0.0, 0.0, 0.0, 0.0, 1.0],
                [0.063313, -0.95365, -0.294182, 0.0, 0.016954, -0.293703, 0.955746, 0.4, -0.99785, -0.065498, -0.002427, 0.0, 0.0, 0.0, 0.0, 1.0],
                [0.102948, -0.939303, -0.327279, -0.0, 0.027568, -0.326206, 0.944896, 0.4, -0.994304, -0.106298, -0.007688, 0.0, 0.0, 0.0, 0.0, 1.0],
                [0.037864, -0.927628, -0.371581, 0.0, 0.010139, -0.371472, 0.928388, 0.4, -0.999231, -0.038921, -0.00466, -0.0, 0.0, 0.0, 0.0, 1.0],
                [0.037865, -0.927628, -0.371581, 0.0, 0.010139, -0.371472, 0.928388, 0.4, -0.999231, -0.038921, -0.00466, 0.0, 0.0, 0.0, 0.0, 1.0]
            ]
        },
        {
            "name": "Arm_L",
            "time": [0.0, 0.0333, 0.1, 0.2, 0.4],
            "transform": [
                [0.729784, -0.61974, 0.288682, -0.0, 0.432986, 0.745737, 0.506359, 0.388212, -0.529092, -0.244538, 0.812566, 1e-06, 0.0, 0.0, 0.0, 1.0],
                [0.403727, -0.706298, 0.581505, 0.0, 0.351081, 0.706552, 0.614432, 0.388212, -0.844835, -0.043908, 0.533222, 1e-06, 0.0, 0.0, 0.0, 1.0],
                [0.041999, -0.502663, 0.863462, -0.0, -0.182867, 0.845758, 0.501251, 0.388212, -0.98224, -0.178951, -0.0564, 1e-06, 0.0, 0.0, 0.0, 1.0],
                [-0.292763, -0.226018, 0.929088, 0.0, -0.483091, 0.873493, 0.060268, 0.388212, -0.825174, -0.43119, -0.364914, 0.0, 0.0, 0.0, 0.0, 1.0],
                [-0.423574, -0.362044, 0.830367, 0.0, -0.527955, 0.843543, 0.098477, 0.388212, -0.736103, -0.396684, -0.548446, 0.0, 0.0, 0.0, 0.0, 1.0]
            ]
        },
        {
            "name": "Hand_L",
            "time": [0.0, 0.0333, 0.1, 0.2, 0.4],
            "transform": [
                [0.999946, -0.008301, -0.006318, 0.0, 0.005864, 0.948161, -0.317737, 0.329779, 0.008628, 0.317683, 0.948158, 0.0, 0.0, 0.0, 0.0, 1.0],
                [0.999655, 0.02546, -0.006417, 0.0, -0.026065, 0.932826, -0.359384, 0.329779, -0.003164, 0.359428, 0.933168, -0.0, 0.0, 0.0, 0.0, 1.0],
                [0.999958, 0.006497, -0.00639, -0.0, -0.008045, 0.958773, -0.284061, 0.329779, 0.004281, 0.2841, 0.958785, -0.0, 0.0, 0.0, 0.0, 1.0],
                [0.999971, 0.003886, -0.006554, -0.0, -0.005759, 0.948685, -0.316171, 0.329779, 0.004989, 0.316199, 0.948679, 0.0, 0.0, 0.0, 0.0, 1.0],
                [0.999971, 0.001655, -0.007438, -0.0, -0.005759, 0.803254, -0.595609, 0.329779, 0.004989, 0.595634, 0.80324, -0.0, 0.0, 0.0, 0.0, 1.0]
            ]
        },
        {
            "name": "Tool_L",
            "time": [0.0, 0.0333, 0.1, 0.2, 0.4],
            "transform": [
                [1.0, 1.6e-05, -1.2e-05, 0.02, 7e-06, -0.863292, -0.504704, 0.291426, -1.8e-05, 0.504704, -0.863293, 0.0, 0.0, 0.0, 0.0, 1.0],
                [1.0, 6e-06, -1.2e-05, 0.02, 6e-06, -0.999839, 0.017931, 0.291426, -1.2e-05, -0.017931, -0.999846, -0.0, 0.0, 0.0, 0.0, 1.0],
                [1.0, 5e-06, -6e-06, 0.02, 4e-06, -0.991924, -0.126835, 0.291426, -7e-06, 0.126833, -0.991935, -0.0, 0.0, 0.0, 0.0, 1.0],
                [1.0, 0.0, 0.0, 0.02, -0.0, -1.0, -0.0, 0.291426, 0.0, 0.0, -1.00002, -0.0, 0.0, 0.0, 0.0, 1.0],
                [1.0, 0.0, 0.0, 0.02, 0.0, -1.0, 0.0, 0.291426, 0.0, 0.0, -1.00002, -0.0, 0.0, 0.0, 0.0, 1.0]
            ]
        },
        {
            "name": "Elbow_L",
            "time": [0.0, 0.0333, 0.1, 0.2, 0.4],
            "transform": [
                [-1.0, -0.0, -0.0, 0.0, 0.0, 0.160945, -0.986964, 0.329779, -0.0, -0.986964, -0.160945, 0.0, 0.0, 0.0, 0.0, 1.0],
                [-1.0, 0.0, -0.0, 0.0, 0.0, 0.182794, -0.983151, 0.329779, -0.0, -0.983151, -0.182794, -0.0, 0.0, 0.0, 0.0, 1.0],
                [-1.0, -0.0, -0.0, -0.0, 0.0, 0.143538, -0.989645, 0.329779, 0.0, -0.989645, -0.143538, -0.0, 0.0, 0.0, 0.0, 1.0],
                [-1.0, -0.0, -0.0, -0.0, 0.0, 0.160169, -0.98709, 0.329779, 0.0, -0.987089, -0.160169, 0.0, 0.0, 0.0, 0.0, 1.0],
                [-1.0, -0.0, -1e-06, -0.0, 0.0, 0.313647, -0.94954, 0.329779, 0.0, -0.949539, -0.313647, -0.0, 0.0, 0.0, 0.0, 1.0]
            ]
        }
    ]
}