{

    "animation": [
        {
            "name": "Root",
            "time": [0.0, 0.05, 0.1333, 0.2, 0.5667],
            "transform": [
                [0.723046, -0.042013, -0.689521, -5e-06, -0.689808, 0.009556, -0.72393, 0.000946, 0.037003, 0.999071, -0.022071, 0.773972, 0.0, 0.0, 0.0, 1.0],
                [0.560025, -0.042013, -0.82741, -5e-06, -0.827878, 0.009556, -0.560827, 0.000946, 0.031469, 0.999071, -0.02943, 0.633934, 0.0, 0.0, 0.0, 1.0],
                [0.999561, -0.028994, 0.00603, -5e-06, 0.014482, 0.300945, -0.953531, 0.200946, 0.025832, 0.953201, 0.301233, 0.722373, 0.0, 0.0, 0.0, 1.0],
                [0.70049, -0.022483, 0.713308, -5e-06, 0.676861, 0.337749, -0.654052, 0.400946, -0.226215, 0.940968, 0.251808, 0.433125, 0.0, 0.0, 0.0, 1.0],
                [0.821573, -0.022483, 0.56966, -5e-06, 0.542545, 0.337749, -0.769136, 0.400946, -0.17511, 0.940968, 0.289684, 0.553125, 0.0, 0.0, 0.0, 1.0]
            ]
        },
        {
            "name": "Thigh_R",
            "time": [0.0, 0.05, 0.1333, 0.2, 0.5667],
            "transform": [
                [0.998006, 0.032318, -0.054221, 0.124994, 0.062904, -0.580545, 0.811794, -0.002831, -0.005242, -0.813584, -0.581421, -1.2e-05, 0.0, 0.0, 0.0, 1.0],
                [0.996455, 0.073466, -0.040994, 0.124994, 0.08352, -0.922382, 0.377138, -0.00283, -0.010106, -0.379224, -0.925249, -1.2e-05, 0.0, 0.0, 0.0, 1.0],
                [0.949768, 0.177716, 0.257599, 0.124994, 0.1726, -0.984072, 0.04253, -0.002831, 0.261055, 0.004068, -0.965315, -1.2e-05, 0.0, 0.0, 0.0, 1.0],
                [0.850427, 0.325141, 0.41359, 0.124994, 0.257976, -0.942877, 0.210785, -0.002831, 0.4585, -0.072561, -0.885727, -1.2e-05, 0.0, 0.0, 0.0, 1.0],
                [0.839636, 0.27996, 0.465439, 0.124994, 0.174072, -0.950427, 0.257658, -0.002831, 0.514499, -0.13532, -0.846746, -1.2e-05, 0.0, 0.0, 0.0, 1.0]
            ]
        },
        {
            "name": "Leg_R",
            "time": [0.0, 0.05, 0.1333, 0.2, 0.5667],
            "transform": [
                [0.999606, 0.022715, -0.016505, -0.0, 0.017447, -0.04191, 0.998968, 0.37472, 0.022, -0.998864, -0.04229, -0.0, 0.0, 0.0, 0.0, 1.0],
                [0.999061, 0.035282, -0.025164, 0.0, 0.017438, 0.204303, 0.978753, 0.37472, 0.039674, -0.978271, 0.203496, 0.0, 0.0, 0.0, 0.0, 1.0],
                [0.999436, -0.020797, -0.026341, -0.0, 0.033537, 0.589383, 0.807157, 0.37472, -0.001261, -0.807586, 0.589748, -0.0, 0.0, 0.0, 0.0, 1.0],
                [0.995166, -0.081083, -0.055402, 0.0, 0.063742, 0.104177, 0.992513, 0.37472, -0.074704, -0.991247, 0.108842, -0.0, 0.0, 0.0, 0.0, 1.0],
                [0.996931, -0.074108, -0.025211, 0.0, 0.061455, 0.541473, 0.838469, 0.37472, -0.048486, -0.837446, 0.544365, 0.0, 0.0, 0.0, 0.0, 1.0]
            ]
        },
        {
            "name": "Knee_R",
            "time": [0.0, 0.05, 0.2, 0.5667],
            "transform": [
                [0.999884, 0.007839, -0.0131, -0.0, -0.014725, 0.721755, -0.691994, 0.37472, 0.004031, 0.692104, 0.721785, -0.0, 0.0, 0.0, 0.0, 1.0],
                [0.999735, 0.013175, -0.018855, 0.0, -0.022941, 0.630659, -0.775722, 0.37472, 0.001671, 0.775948, 0.630794, 0.0, 0.0, 0.0, 0.0, 1.0],
                [0.998613, -0.051216, -0.012168, 0.0, 0.025154, 0.667304, -0.744361, 0.37472, 0.046243, 0.743022, 0.667667, 0.0, 0.0, 0.0, 0.0, 1.0],
                [0.999183, -0.040288, -0.003185, 0.0, 0.016437, 0.47712, -0.878685, 0.37472, 0.03692, 0.877914, 0.477393, 0.0, 0.0, 0.0, 0.0, 1.0]
            ]
        },
        {
            "name": "Thigh_L",
            "time": [0.0, 0.05, 0.1333, 0.2, 0.5667],
            "transform": [
                [0.866621, -0.01663, -0.498688, -0.125006, -0.045823, -0.997872, -0.046354, -0.002831, -0.496857, 0.063023, -0.865541, -1.2e-05, 0.0, 0.0, 0.0, 1.0],
                [0.988747, -0.123614, -0.08425, -0.125006, -0.085056, -0.927839, 0.36315, -0.002831, -0.123061, -0.351897, -0.927913, -1.2e-05, 0.0, 0.0, 0.0, 1.0],
                [0.992504, 0.078864, 0.093353, -0.125006, -0.066177, -0.295358, 0.95309, -0.002831, 0.102737, -0.952125, -0.287925, -1.2e-05, 0.0, 0.0, 0.0, 1.0],
                [0.939653, 0.306014, 0.152995, -0.125006, -0.148459, -0.038191, 0.98818, -0.002831, 0.308241, -0.95126, 0.009545, -1.2e-05, 0.0, 0.0, 0.0, 1.0],
                [0.930691, 0.283463, 0.231221, -0.125006, -0.140827, -0.305725, 0.941647, -0.002831, 0.337613, -0.908944, -0.244616, -1.2e-05, 0.0, 0.0, 0.0, 1.0]
            ]
        },
        {
            "name": "Leg_L",
            "time": [0.0, 0.05, 0.1333, 0.2, 0.5667],
            "transform": [
                [0.997324, 0.070697, -0.018625, 0.0, -0.024407, 0.562104, 0.826708, 0.37472, 0.068915, -0.824041, 0.562325, 0.0, 0.0, 0.0, 0.0, 1.0],
                [0.998768, 0.043271, 0.024303, -0.0, -0.017433, -0.152584, 0.988139, 0.37472, 0.046466, -0.987343, -0.151642, -0.0, 0.0, 0.0, 0.0, 1.0],
                [0.989995, 0.140886, 0.00777, 0.0, -0.024005, 0.113909, 0.993201, 0.37472, 0.139043, -0.983452, 0.116151, 0.0, 0.0, 0.0, 0.0, 1.0],
                [0.983198, 0.172697, -0.059133, -0.0, -0.056281, 0.594956, 0.801785, 0.37472, 0.173648, -0.784985, 0.59468, 0.0, 0.0, 0.0, 0.0, 1.0],
                [0.984527, 0.149616, 0.09123, -0.0, -0.174444, 0.787321, 0.591349, 0.37472, 0.016648, -0.598113, 0.801238, 0.0, 0.0, 0.0, 0.0, 1.0]
            ]
        },
        {
            "name": "Knee_L",
            "time": [0.0, 0.05, 0.2, 0.5667],
            "transform": [
                [0.99929, 0.033058, -0.018098, 0.0, -0.031448, 0.466791, -0.883809, 0.37472, -0.020769, 0.88375, 0.467499, 0.0, 0.0, 0.0, 0.0, 1.0],
                [0.999627, 0.02723, 0.002204, -0.0, -0.01923, 0.758661, -0.651202, 0.37472, -0.019404, 0.650916, 0.7589, -0.0, 0.0, 0.0, 0.0, 1.0],
                [0.995557, 0.079669, -0.0502, -0.0, -0.080485, 0.443189, -0.892808, 0.37472, -0.048881, 0.892881, 0.447632, 0.0, 0.0, 0.0, 0.0, 1.0],
                [0.996022, 0.082528, 0.033593, -0.0, 0.005863, 0.315499, -0.948908, 0.37472, -0.08891, 0.945331, 0.31376, 0.0, 0.0, 0.0, 0.0, 1.0]
            ]
        },
        {
            "name": "Torso",
            "time": [0.0, 0.05, 0.1333, 0.1667, 0.2, 0.3167, 0.5667],
            "transform": [
                [0.999997, -0.002633, -1.1e-05, -0.0, 0.002633, 0.999988, 0.00424, 0.05, -0.0, -0.00424, 0.999991, -0.0, 0.0, 0.0, 0.0, 1.0],
                [0.99913, -0.041632, 0.002228, 0.0, 0.041692, 0.997703, -0.053397, 0.05, 0.0, 0.053443, 0.998571, -0.0, 0.0, 0.0, 0.0, 1.0],
                [0.995073, -0.098758, 0.008767, 0.0, 0.099147, 0.991175, -0.087989, 0.05, 0.0, 0.088424, 0.996083, 0.0, 0.0, 0.0, 0.0, 1.0],
                [0.992313, -0.123678, 0.00441, -0.0, 0.123756, 0.991682, -0.035361, 0.05, -0.0, 0.035635, 0.999365, -0.0, 0.0, 0.0, 0.0, 1.0],
                [0.987393, 0.157099, -0.019368, 0.0, -0.158289, 0.979974, -0.120815, 0.05, -0.0, 0.122358, 0.992486, 0.0, 0.0, 0.0, 0.0, 1.0],
                [0.980329, 0.197296, -0.005379, -0.0, -0.19737, 0.979965, -0.026716, 0.05, 0.0, 0.027252, 0.999629, -0.0, 0.0, 0.0, 0.0, 1.0],
                [0.996633, 0.080844, -0.013648, -0.0, -0.081988, 0.982728, -0.1659, 0.05, -0.0, 0.166461, 0.986048, -0.0, 0.0, 0.0, 0.0, 1.0]
            ]
        },
        {
            "name": "Chest",
            "time": [0.0, 0.05, 0.1333, 0.1667, 0.2, 0.3167, 0.5667],
            "transform": [
                [0.927861, 0.065199, -0.367181, -0.0, -0.129301, 0.979767, -0.152767, 0.3, 0.349792, 0.189223, 0.917518, -0.0, 0.0, 0.0, 0.0, 1.0],
                [0.927929, 0.111958, -0.355546, -0.0, -0.160192, 0.981031, -0.109163, 0.3, 0.33658, 0.158251, 0.928262, 0.0, 0.0, 0.0, 0.0, 1.0],
                [0.878188, 0.103627, -0.466955, -0.0, 0.00727, 0.973245, 0.229656, 0.3, 0.47826, -0.205076, 0.853939, -0.0, 0.0, 0.0, 0.0, 1.0],
                [0.962599, 0.206854, 0.17497, 0.0, -0.258693, 0.893643, 0.366716, 0.3, -0.080504, -0.398264, 0.913731, 0.0, 0.0, 0.0, 0.0, 1.0],
                [0.830405, 0.075368, 0.552039, -0.0, -0.356988, 0.832684, 0.423317, 0.3, -0.427769, -0.548596, 0.71837, 0.0, 0.0, 0.0, 0.0, 1.0],
                [0.844036, 0.080159, 0.530261, 0.0, -0.346729, 0.835878, 0.425542, 0.3, -0.409123, -0.54303, 0.733305, -0.0, 0.0, 0.0, 0.0, 1.0],
                [0.82827, 0.10173, 0.551017, 0.0, -0.39209, 0.807742, 0.440249, 0.3, -0.400293, -0.580693, 0.708915, 0.0, 0.0, 0.0, 0.0, 1.0]
            ]
        },
        {
            "name": "Head",
            "time": [0.0, 0.05, 0.1333, 0.1667, 0.2, 0.5667],
            "transform": [
                [0.543778, -0.209974, 0.812537, 0.0, -0.080893, 0.950572, 0.299781, 0.4, -0.835321, -0.228743, 0.499915, 0.0, 0.0, 0.0, 0.0, 1.0],
                [0.419597, -0.210332, 0.883005, 0.0, -0.101717, 0.95576, 0.275998, 0.4, -0.901993, -0.205625, 0.37964, 0.0, 0.0, 0.0, 0.0, 1.0],
                [0.908733, -0.067612, 0.411865, 0.0, 0.059258, 0.997696, 0.033038, 0.4, -0.41315, -0.005616, 0.910645, -0.0, 0.0, 0.0, 0.0, 1.0],
                [0.879001, -0.154924, -0.45095, 0.0, -0.029238, 0.926452, -0.375275, 0.4, 0.475922, 0.343052, 0.809823, 0.0, 0.0, 0.0, 0.0, 1.0],
                [0.304762, -0.277604, -0.911074, 0.0, -0.104738, 0.94101, -0.32176, 0.4, 0.946652, 0.193484, 0.257708, 0.0, 0.0, 0.0, 0.0, 1.0],
                [0.498166, -0.247224, -0.83109, 0.0, -0.073871, 0.942905, -0.324765, 0.4, 0.863929, 0.223181, 0.451461, 0.0, 0.0, 0.0, 0.0, 1.0]
            ]
        },
        {
            "name": "Shoulder_R",
            "time": [0.0, 0.05, 0.1667, 0.2, 0.5667],
            "transform": [
                [-0.268338, 0.941401, 0.204349, 0.0, -0.004228, -0.213277, 0.976982, 0.4, 0.963316, 0.261297, 0.06121, 0.0, 0.0, 0.0, 0.0, 1.0],
                [-0.268338, 0.941401, 0.204349, 0.0, -0.004228, -0.213278, 0.976982, 0.4, 0.963316, 0.261297, 0.06121, -0.0, 0.0, 0.0, 0.0, 1.0],
                [0.021581, 0.992607, 0.11944, 0.0, -0.053763, -0.118142, 0.99154, 0.4, 0.998321, -0.02782, 0.050816, -0.0, 0.0, 0.0, 0.0, 1.0],
                [-0.098268, 0.990507, 0.096114, 0.0, -0.042257, -0.100647, 0.994024, 0.4, 0.994263, 0.093619, 0.051747, 0.0, 0.0, 0.0, 0.0, 1.0],
                [-0.075283, 0.911632, 0.404054, 0.0, 0.026846, -0.403204, 0.914716, 0.4, 0.996801, 0.07971, 0.005881, 0.0, 0.0, 0.0, 0.0, 1.0]
            ]
        },
        {
            "name": "Arm_R",
            "time": [0.0, 0.05, 0.1333, 0.1667, 0.2, 0.3167, 0.5667],
            "transform": [
                [0.761357, -0.485177, 0.430044, -0.0, 0.646525, 0.617662, -0.447771, 0.388385, -0.048373, 0.618948, 0.78394, -0.0, 0.0, 0.0, 0.0, 1.0],
                [0.761357, -0.485177, 0.430044, 0.0, 0.646525, 0.617662, -0.447771, 0.388385, -0.048373, 0.618948, 0.78394, 0.0, 0.0, 0.0, 0.0, 1.0],
                [-0.538842, -0.23041, 0.810284, 0.0, 0.762681, 0.27502, 0.58539, 0.388385, -0.357724, 0.93342, 0.027538, -0.0, 0.0, 0.0, 0.0, 1.0],
                [0.479664, -0.722619, 0.497738, 0.0, 0.87386, 0.444681, -0.196536, 0.388385, -0.079314, 0.529225, 0.844765, 0.0, 0.0, 0.0, 0.0, 1.0],
                [0.923384, -0.378263, 0.065407, -0.0, 0.338525, 0.882725, 0.325876, 0.388385, -0.181004, -0.278767, 0.943146, -0.0, 0.0, 0.0, 0.0, 1.0],
                [0.872415, -0.4388, -0.21528, -0.0, 0.477139, 0.860097, 0.180473, 0.388385, 0.10597, -0.260166, 0.95973, -0.0, 0.0, 0.0, 0.0, 1.0],
                [0.690111, -0.616992, -0.378241, 0.0, 0.642834, 0.762686, -0.071238, 0.388385, 0.332432, -0.193984, 0.922961, -0.0, 0.0, 0.0, 0.0, 1.0]
            ]
        },
        {
            "name": "Hand_R",
            "time": [0.0, 0.05, 0.1333, 0.1667, 0.2, 0.3167, 0.5667],
            "transform": [
                [0.658334, -0.000402, 0.752726, 0.0, 0.735064, 0.215697, -0.642772, 0.33, -0.162102, 0.97646, 0.142296, 0.0, 0.0, 0.0, 0.0, 1.0],
                [0.598396, -0.000402, 0.8012, -0.0, 0.782392, 0.215697, -0.58424, 0.33, -0.172582, 0.97646, 0.129387, 0.0, 0.0, 0.0, 0.0, 1.0],
                [0.912233, -0.342285, 0.225107, 0.0, 0.397405, 0.605893, -0.689176, 0.33, 0.099504, 0.718147, 0.688741, -0.0, 0.0, 0.0, 0.0, 1.0],
                [0.988268, -0.143208, 0.05308, 0.0, 0.108497, 0.413685, -0.903932, 0.33, 0.107492, 0.899087, 0.424369, -0.0, 0.0, 0.0, 0.0, 1.0],
                [0.983913, -0.144607, 0.104902, 0.0, 0.12697, 0.152959, -0.980042, 0.33, 0.125675, 0.977596, 0.168859, -0.0, 0.0, 0.0, 0.0, 1.0],
                [0.979331, -0.15045, 0.135189, 0.0, 0.180218, 0.3456, -0.920914, 0.33, 0.09183, 0.926243, 0.36557, -0.0, 0.0, 0.0, 0.0, 1.0],
                [0.980656, -0.117853, 0.156284, 0.0, 0.194445, 0.494866, -0.846935, 0.33, 0.022474, 0.860941, 0.508208, -0.0, 0.0, 0.0, 0.0, 1.0]
            ]
        },
        {
            "name": "Tool_R",
            "time": [0.0, 0.05, 0.2, 0.5667],
            "transform": [
                [1.0, 0.0, -0.0, -0.0, 0.0, 0.985045, 0.172299, 0.291204, 0.0, -0.172299, 0.985045, 0.0, 0.0, 0.0, 0.0, 1.0],
                [1.0, 0.0, -0.0, -0.0, -0.0, 0.985045, 0.172299, 0.291204, 0.0, -0.172299, 0.985045, 0.0, 0.0, 0.0, 0.0, 1.0],
                [1.0, 0.0, -0.0, 0.0, 0.0, 0.975078, 0.221862, 0.291204, 0.0, -0.221862, 0.975079, 0.0, 0.0, 0.0, 0.0, 1.0],
                [1.0, 0.0, -0.0, 0.0, 0.0, 0.975079, 0.221862, 0.291204, 0.0, -0.221862, 0.975078, 0.0, 0.0, 0.0, 0.0, 1.0]
            ]
        },
        {
            "name": "Elbow_R",
            "time": [0.0, 0.05, 0.2, 0.5667],
            "transform": [
                [-0.897495, -0.27801, -0.342364, 0.0, 0.077257, 0.66518, -0.742675, 0.33, 0.434206, -0.692998, -0.575518, 0.0, 0.0, 0.0, 0.0, 1.0],
                [-0.878041, -0.295934, -0.376122, 0.0, 0.088768, 0.671562, -0.735612, 0.33, 0.470281, -0.679285, -0.563389, 0.0, 0.0, 0.0, 0.0, 1.0],
                [-0.995441, 0.023826, -0.092353, 0.0, 0.086215, 0.638864, -0.764474, 0.33, 0.040787, -0.768951, -0.638006, 0.0, 0.0, 0.0, 0.0, 1.0],
                [-0.994814, -0.063948, -0.079102, -0.0, 0.037214, 0.49493, -0.868136, 0.33, 0.094665, -0.866578, -0.489983, 0.0, 0.0, 0.0, 0.0, 1.0]
            ]
        },
        {
            "name": "Shoulder_L",
            "time": [0.0, 0.05, 0.2, 0.5667],
            "transform": [
                [0.086761, -0.902567, -0.421716, -0.0, 0.023222, -0.421365, 0.906593, 0.4, -0.995959, -0.08845, -0.015598, 0.0, 0.0, 0.0, 0.0, 1.0],
                [0.086761, -0.902567, -0.421716, -0.0, 0.023222, -0.421365, 0.906593, 0.4, -0.995959, -0.08845, -0.015598, 0.0, 0.0, 0.0, 0.0, 1.0],
                [0.084638, -0.941518, -0.32616, -0.0, 0.022654, -0.325432, 0.945294, 0.4, -0.996154, -0.087396, -0.006215, 0.0, 0.0, 0.0, 0.0, 1.0],
                [-0.105574, -0.938992, -0.327334, 0.0, -0.028263, -0.326207, 0.944876, 0.4, -0.99401, 0.109006, 0.0079, 0.0, 0.0, 0.0, 0.0, 1.0]
            ]
        },
        {
            "name": "Arm_L",
            "time": [0.0, 0.05, 0.1333, 0.2, 0.5667],
            "transform": [
                [-0.15257, 0.629109, 0.762197, -0.0, 0.062161, 0.775807, -0.6279, 0.388354, -0.986336, -0.04842, -0.157471, 0.0, 0.0, 0.0, 0.0, 1.0],
                [-0.15257, 0.699901, 0.697754, -0.0, 0.062161, 0.711417, -0.700015, 0.388354, -0.986336, -0.063429, -0.152048, 0.0, 0.0, 0.0, 0.0, 1.0],
                [0.569576, 0.492159, 0.658303, 0.0, -0.488764, 0.846729, -0.210142, 0.388355, -0.660828, -0.202063, 0.722826, -0.0, 0.0, 0.0, 0.0, 1.0],
                [0.573233, 0.47366, 0.668618, 0.0, -0.646479, 0.762806, 0.013867, 0.388354, -0.503458, -0.440197, 0.743476, -0.0, 0.0, 0.0, 0.0, 1.0],
                [0.482274, 0.566005, 0.668618, -0.0, -0.769117, 0.638958, 0.013867, 0.388354, -0.41937, -0.520934, 0.743476, 0.0, 0.0, 0.0, 0.0, 1.0]
            ]
        },
        {
            "name": "Hand_L",
            "time": [0.0, 0.05, 0.1333, 0.2, 0.5667],
            "transform": [
                [0.057003, 0.002307, -0.998372, 0.0, -0.624808, 0.780044, -0.033872, 0.33, 0.778695, 0.625721, 0.045906, -0.0, 0.0, 0.0, 0.0, 1.0],
                [0.152654, 0.002085, -0.988278, -0.0, -0.728441, 0.676042, -0.111092, 0.33, 0.667885, 0.736861, 0.10472, 0.0, 0.0, 0.0, 0.0, 1.0],
                [0.84519, 0.233406, -0.480808, 0.0, -0.491215, 0.693751, -0.526705, 0.33, 0.210625, 0.681346, 0.701003, 0.0, 0.0, 0.0, 0.0, 1.0],
                [0.735163, 0.545882, -0.40193, 0.0, -0.668309, 0.4843, -0.564639, 0.33, -0.113572, 0.683715, 0.720857, 0.0, 0.0, 0.0, 0.0, 1.0],
                [0.876141, 0.40993, -0.253643, -0.0, -0.467288, 0.592993, -0.655745, 0.33, -0.118401, 0.693049, 0.711101, 0.0, 0.0, 0.0, 0.0, 1.0]
            ]
        },
        {
            "name": "Tool_L",
            "time": [0.0, 0.05, 0.2, 0.5667],
            "transform": [
                [1.0, -0.0, 0.0, -0.0, 0.0, -1.0, 0.0, 0.291204, 0.0, -0.0, -1.0, 0.0, 0.0, 0.0, 0.0, 1.0],
                [1.0, -0.0, 0.0, 0.0, -0.0, -1.0, -0.0, 0.291204, 0.0, 0.0, -1.0, 0.0, 0.0, 0.0, 0.0, 1.0],
                [1.0, 0.0, 0.0, -0.0, -0.0, -1.0, 0.0, 0.291204, 0.0, -0.0, -1.0, 0.0, 0.0, 0.0, 0.0, 1.0],
                [1.0, -0.0, 0.0, -0.0, -0.0, -1.0, -0.0, 0.291204, 0.0, -0.0, -1.0, 0.0, 0.0, 0.0, 0.0, 1.0]
            ]
        },
        {
            "name": "Elbow_L",
            "time": [0.0, 0.05, 0.2, 0.5667],
            "transform": [
                [-0.634469, 0.569207, 0.522928, 0.0, 0.161899, 0.759394, -0.630167, 0.33, -0.755803, -0.31516, -0.573965, 0.0, 0.0, 0.0, 0.0, 1.0],
                [-0.697312, 0.54529, 0.465204, -0.0, 0.112638, 0.724331, -0.680189, 0.33, -0.707862, -0.421905, -0.566504, 0.0, 0.0, 0.0, 0.0, 1.0],
                [-0.929285, 0.282955, 0.237415, 0.0, -0.127858, 0.356604, -0.925465, 0.33, -0.346528, -0.890377, -0.295209, 0.0, 0.0, 0.0, 0.0, 1.0],
                [-0.967448, 0.175899, 0.181942, 0.0, -0.107074, 0.36691, -0.924074, 0.33, -0.2293, -0.913475, -0.336132, 0.0, 0.0, 0.0, 0.0, 1.0]
            ]
        }
    ]
}