{

    "animation": [
        {
            "name": "Root",
            "time": [0.0, 0.0333, 0.0667, 0.2, 0.4, 0.5],
            "transform": [
                [1.0, -0.0, 0.0, -5e-06, 0.0, 0.0, -1.0, 0.000164, 0.0, 1.0, 0.0, 0.594475, 0.0, 0.0, 0.0, 1.0],
                [0.970976, 0.033924, -0.23676, -5e-06, -0.238834, 0.08442, -0.967384, 0.300555, -0.012831, 0.995853, 0.090072, 0.610301, 0.0, 0.0, 0.0, 1.0],
                [0.866025, 0.097368, -0.490428, -5e-06, -0.5, 0.168646, -0.849446, 0.600946, 0.0, 0.980856, 0.194736, 0.626127, 0.0, 0.0, 0.0, 1.0],
                [0.717944, 0.060529, -0.693465, -5e-06, -0.695991, 0.080113, -0.713567, 0.600946, 0.012364, 0.994946, 0.099644, 0.661437, 0.0, 0.0, 0.0, 1.0],
                [0.609364, -0.0, -0.792891, -5e-06, -0.792891, 0.0, -0.609364, 0.600946, 0.0, 1.0, -0.0, 0.667904, 0.0, 0.0, 0.0, 1.0],
                [0.609364, -0.0, -0.792891, -5e-06, -0.792891, 0.0, -0.609364, 0.600946, 0.0, 1.0, -0.0, 0.667904, 0.0, 0.0, 0.0, 1.0]
            ]
        },
        {
            "name": "Thigh_R",
            "time": [0.0, 0.0333, 0.0667, 0.2, 0.4, 0.5],
            "transform": [
                [0.988823, 0.122764, -0.084614, 0.124994, 0.123975, -0.992243, 0.009183, -0.002831, -0.08283, -0.01957, -0.996372, -1.2e-05, 0.0, 0.0, 0.0, 1.0],
                [0.972311, 0.204805, -0.112542, 0.124994, 0.21384, -0.973985, 0.075008, -0.002831, -0.094252, -0.096997, -0.990812, -1.2e-05, 0.0, 0.0, 0.0, 1.0],
                [0.920965, 0.263636, -0.286915, 0.124994, 0.302549, -0.947852, 0.100203, -0.002831, -0.245536, -0.179089, -0.952701, -1.2e-05, 0.0, 0.0, 0.0, 1.0],
                [0.927262, 0.374322, 0.008268, 0.124994, 0.363781, -0.905938, 0.216656, -0.002831, 0.08859, -0.197889, -0.976213, -1.2e-05, 0.0, 0.0, 0.0, 1.0],
                [0.925606, 0.377674, 0.024806, 0.124994, 0.363132, -0.904622, 0.223145, -0.002831, 0.106716, -0.197536, -0.97447, -1.2e-05, 0.0, 0.0, 0.0, 1.0],
                [0.925606, 0.377674, 0.024806, 0.124994, 0.363132, -0.904622, 0.223145, -0.002831, 0.106716, -0.197536, -0.97447, -1.2e-05, 0.0, 0.0, 0.0, 1.0]
            ]
        },
        {
            "name": "Leg_R",
            "time": [0.0, 0.0333, 0.0667, 0.2, 0.4, 0.5],
            "transform": [
                [0.999939, -0.008709, -0.00686, -0.0, 0.010812, 0.629321, 0.777071, 0.37472, -0.00245, -0.777097, 0.629377, -0.0, 0.0, 0.0, 0.0, 1.0],
                [0.999962, -0.006795, -0.005555, 0.0, 0.008723, 0.699269, 0.714805, 0.37472, -0.000973, -0.714826, 0.699302, -0.0, 0.0, 0.0, 0.0, 1.0],
                [0.999962, -0.006658, -0.005635, 0.0, 0.008723, 0.763069, 0.646258, 0.37472, -3e-06, -0.646282, 0.763099, -0.0, 0.0, 0.0, 0.0, 1.0],
                [0.999962, -0.007425, -0.004577, -0.0, 0.008723, 0.851044, 0.525022, 0.37472, -3e-06, -0.525042, 0.851077, 0.0, 0.0, 0.0, 0.0, 1.0],
                [0.999962, -0.007548, -0.004372, -0.0, 0.008723, 0.865126, 0.501479, 0.37472, -3e-06, -0.501497, 0.865159, 0.0, 0.0, 0.0, 0.0, 1.0],
                [0.999962, -0.007548, -0.004372, -0.0, 0.008723, 0.865126, 0.501479, 0.37472, -3e-06, -0.501497, 0.865159, 0.0, 0.0, 0.0, 0.0, 1.0]
            ]
        },
        {
            "name": "Knee_R",
            "time": [0.0, 0.0333, 0.0667, 0.2, 0.4, 0.5],
            "transform": [
                [0.999984, -0.005128, -0.00245, -0.0, -4e-06, 0.430482, -0.902599, 0.37472, 0.005683, 0.902585, 0.430475, -0.0, 0.0, 0.0, 0.0, 1.0],
                [0.99999, -0.003956, -0.002097, 0.0, -0.000399, 0.387751, -0.921764, 0.37472, 0.004459, 0.921755, 0.387745, -0.0, 0.0, 0.0, 0.0, 1.0],
                [0.99999, -0.003827, -0.002232, 0.0, -0.000779, 0.344168, -0.938908, 0.37472, 0.004361, 0.9389, 0.344162, -0.0, 0.0, 0.0, 0.0, 1.0],
                [0.99999, -0.004029, -0.001778, -0.0, -0.000611, 0.272879, -0.962048, 0.37472, 0.004361, 0.96204, 0.272873, 0.0, 0.0, 0.0, 0.0, 1.0],
                [0.99999, -0.004061, -0.001693, -0.0, -0.00058, 0.259656, -0.965701, 0.37472, 0.004361, 0.965693, 0.259651, 0.0, 0.0, 0.0, 0.0, 1.0],
                [0.99999, -0.004061, -0.001693, -0.0, -0.00058, 0.259656, -0.965701, 0.37472, 0.004361, 0.965693, 0.259651, 0.0, 0.0, 0.0, 0.0, 1.0]
            ]
        },
        {
            "name": "Thigh_L",
            "time": [0.0, 0.0333, 0.0667, 0.2, 0.4, 0.5],
            "transform": [
                [0.986276, -0.139707, -0.087982, -0.125006, -0.045064, -0.740451, 0.670597, -0.002831, -0.158833, -0.657428, -0.736586, -1.2e-05, 0.0, 0.0, 0.0, 1.0],
                [0.967766, -0.211367, -0.136938, -0.125006, -0.024669, -0.620669, 0.783684, -0.002831, -0.250638, -0.755043, -0.605878, -1.2e-05, 0.0, 0.0, 0.0, 1.0],
                [0.881585, -0.398463, -0.253048, -0.125006, 0.032199, -0.484076, 0.874433, -0.002831, -0.470924, -0.779034, -0.413925, -1.2e-05, 0.0, 0.0, 0.0, 1.0],
                [0.955081, -0.296342, -0.001207, -0.125006, -0.241351, -0.780199, 0.577094, -0.00283, -0.171959, -0.55088, -0.816677, -1.2e-05, 0.0, 0.0, 0.0, 1.0],
                [0.951956, -0.306234, 0.000203, -0.125006, -0.281476, -0.87473, 0.394485, -0.002831, -0.120627, -0.375589, -0.918903, -1.2e-05, 0.0, 0.0, 0.0, 1.0],
                [0.951956, -0.306234, 0.000203, -0.125006, -0.281476, -0.87473, 0.394485, -0.002831, -0.120627, -0.375589, -0.918903, -1.2e-05, 0.0, 0.0, 0.0, 1.0]
            ]
        },
        {
            "name": "Leg_L",
            "time": [0.0, 0.0333, 0.0667, 0.2, 0.4, 0.5],
            "transform": [
                [1.0, -1e-06, 2e-06, -0.0, -2e-06, -0.047578, 0.998867, 0.37472, -1e-06, -0.998868, -0.047578, -0.0, 0.0, 0.0, 0.0, 1.0],
                [1.0, -1e-06, 2e-06, 0.0, -2e-06, 0.331466, 0.943466, 0.37472, -1e-06, -0.943468, 0.331466, -0.0, 0.0, 0.0, 0.0, 1.0],
                [1.0, -1e-06, 2e-06, -0.0, -1e-06, 0.66187, 0.749619, 0.37472, -1e-06, -0.74962, 0.661869, 0.0, 0.0, 0.0, 0.0, 1.0],
                [0.999926, -0.012195, 0.000674, -0.0, 0.008725, 0.751846, 0.65928, 0.37472, -0.008547, -0.659222, 0.7519, 0.0, 0.0, 0.0, 0.0, 1.0],
                [0.999899, -0.013121, 0.005407, 0.0, 0.008725, 0.86886, 0.494979, 0.37472, -0.011192, -0.494882, 0.868888, -0.0, 0.0, 0.0, 0.0, 1.0],
                [0.999899, -0.013121, 0.005407, 0.0, 0.008725, 0.86886, 0.494979, 0.37472, -0.011192, -0.494882, 0.868888, -0.0, 0.0, 0.0, 0.0, 1.0]
            ]
        },
        {
            "name": "Knee_L",
            "time": [0.0, 0.0333, 0.0667, 0.2, 0.4, 0.5],
            "transform": [
                [1.0, 1e-06, -0.0, -0.0, -1e-06, 0.723734, -0.690081, 0.37472, -1e-06, 0.690079, 0.723733, -0.0, 0.0, 0.0, 0.0, 1.0],
                [1.0, 1e-06, -1e-06, 0.0, -1e-06, 0.57816, -0.815924, 0.37472, -1e-06, 0.815923, 0.578159, -0.0, 0.0, 0.0, 0.0, 1.0],
                [1.0, 1e-06, -1e-06, -0.0, -1e-06, 0.411177, -0.911556, 0.37472, -0.0, 0.911555, 0.411177, 0.0, 0.0, 0.0, 0.0, 1.0],
                [0.999981, -0.006036, 0.001444, -0.0, 0.003478, 0.352194, -0.935921, 0.37472, 0.00514, 0.935907, 0.352208, 0.0, 0.0, 0.0, 0.0, 1.0],
                [0.999974, -0.006208, 0.003556, 0.0, 0.005026, 0.255992, -0.966666, 0.37472, 0.005091, 0.966659, 0.256017, -0.0, 0.0, 0.0, 0.0, 1.0],
                [0.999974, -0.006208, 0.003556, 0.0, 0.005026, 0.255992, -0.966666, 0.37472, 0.005091, 0.966659, 0.256017, -0.0, 0.0, 0.0, 0.0, 1.0]
            ]
        },
        {
            "name": "Torso",
            "time": [0.0, 0.0333, 0.0667, 0.2, 0.4, 0.5],
            "transform": [
                [0.961074, -0.087794, 0.26197, 0.0, 0.140166, 0.972026, -0.188466, 0.05, -0.238095, 0.217849, 0.946495, -0.0, 0.0, 0.0, 0.0, 1.0],
                [0.997832, -0.064565, 0.012748, 0.0, 0.064838, 0.931274, -0.358503, 0.05, 0.011275, 0.358552, 0.933442, 0.0, 0.0, 0.0, 0.0, 1.0],
                [0.936068, -0.24551, 0.251996, 0.0, 0.13773, 0.914817, 0.379659, 0.05, -0.32374, -0.32068, 0.890144, -0.0, 0.0, 0.0, 0.0, 1.0],
                [0.994059, -0.089084, 0.062536, -0.0, 0.079412, 0.986529, 0.143016, 0.05, -0.074434, -0.137201, 0.987743, -0.0, 0.0, 0.0, 0.0, 1.0],
                [0.998486, -0.054909, -0.003251, -0.0, 0.054981, 0.994525, 0.088868, 0.05, -0.001647, -0.088912, 0.996038, 0.0, 0.0, 0.0, 0.0, 1.0],
                [0.998486, -0.054909, -0.003251, -0.0, 0.054981, 0.994525, 0.088868, 0.05, -0.001647, -0.088912, 0.996038, 0.0, 0.0, 0.0, 0.0, 1.0]
            ]
        },
        {
            "name": "Chest",
            "time": [0.0, 0.0333, 0.0667, 0.2, 0.4, 0.5],
            "transform": [
                [0.702521, -0.112928, 0.702646, -0.0, -0.146242, 0.943351, 0.297829, 0.3, -0.696475, -0.311987, 0.646209, 0.0, 0.0, 0.0, 0.0, 1.0],
                [0.998933, 0.022102, -0.040549, 0.0, -0.0136, 0.979894, 0.199055, 0.3, 0.044133, -0.198291, 0.979149, 0.0, 0.0, 0.0, 0.0, 1.0],
                [0.63977, 0.024795, -0.768167, 0.0, -0.00117, 0.99951, 0.031287, 0.3, 0.768566, -0.019117, 0.639485, 0.0, 0.0, 0.0, 0.0, 1.0],
                [0.986905, -0.019149, -0.160163, 0.0, 0.02963, 0.997554, 0.06331, 0.3, 0.158559, -0.067227, 0.985058, 0.0, 0.0, 0.0, 0.0, 1.0],
                [0.996676, -0.031136, -0.075283, 0.0, 0.033939, 0.998767, 0.036243, 0.3, 0.074061, -0.038678, 0.996503, -0.0, 0.0, 0.0, 0.0, 1.0],
                [0.996676, -0.031136, -0.075283, 0.0, 0.033939, 0.998767, 0.036243, 0.3, 0.074061, -0.038678, 0.996503, -0.0, 0.0, 0.0, 0.0, 1.0]
            ]
        },
        {
            "name": "Head",
            "time": [0.0, 0.0333, 0.0667, 0.2, 0.4, 0.5],
            "transform": [
                [0.505558, 0.087581, -0.858336, 0.0, -0.273084, 0.959932, -0.062899, 0.400001, 0.818435, 0.266197, 0.509218, -0.0, 0.0, 0.0, 0.0, 1.0],
                [0.959201, 0.02761, 0.281374, -0.0, -0.048474, 0.996543, 0.067462, 0.4, -0.278539, -0.078349, 0.957224, 0.0, 0.0, 0.0, 0.0, 1.0],
                [0.489372, 0.464551, 0.738043, 0.0, 0.061545, 0.8258, -0.560596, 0.400001, -0.869901, 0.319763, 0.375532, 0.0, 0.0, 0.0, 0.0, 1.0],
                [0.662595, 0.149722, 0.73386, -0.0, 0.118379, 0.946565, -0.300001, 0.4, -0.739563, 0.285652, 0.609466, -0.0, 0.0, 0.0, 0.0, 1.0],
                [0.550341, 0.095133, 0.829503, 0.0, 0.048629, 0.988149, -0.145591, 0.4, -0.833523, 0.120462, 0.539193, -0.0, 0.0, 0.0, 0.0, 1.0],
                [0.550341, 0.095133, 0.829503, 0.0, 0.048629, 0.988149, -0.145591, 0.400001, -0.833523, 0.120462, 0.539193, -0.0, 0.0, 0.0, 0.0, 1.0]
            ]
        },
        {
            "name": "Shoulder_R",
            "time": [0.0, 0.0333, 0.0667, 0.2, 0.4, 0.5],
            "transform": [
                [0.257736, 0.871884, 0.416401, 0.0, -0.069022, -0.413246, 0.908, 0.400001, 0.963747, -0.262765, -0.04633, -0.0, 0.0, 0.0, 0.0, 1.0],
                [0.180039, 0.889702, 0.419543, -0.0, -0.048215, -0.418018, 0.907158, 0.4, 0.982477, -0.183552, -0.032362, 0.0, 0.0, 0.0, 0.0, 1.0],
                [0.101031, 0.901154, 0.421562, 0.0, -0.027058, -0.421085, 0.906618, 0.400001, 0.994515, -0.103004, -0.018159, 0.0, 0.0, 0.0, 0.0, 1.0],
                [0.127893, 0.906633, 0.402068, -0.0, -0.034251, -0.401118, 0.915386, 0.4, 0.991196, -0.130842, -0.020247, -0.0, 0.0, 0.0, 0.0, 1.0],
                [0.241677, 0.909816, 0.337383, 0.0, -0.064721, -0.331802, 0.941126, 0.4, 0.968196, -0.249284, -0.021305, -0.0, 0.0, 0.0, 0.0, 1.0],
                [0.241677, 0.909816, 0.337383, 0.0, -0.064721, -0.331802, 0.941126, 0.400001, 0.968196, -0.249284, -0.021305, -0.0, 0.0, 0.0, 0.0, 1.0]
            ]
        },
        {
            "name": "Arm_R",
            "time": [0.0, 0.0333, 0.0667, 0.2, 0.4, 0.5],
            "transform": [
                [-0.059102, -0.552053, -0.831712, -0.0, 0.635313, 0.621853, -0.457904, 0.388213, 0.76999, -0.55546, 0.313974, 0.0, 0.0, 0.0, 0.0, 1.0],
                [-0.003862, -0.344236, -0.938875, -0.0, 0.596517, 0.752751, -0.278448, 0.388213, 0.802591, -0.56113, 0.202435, -0.0, 0.0, 0.0, 0.0, 1.0],
                [0.038031, -0.11388, -0.992766, -0.0, 0.54509, 0.835025, -0.074905, 0.388213, 0.837515, -0.538298, 0.093832, -0.0, 0.0, 0.0, 0.0, 1.0],
                [0.075625, -0.386488, -0.919189, -0.0, 0.670512, 0.702006, -0.240004, 0.388213, 0.738035, -0.598176, 0.312234, -0.0, 0.0, 0.0, 0.0, 1.0],
                [-0.009937, -0.527247, -0.849654, 0.0, 0.628684, 0.65746, -0.415335, 0.388213, 0.777598, -0.538291, 0.324939, 0.0, 0.0, 0.0, 0.0, 1.0],
                [-0.009937, -0.527247, -0.849654, 0.0, 0.628684, 0.65746, -0.415335, 0.388213, 0.777598, -0.538291, 0.324939, 0.0, 0.0, 0.0, 0.0, 1.0]
            ]
        },
        {
            "name": "Hand_R",
            "time": [0.0, 0.0333, 0.0667, 0.2, 0.4, 0.5],
            "transform": [
                [1.0, 0.0, -0.0, 0.0, -0.0, 0.040221, -0.999191, 0.329779, -0.0, 0.999191, 0.040221, 0.0, 0.0, 0.0, 0.0, 1.0],
                [1.0, 0.0, -1e-06, -0.0, -0.0, -0.118915, -0.992905, 0.329779, -0.0, 0.992905, -0.118915, -0.0, 0.0, 0.0, 0.0, 1.0],
                [1.0, 0.0, -0.0, 0.0, -0.0, -0.275035, -0.961434, 0.329779, -0.0, 0.961434, -0.275035, -0.0, 0.0, 0.0, 0.0, 1.0],
                [1.0, 0.0, -0.0, -0.0, -0.0, -0.367138, -0.930166, 0.329779, -1e-06, 0.930166, -0.367138, 0.0, 0.0, 0.0, 0.0, 1.0],
                [1.0, 0.0, -0.0, -0.0, -0.0, -0.376971, -0.926225, 0.329779, -0.0, 0.926225, -0.376971, 0.0, 0.0, 0.0, 0.0, 1.0],
                [1.0, 0.0, -0.0, -0.0, -0.0, -0.376971, -0.926225, 0.329779, -0.0, 0.926225, -0.376971, -0.0, 0.0, 0.0, 0.0, 1.0]
            ]
        },
        {
            "name": "Tool_R",
            "time": [0.0, 0.0333, 0.0667, 0.2, 0.4, 0.5],
            "transform": [
                [1.0, 0.0, 0.0, -0.02, 0.0, -1.0, -0.0, 0.291425, 0.0, 0.0, -1.0, 0.0, 0.0, 0.0, 0.0, 1.0],
                [1.0, 0.0, 0.0, -0.02, 0.0, -1.0, 0.0, 0.291425, 0.0, -0.0, -1.0, -0.0, 0.0, 0.0, 0.0, 1.0],
                [1.0, 0.0, 0.0, -0.02, 0.0, -1.0, -0.0, 0.291425, 0.0, 0.0, -1.0, -0.0, 0.0, 0.0, 0.0, 1.0],
                [1.0, 0.0, 0.0, -0.02, 0.0, -1.0, -0.0, 0.291425, 0.0, 0.0, -1.0, 0.0, 0.0, 0.0, 0.0, 1.0],
                [1.0, 0.0, 0.0, -0.02, 0.0, -1.0, -0.0, 0.291425, 0.0, 0.0, -1.0, -0.0, 0.0, 0.0, 0.0, 1.0],
                [1.0, 0.0, 0.0, -0.02, 0.0, -1.0, -0.0, 0.291425, 0.0, 0.0, -1.0, -0.0, 0.0, 0.0, 0.0, 1.0]
            ]
        },
        {
            "name": "Elbow_R",
            "time": [0.0, 0.0333, 0.0667, 0.2, 0.4, 0.5],
            "transform": [
                [-1.0, 0.0, -1e-06, 0.0, 1e-06, 0.692741, -0.721187, 0.329779, 0.0, -0.721187, -0.692741, 0.0, 0.0, 0.0, 0.0, 1.0],
                [-1.0, 1e-06, -1e-06, -0.0, 2e-06, 0.747968, -0.663734, 0.329779, 0.0, -0.663734, -0.747969, -0.0, 0.0, 0.0, 0.0, 1.0],
                [-1.0, 0.0, -1e-06, 0.0, 0.0, 0.798447, -0.602065, 0.329779, 0.0, -0.602066, -0.798447, -0.0, 0.0, 0.0, 0.0, 1.0],
                [-1.0, -0.0, -0.0, -0.0, -0.0, 0.826782, -0.562522, 0.329779, 1e-06, -0.562522, -0.826782, 0.0, 0.0, 0.0, 0.0, 1.0],
                [-1.0, -0.0, -0.0, -0.0, -0.0, 0.82975, -0.558135, 0.329779, 0.0, -0.558135, -0.829751, 0.0, 0.0, 0.0, 0.0, 1.0],
                [-1.0, 0.0, -0.0, -0.0, 0.0, 0.82975, -0.558135, 0.329779, 0.0, -0.558135, -0.829751, -0.0, 0.0, 0.0, 0.0, 1.0]
            ]
        },
        {
            "name": "Shoulder_L",
            "time": [0.0, 0.0333, 0.0667, 0.2, 0.4, 0.5],
            "transform": [
                [-0.25001, -0.955867, -0.154316, 0.0, -0.06695, -0.141929, 0.98761, 0.400001, -0.965926, 0.257243, -0.028511, -0.0, 0.0, 0.0, 0.0, 1.0],
                [-0.015829, -0.942634, -0.333453, -0.0, -0.004239, -0.333428, 0.942766, 0.4, -0.999866, 0.016336, 0.001282, 0.0, 0.0, 0.0, 0.0, 1.0],
                [0.285195, -0.953801, -0.094483, 0.0, 0.076371, -0.07565, 0.994205, 0.400001, -0.955422, -0.290758, 0.051268, 0.0, 0.0, 0.0, 0.0, 1.0],
                [0.337315, -0.87187, -0.355051, -0.0, 0.090329, -0.345439, 0.934084, 0.4, -0.937048, -0.347152, -0.037767, -0.0, 0.0, 0.0, 0.0, 1.0],
                [-0.214606, -0.882597, -0.41829, 0.0, -0.057469, -0.416115, 0.907494, 0.4, -0.975009, 0.218792, 0.038579, -0.0, 0.0, 0.0, 0.0, 1.0],
                [-0.214606, -0.882597, -0.41829, 0.0, -0.057469, -0.416115, 0.907494, 0.400001, -0.975009, 0.218792, 0.038579, -0.0, 0.0, 0.0, 0.0, 1.0]
            ]
        },
        {
            "name": "Arm_L",
            "time": [0.0, 0.0333, 0.05, 0.0667, 0.2, 0.4, 0.5],
            "transform": [
                [0.157208, -0.115644, 0.980771, 0.0, -0.050856, 0.990854, 0.124985, 0.388212, -0.986255, -0.069527, 0.149889, 0.0, 0.0, 0.0, 0.0, 1.0],
                [-0.049324, -0.987029, 0.152773, 0.0, 0.283793, 0.132805, 0.949644, 0.388212, -0.957616, 0.090197, 0.273561, 0.0, 0.0, 0.0, 0.0, 1.0],
                [0.175934, -0.420253, 0.890188, 0.0, 0.298543, 0.884482, 0.358557, 0.388212, -0.93804, 0.202677, 0.281075, 0.0, 0.0, 0.0, 0.0, 1.0],
                [0.617334, 0.311967, 0.722202, -0.0, 0.336337, 0.725225, -0.600772, 0.388212, -0.71118, 0.61378, 0.34278, -0.0, 0.0, 0.0, 0.0, 1.0],
                [0.707913, 0.418141, 0.569225, 0.0, 0.075271, 0.756672, -0.649447, 0.388212, -0.702277, 0.502598, 0.504184, -0.0, 0.0, 0.0, 0.0, 1.0],
                [0.454954, 0.639421, 0.619805, -0.0, -0.405593, 0.768411, -0.495014, 0.388212, -0.792787, -0.02618, 0.608936, 0.0, 0.0, 0.0, 0.0, 1.0],
                [0.454954, 0.639421, 0.619805, -0.0, -0.405593, 0.768411, -0.495014, 0.388212, -0.792787, -0.02618, 0.608936, -0.0, 0.0, 0.0, 0.0, 1.0]
            ]
        },
        {
            "name": "Hand_L",
            "time": [0.0, 0.0333, 0.0667, 0.2, 0.4, 0.5],
            "transform": [
                [1.020748, -0.004887, 0.002152, -0.0, 0.000242, -0.361961, -0.932193, 0.329779, 0.005446, 0.932181, -0.361954, -0.0, 0.0, 0.0, 0.0, 1.0],
                [1.020758, -0.000984, 0.002853, 0.0, 0.001557, -0.65091, -0.759153, 0.329779, 0.002659, 0.759154, -0.650905, 0.0, 0.0, 0.0, 0.0, 1.0],
                [1.020763, 0.0, 0.0, -0.0, -0.0, 1.0, 1e-06, 0.329779, -0.0, -1e-06, 1.0, -0.0, 0.0, 0.0, 0.0, 1.0],
                [1.020749, 0.004427, 0.002692, 0.0, -0.004346, 0.998201, -0.059804, 0.329779, -0.003014, 0.059792, 0.998207, -0.0, 0.0, 0.0, 0.0, 1.0],
                [1.020715, 0.009667, -0.000582, 0.0, -0.007015, 0.666029, -0.745895, 0.329779, -0.006965, 0.745863, 0.666064, -0.0, 0.0, 0.0, 0.0, 1.0],
                [1.020715, 0.009667, -0.000582, 0.0, -0.007015, 0.666029, -0.745895, 0.329779, -0.006965, 0.745863, 0.666064, -0.0, 0.0, 0.0, 0.0, 1.0]
            ]
        },
        {
            "name": "Tool_L",
            "time": [0.0, 0.0333, 0.0667, 0.2, 0.4, 0.5],
            "transform": [
                [1.0, 0.0, 0.0, 0.02, 0.0, -1.0, 0.0, 0.291426, 0.0, 0.0, -1.0, -0.0, 0.0, 0.0, 0.0, 1.0],
                [1.0, -0.0, 0.0, 0.02, -0.0, -1.0, -0.0, 0.291426, 0.0, 0.0, -1.0, -0.0, 0.0, 0.0, 0.0, 1.0],
                [1.0, 0.0, 0.0, 0.02, -0.0, -1.0, -0.0, 0.291426, 0.0, 0.0, -1.0, -0.0, 0.0, 0.0, 0.0, 1.0],
                [1.0, 0.0, 0.0, 0.02, 0.0, -1.0, 0.0, 0.291426, 0.0, 0.0, -1.0, -0.0, 0.0, 0.0, 0.0, 1.0],
                [1.0, 0.0, 0.0, 0.02, 0.0, -1.0, -0.0, 0.291426, 0.0, 0.0, -1.0, -0.0, 0.0, 0.0, 0.0, 1.0],
                [1.0, 0.0, 0.0, 0.02, -0.0, -1.0, -0.0, 0.291426, 0.0, -0.0, -1.0, -0.0, 0.0, 0.0, 0.0, 1.0]
            ]
        },
        {
            "name": "Elbow_L",
            "time": [0.0, 0.0333, 0.0667, 0.2, 0.4, 0.5],
            "transform": [
                [-1.0, 0.0, -0.0, -0.0, 0.0, 0.825215, -0.564819, 0.329779, -0.0, -0.564819, -0.825215, -0.0, 0.0, 0.0, 0.0, 1.0],
                [-1.0, 0.0, -0.0, 0.0, 0.0, 0.908545, -0.417787, 0.329779, 0.0, -0.417787, -0.908545, 0.0, 0.0, 0.0, 0.0, 1.0],
                [-1.0, -0.0, -0.0, -0.0, 0.0, -1e-06, -1.0, 0.329779, -0.0, -1.0, 1e-06, -0.0, 0.0, 0.0, 0.0, 1.0],
                [-1.0, 0.0, -0.0, 0.0, 0.0, 0.029909, -0.999553, 0.329779, 0.0, -0.999553, -0.029909, -0.0, 0.0, 0.0, 0.0, 1.0],
                [-1.0, 0.0, -0.0, 0.0, 0.0, 0.408607, -0.91271, 0.329779, -0.0, -0.91271, -0.408608, -0.0, 0.0, 0.0, 0.0, 1.0],
                [-1.0, 0.0, -0.0, 0.0, 0.0, 0.408608, -0.91271, 0.329779, 0.0, -0.91271, -0.408608, -0.0, 0.0, 0.0, 0.0, 1.0]
            ]
        }
    ]
}