{

    "animation": [
        {
            "name": "Root",
            "time": [0.0, 0.0833, 0.1667, 0.2833],
            "transform": [
                [0.995984, -0.0003, -0.089526, -5e-06, -0.08947, 0.032287, -0.995466, 0.000946, 0.00319, 0.999479, 0.03213, 0.759959, 0.0, 0.0, 0.0, 1.0],
                [0.995984, -0.0003, -0.089526, -5e-06, -0.08947, 0.032287, -0.995466, 0.000946, 0.00319, 0.999479, 0.03213, 0.759959, 0.0, 0.0, 0.0, 1.0],
                [0.995984, -0.0003, -0.089526, -5e-06, -0.08947, 0.032287, -0.995466, 0.000946, 0.00319, 0.999479, 0.03213, 0.759959, 0.0, 0.0, 0.0, 1.0],
                [0.995984, -0.0003, -0.089526, -5e-06, -0.08947, 0.032287, -0.995466, 0.000946, 0.00319, 0.999479, 0.03213, 0.759959, 0.0, 0.0, 0.0, 1.0]
            ]
        },
        {
            "name": "Thigh_R",
            "time": [0.0, 0.0833, 0.1667, 0.2833],
            "transform": [
                [0.994533, 0.070982, 0.076579, 0.124994, 0.065164, -0.994976, 0.07597, -0.002831, 0.081587, -0.070564, -0.994165, -1.2e-05, 0.0, 0.0, 0.0, 1.0],
                [0.994599, 0.070925, 0.075769, 0.124994, 0.065169, -0.99498, 0.075916, -0.002831, 0.080773, -0.070568, -0.994231, -1.2e-05, 0.0, 0.0, 0.0, 1.0],
                [0.994649, 0.070881, 0.075152, 0.124994, 0.065172, -0.994982, 0.075876, -0.002831, 0.080153, -0.070572, -0.994281, -1.2e-05, 0.0, 0.0, 0.0, 1.0],
                [0.994548, 0.07097, 0.076402, 0.124994, 0.065165, -0.994977, 0.075958, -0.002831, 0.081409, -0.070565, -0.994179, -1.2e-05, 0.0, 0.0, 0.0, 1.0]
            ]
        },
        {
            "name": "Leg_R",
            "time": [0.0, 0.0833, 0.1667, 0.2833],
            "transform": [
                [0.999962, -0.008679, -0.001157, 0.0, 0.008723, 0.97589, 0.218092, 0.37472, -0.000763, -0.218094, 0.975927, -0.0, 0.0, 0.0, 0.0, 1.0],
                [0.999962, -0.008679, -0.001158, -0.0, 0.008723, 0.97589, 0.218092, 0.37472, -0.000763, -0.218094, 0.975927, -0.0, 0.0, 0.0, 0.0, 1.0],
                [0.999962, -0.008679, -0.001157, 0.0, 0.008723, 0.97589, 0.218091, 0.37472, -0.000763, -0.218094, 0.975927, -0.0, 0.0, 0.0, 0.0, 1.0],
                [0.999962, -0.008679, -0.001157, 0.0, 0.008723, 0.97589, 0.218092, 0.37472, -0.000763, -0.218094, 0.975927, 0.0, 0.0, 0.0, 0.0, 1.0]
            ]
        },
        {
            "name": "Knee_R",
            "time": [0.0, 0.0833, 0.1667, 0.2833],
            "transform": [
                [0.99999, -0.004371, -0.000345, 0.0, 0.000136, 0.109711, -0.993963, 0.37472, 0.004382, 0.993954, 0.109711, -0.0, 0.0, 0.0, 0.0, 1.0],
                [0.99999, -0.004371, -0.000345, -0.0, 0.000136, 0.109711, -0.993963, 0.37472, 0.004382, 0.993954, 0.109711, -0.0, 0.0, 0.0, 0.0, 1.0],
                [0.99999, -0.004371, -0.000345, 0.0, 0.000136, 0.109711, -0.993963, 0.37472, 0.004382, 0.993954, 0.109711, -0.0, 0.0, 0.0, 0.0, 1.0],
                [0.99999, -0.004371, -0.000345, 0.0, 0.000136, 0.109711, -0.993963, 0.37472, 0.004382, 0.993954, 0.109711, 0.0, 0.0, 0.0, 0.0, 1.0]
            ]
        },
        {
            "name": "Thigh_L",
            "time": [0.0, 0.0833, 0.1667, 0.2833],
            "transform": [
                [0.997137, -0.065115, -0.038437, -0.125006, -0.056229, -0.978421, 0.198816, -0.002831, -0.050553, -0.196085, -0.979284, -1.2e-05, 0.0, 0.0, 0.0, 1.0],
                [0.997095, -0.065275, -0.039235, -0.125006, -0.056227, -0.978412, 0.198861, -0.002831, -0.051369, -0.196077, -0.979243, -1.2e-05, 0.0, 0.0, 0.0, 1.0],
                [0.997063, -0.065397, -0.039844, -0.125006, -0.056225, -0.978405, 0.198895, -0.002831, -0.05199, -0.196071, -0.979211, -1.2e-05, 0.0, 0.0, 0.0, 1.0],
                [0.997128, -0.06515, -0.038611, -0.125006, -0.056228, -0.978419, 0.198826, -0.002831, -0.050732, -0.196083, -0.979275, -1.2e-05, 0.0, 0.0, 0.0, 1.0]
            ]
        },
        {
            "name": "Leg_L",
            "time": [0.0, 0.0833, 0.1667, 0.2833],
            "transform": [
                [0.999996, 0.001261, -0.00254, -0.0, -0.000724, 0.979491, 0.201479, 0.37472, 0.002742, -0.201476, 0.97949, -0.0, 0.0, 0.0, 0.0, 1.0],
                [0.999996, 0.001261, -0.00254, -0.0, -0.000724, 0.979491, 0.201479, 0.37472, 0.002742, -0.201476, 0.97949, 0.0, 0.0, 0.0, 0.0, 1.0],
                [0.999996, 0.001261, -0.00254, -0.0, -0.000724, 0.979491, 0.201479, 0.37472, 0.002742, -0.201476, 0.97949, -0.0, 0.0, 0.0, 0.0, 1.0],
                [0.999996, 0.001261, -0.00254, -0.0, -0.000724, 0.979491, 0.201479, 0.37472, 0.002742, -0.201476, 0.97949, -0.0, 0.0, 0.0, 0.0, 1.0]
            ]
        },
        {
            "name": "Knee_L",
            "time": [0.0, 0.0833, 0.1667, 0.2833],
            "transform": [
                [0.999999, 0.000566, -0.001304, -0.0, -0.001355, 0.10126, -0.994859, 0.37472, -0.000431, 0.99486, 0.101261, -0.0, 0.0, 0.0, 0.0, 1.0],
                [0.999999, 0.000566, -0.001304, -0.0, -0.001355, 0.10126, -0.994859, 0.37472, -0.000431, 0.99486, 0.101261, 0.0, 0.0, 0.0, 0.0, 1.0],
                [0.999999, 0.000566, -0.001304, -0.0, -0.001355, 0.10126, -0.994859, 0.37472, -0.000431, 0.99486, 0.101261, -0.0, 0.0, 0.0, 0.0, 1.0],
                [0.999999, 0.000566, -0.001304, -0.0, -0.001354, 0.10126, -0.994859, 0.37472, -0.000431, 0.99486, 0.101261, -0.0, 0.0, 0.0, 0.0, 1.0]
            ]
        },
        {
            "name": "Torso",
            "time": [0.0, 0.0833, 0.1667, 0.2833],
            "transform": [
                [0.99986, -0.01673, -0.000425, 0.0, 0.016694, 0.995257, 0.095843, 0.05, -0.001181, -0.095837, 0.995396, -0.0, 0.0, 0.0, 0.0, 1.0],
                [0.99965, -0.026149, 0.004077, 0.0, 0.026088, 0.999558, 0.014268, 0.05, -0.004449, -0.014156, 0.99989, -0.0, 0.0, 0.0, 0.0, 1.0],
                [0.999338, -0.035166, 0.009333, 0.0, 0.035715, 0.99709, -0.067356, 0.05, -0.006937, 0.067645, 0.997685, -0.0, 0.0, 0.0, 0.0, 1.0],
                [0.99499, -0.099975, 0.000713, 0.0, 0.09996, 0.994921, 0.011869, 0.05, -0.001896, -0.011739, 0.999929, -0.0, 0.0, 0.0, 0.0, 1.0]
            ]
        },
        {
            "name": "Chest",
            "time": [0.0, 0.0833, 0.1667, 0.2833],
            "transform": [
                [0.908363, -0.055497, 0.414484, 0.0, -0.166815, 0.860794, 0.480839, 0.3, -0.38347, -0.505918, 0.772656, -0.0, 0.0, 0.0, 0.0, 1.0],
                [0.86409, -0.062412, 0.499453, 0.0, -0.208032, 0.859282, 0.467287, 0.3, -0.458335, -0.50768, 0.729513, 0.0, 0.0, 0.0, 0.0, 1.0],
                [0.966554, -0.059552, -0.249452, -0.0, 0.160808, 0.898435, 0.408601, 0.3, 0.199784, -0.435049, 0.877963, -0.0, 0.0, 0.0, 0.0, 1.0],
                [0.314787, -0.066009, -0.946864, -0.0, 0.569472, 0.811218, 0.13277, 0.3, 0.759349, -0.581007, 0.292952, 0.0, 0.0, 0.0, 0.0, 1.0]
            ]
        },
        {
            "name": "Head",
            "time": [0.0, 0.0833, 0.1667, 0.2833],
            "transform": [
                [0.947071, -0.20588, -0.246313, -0.0, 0.010854, 0.787369, -0.616387, 0.400001, 0.320841, 0.581088, 0.747929, -0.0, 0.0, 0.0, 0.0, 1.0],
                [0.917203, -0.2324, -0.323618, 0.0, 0.015957, 0.83303, -0.552998, 0.4, 0.3981, 0.502047, 0.767766, -0.0, 0.0, 0.0, 0.0, 1.0],
                [0.939988, 0.190917, 0.282795, -0.0, -0.061682, 0.910232, -0.409478, 0.4, -0.335586, 0.367461, 0.867384, 0.0, 0.0, 0.0, 0.0, 1.0],
                [0.098528, 0.651779, 0.751981, -0.0, -0.20076, 0.75314, -0.626479, 0.400001, -0.974673, -0.089242, 0.205056, -0.0, 0.0, 0.0, 0.0, 1.0]
            ]
        },
        {
            "name": "Shoulder_R",
            "time": [0.0, 0.0833, 0.1667, 0.2833],
            "transform": [
                [0.083467, 0.962965, 0.256379, -0.0, -0.022355, -0.255403, 0.966576, 0.400001, 0.99626, -0.086409, 0.000209, -0.0, 0.0, 0.0, 0.0, 1.0],
                [0.165352, 0.950968, 0.261378, 0.0, -0.044282, -0.2576, 0.965236, 0.4, 0.98524, -0.171178, -0.000484, -0.0, 0.0, 0.0, 0.0, 1.0],
                [0.246181, 0.931554, 0.267582, -0.0, -0.065927, -0.259345, 0.963532, 0.4, 0.966979, -0.254844, -0.002431, 0.0, 0.0, 0.0, 0.0, 1.0],
                [0.083467, 0.962965, 0.256379, -0.0, -0.022355, -0.255403, 0.966576, 0.400001, 0.99626, -0.086409, 0.000209, -0.0, 0.0, 0.0, 0.0, 1.0]
            ]
        },
        {
            "name": "Arm_R",
            "time": [0.0, 0.0833, 0.1667, 0.2833],
            "transform": [
                [0.41988, -0.4385, -0.794618, 0.0, 0.85658, 0.480829, 0.187281, 0.388213, 0.299953, -0.759289, 0.577501, -0.0, 0.0, 0.0, 0.0, 1.0],
                [0.672698, 0.028311, -0.739375, -0.0, 0.462743, 0.763637, 0.450252, 0.388213, 0.577361, -0.645024, 0.500597, -0.0, 0.0, 0.0, 0.0, 1.0],
                [0.631484, 0.247303, -0.734894, -0.0, -0.484696, 0.865679, -0.125178, 0.388213, 0.605226, 0.435248, 0.666529, 0.0, 0.0, 0.0, 0.0, 1.0],
                [0.990661, -0.129453, -0.042814, -0.0, 0.099953, 0.90306, -0.417722, 0.388213, 0.092739, 0.409542, 0.907565, 0.0, 0.0, 0.0, 0.0, 1.0]
            ]
        },
        {
            "name": "Hand_R",
            "time": [0.0, 0.0833, 0.1667, 0.2833],
            "transform": [
                [0.999978, -0.000922, 0.006554, 0.0, 0.001287, 0.998432, -0.055969, 0.329779, -0.006492, 0.055977, 0.998411, 0.0, 0.0, 0.0, 0.0, 1.0],
                [0.841106, -0.400752, 0.363233, 0.0, 0.540538, 0.646373, -0.538536, 0.329779, -0.018964, 0.649307, 0.76029, -0.0, 0.0, 0.0, 0.0, 1.0],
                [0.996524, -0.07494, 0.036383, 0.0, 0.038645, 0.028958, -0.998833, 0.329779, 0.073799, 0.996767, 0.031754, -0.0, 0.0, 0.0, 0.0, 1.0],
                [0.894072, -0.284528, 0.345946, -0.0, 0.39051, 0.11683, -0.913156, 0.329779, 0.219401, 0.951523, 0.215565, -0.0, 0.0, 0.0, 0.0, 1.0]
            ]
        },
        {
            "name": "Tool_R",
            "time": [0.0, 0.0833, 0.1667, 0.2833],
            "transform": [
                [1.0, 0.0, 0.0, -0.02, 0.0, -1.0, 0.0, 0.291425, 0.0, -0.0, -1.0, -0.0, 0.0, 0.0, 0.0, 1.0],
                [-0.49328, -0.151476, 0.856581, -0.012426, -0.09525, 0.988206, 0.119901, 0.242015, -0.86464, -0.022444, -0.50189, 0.001122, 0.0, 0.0, 0.0, 1.0],
                [-0.3399, -0.225555, 0.913013, -0.012426, -0.058105, 0.973996, 0.218989, 0.242015, -0.938665, 0.021384, -0.344167, 0.001122, 0.0, 0.0, 0.0, 1.0],
                [-0.417963, -0.44163, 0.793895, -0.017481, -0.061813, 0.885687, 0.46015, 0.243939, -0.906359, 0.143252, -0.397483, 0.015449, 0.0, 0.0, 0.0, 1.0]
            ]
        },
        {
            "name": "Elbow_R",
            "time": [0.0, 0.0833, 0.1667, 0.2833],
            "transform": [
                [-1.0, -1e-06, -1e-06, 0.0, 1e-06, 0.028001, -0.999608, 0.329779, 1e-06, -0.999608, -0.028001, 0.0, 0.0, 0.0, 0.0, 1.0],
                [-1.0, 0.0, -1e-06, 0.0, 1e-06, 0.346102, -0.938197, 0.329779, 0.0, -0.938197, -0.346102, -0.0, 0.0, 0.0, 0.0, 1.0],
                [-1.0, 0.0, -1e-06, 0.0, 0.0, 0.695759, -0.718276, 0.329779, 0.0, -0.718276, -0.695759, -0.0, 0.0, 0.0, 0.0, 1.0],
                [-1.0, 0.0, -1e-06, -0.0, 0.0, 0.62412, -0.781329, 0.329779, 0.0, -0.781329, -0.62412, -0.0, 0.0, 0.0, 0.0, 1.0]
            ]
        },
        {
            "name": "Shoulder_L",
            "time": [0.0, 0.0833, 0.1667, 0.2833],
            "transform": [
                [0.08028, -0.963164, -0.256653, -0.0, 0.021498, -0.255751, 0.966503, 0.400001, -0.996541, -0.083108, 0.000174, -0.0, 0.0, 0.0, 0.0, 1.0],
                [-0.017784, -0.945814, -0.32422, 0.0, -0.004763, -0.324188, 0.945981, 0.4, -0.999831, 0.018368, 0.001261, -0.0, 0.0, 0.0, 0.0, 1.0],
                [-0.112687, -0.91609, -0.384813, -0.0, -0.030176, -0.383946, 0.922862, 0.4, -0.993172, 0.115606, 0.015621, 0.0, 0.0, 0.0, 0.0, 1.0],
                [-0.172573, -0.891067, -0.419783, -0.0, -0.046213, -0.418383, 0.907094, 0.400001, -0.983912, 0.175939, 0.031023, -0.0, 0.0, 0.0, 0.0, 1.0]
            ]
        },
        {
            "name": "Arm_L",
            "time": [0.0, 0.0833, 0.1667, 0.2833],
            "transform": [
                [0.125728, 0.102492, 0.986756, -0.0, -0.863414, 0.501155, 0.057959, 0.388212, -0.488578, -0.859266, 0.151503, -0.0, 0.0, 0.0, 0.0, 1.0],
                [0.149353, 0.371441, 0.916365, 0.0, -0.577021, 0.785331, -0.224283, 0.388212, -0.802958, -0.495264, 0.331621, -0.0, 0.0, 0.0, 0.0, 1.0],
                [0.283284, 0.569065, 0.771956, -0.0, -0.196185, 0.822293, -0.534179, 0.388212, -0.938756, -0.000122, 0.344584, -0.0, 0.0, 0.0, 0.0, 1.0],
                [-0.418638, 0.290802, 0.860336, 0.0, -0.048583, 0.938818, -0.34097, 0.388212, -0.906853, -0.184541, -0.378896, 0.0, 0.0, 0.0, 0.0, 1.0]
            ]
        },
        {
            "name": "Hand_L",
            "time": [0.0, 0.0833, 0.1667, 0.2833],
            "transform": [
                [0.990542, 0.137212, 0.000448, 0.0, -0.136522, 0.985879, -0.096982, 0.329779, -0.013749, 0.096003, 0.995286, 0.0, 0.0, 0.0, 0.0, 1.0],
                [0.999429, 0.002946, 0.033669, -0.0, 0.023013, 0.670258, -0.741772, 0.329779, -0.024752, 0.742123, 0.669807, 0.0, 0.0, 0.0, 0.0, 1.0],
                [0.999429, 0.002946, 0.033669, -0.0, 0.023013, 0.670258, -0.741772, 0.329779, -0.024752, 0.742123, 0.669807, -0.0, 0.0, 0.0, 0.0, 1.0],
                [0.999429, -0.014283, 0.030632, -0.0, 0.023013, 0.951346, -0.307264, 0.329779, -0.024752, 0.307793, 0.951132, 0.0, 0.0, 0.0, 0.0, 1.0]
            ]
        },
        {
            "name": "Tool_L",
            "time": [0.0, 0.1667, 0.2833],
            "transform": [
                [1.0, 0.0, 0.0, 0.02, -0.0, -1.0, 0.0, 0.291426, 0.0, -0.0, -1.0, -0.0, 0.0, 0.0, 0.0, 1.0],
                [-1e-06, -0.0, 1.0, 0.02, -0.0, -1.0, -0.0, 0.291426, 1.0, -0.0, 0.0, 0.0, 0.0, 0.0, 0.0, 1.0],
                [-1e-06, -0.0, 1.0, 0.02, -0.0, -1.0, -0.0, 0.291426, 1.0, -0.0, 1e-06, -0.0, 0.0, 0.0, 0.0, 1.0]
            ]
        },
        {
            "name": "Elbow_L",
            "time": [0.0, 0.0833, 0.1667, 0.2833],
            "transform": [
                [-1.0, -0.0, 0.0, 0.0, -0.0, 0.048062, -0.998844, 0.329779, 0.0, -0.998844, -0.048062, 0.0, 0.0, 0.0, 0.0, 1.0],
                [-1.0, -0.0, -0.0, -0.0, 0.0, 0.406194, -0.913787, 0.329779, 1e-06, -0.913787, -0.406194, 0.0, 0.0, 0.0, 0.0, 1.0],
                [-1.0, 0.0, -0.0, -0.0, 0.0, 0.406194, -0.913787, 0.329779, 0.0, -0.913787, -0.406194, -0.0, 0.0, 0.0, 0.0, 1.0],
                [-1.0, -0.0, -0.0, -0.0, 0.0, 0.155848, -0.987781, 0.329779, 0.0, -0.987781, -0.155848, 0.0, 0.0, 0.0, 0.0, 1.0]
            ]
        }
    ]
}