{

    "animation": [
        {
            "name": "Root",
            "time": [0.0, 0.05, 0.1, 0.4, 0.5833],
            "transform": [
                [0.793961, -0.0, -0.607969, -5e-06, -0.606524, -0.068896, -0.792074, 0.000946, -0.041887, 0.997624, -0.054701, 0.5342, 0.0, 0.0, 0.0, 1.0],
                [0.975536, -0.09298, -0.199209, -5e-06, -0.190497, 0.094766, -0.977103, 0.000946, 0.10973, 0.991148, 0.074735, 0.704086, 0.0, 0.0, 0.0, 1.0],
                [0.962653, -0.084221, 0.257304, -5e-06, 0.270149, 0.236173, -0.933403, 0.000946, 0.017844, 0.968054, 0.250105, 0.873972, 0.0, 0.0, 0.0, 1.0],
                [0.964227, 0.044219, 0.261362, -5e-06, 0.25372, 0.131546, -0.958291, 0.000946, -0.076756, 0.990323, 0.115621, 0.893972, 0.0, 0.0, 0.0, 1.0],
                [0.924261, -0.0, -0.381761, -5e-06, -0.380853, -0.068896, -0.922065, 0.000946, -0.026302, 0.997624, -0.063678, 0.7342, 0.0, 0.0, 0.0, 1.0]
            ]
        },
        {
            "name": "Thigh_R",
            "time": [0.0, 0.05, 0.1, 0.4, 0.5833],
            "transform": [
                [0.89317, 0.443732, -0.072936, 0.124994, 0.44578, -0.895011, 0.013699, -0.00283, -0.059204, -0.044749, -0.997218, -1.2e-05, 0.0, 0.0, 0.0, 1.0],
                [0.953644, 0.300124, -0.021857, 0.124994, 0.272455, -0.830306, 0.486143, -0.002831, 0.127758, -0.469564, -0.873593, -1.2e-05, 0.0, 0.0, 0.0, 1.0],
                [0.963163, 0.227568, 0.14328, 0.124994, 0.004087, -0.54513, 0.838341, -0.00283, 0.268886, -0.806872, -0.52598, -1.2e-05, 0.0, 0.0, 0.0, 1.0],
                [0.96119, 0.181284, 0.207962, 0.124994, 0.010566, -0.777438, 0.62887, -0.00283, 0.275681, -0.602266, -0.749182, -1.2e-05, 0.0, 0.0, 0.0, 1.0],
                [0.997053, 0.069146, -0.033229, 0.124994, 0.076557, -0.924675, 0.372976, -0.00283, -0.004937, -0.374421, -0.927245, -1.2e-05, 0.0, 0.0, 0.0, 1.0]
            ]
        },
        {
            "name": "Leg_R",
            "time": [0.0, 0.05, 0.1, 0.4, 0.5833],
            "transform": [
                [0.993328, 0.092983, -0.068125, -0.0, 0.008665, 0.529108, 0.848508, 0.37472, 0.114942, -0.843445, 0.524774, -0.0, 0.0, 0.0, 0.0, 1.0],
                [0.998011, 0.060377, -0.017948, -0.0, 0.008706, 0.149993, 0.988647, 0.37472, 0.062383, -0.986841, 0.14917, -0.0, 0.0, 0.0, 0.0, 1.0],
                [0.999567, -0.025085, -0.015359, -0.0, 0.008719, -0.245995, 0.969233, 0.37472, -0.028091, -0.968946, -0.24567, 0.0, 0.0, 0.0, 0.0, 1.0],
                [0.998971, 0.044461, -0.00888, 0.0, 0.008714, 0.00393, 0.999956, 0.37472, 0.044494, -0.999003, 0.003539, 0.0, 0.0, 0.0, 0.0, 1.0],
                [0.998596, 0.032683, -0.041692, -0.0, 0.008711, 0.674996, 0.73777, 0.37472, 0.052254, -0.737099, 0.673763, 0.0, 0.0, 0.0, 0.0, 1.0]
            ]
        },
        {
            "name": "Knee_R",
            "time": [0.0, 0.05, 0.1, 0.4, 0.5833],
            "transform": [
                [0.99822, 0.037723, -0.046192, -0.0, -0.058692, 0.483952, -0.873125, 0.37472, -0.010582, 0.874281, 0.485304, -0.0, 0.0, 0.0, 0.0, 1.0],
                [0.999435, 0.026875, -0.020186, -0.0, -0.032827, 0.651444, -0.757987, 0.37472, -0.007221, 0.75822, 0.651957, -0.0, 0.0, 0.0, 0.0, 1.0],
                [0.999866, -0.016294, -0.001549, -0.0, 0.011908, 0.78914, -0.6141, 0.37472, 0.011229, 0.613998, 0.789226, 0.0, 0.0, 0.0, 0.0, 1.0],
                [0.999699, 0.020405, -0.013632, 0.0, -0.024059, 0.705465, -0.708337, 0.37472, -0.004836, 0.708451, 0.705743, 0.0, 0.0, 0.0, 0.0, 1.0],
                [0.999633, 0.011958, -0.024301, -0.0, -0.027059, 0.402976, -0.914811, 0.37472, -0.001147, 0.915132, 0.403152, 0.0, 0.0, 0.0, 0.0, 1.0]
            ]
        },
        {
            "name": "Thigh_L",
            "time": [0.0, 0.05, 0.1, 0.4, 0.5833],
            "transform": [
                [0.879982, -0.404292, 0.249353, -0.125006, -0.467513, -0.644308, 0.605224, -0.00283, -0.084027, -0.649163, -0.755993, -1.2e-05, 0.0, 0.0, 0.0, 1.0],
                [0.952682, -0.203289, 0.225985, -0.125006, -0.300968, -0.735024, 0.607583, -0.002831, 0.042589, -0.646847, -0.761429, -1.2e-05, 0.0, 0.0, 0.0, 1.0],
                [0.971987, 0.03272, 0.232744, -0.125006, -0.116813, -0.792042, 0.599185, -0.00283, 0.203948, -0.609587, -0.766034, -1.2e-05, 0.0, 0.0, 0.0, 1.0],
                [0.984337, 0.145292, 0.099838, -0.125006, -0.050176, -0.312004, 0.948752, -0.002831, 0.168997, -0.938903, -0.299827, -1.2e-05, 0.0, 0.0, 0.0, 1.0],
                [0.954206, -0.285783, -0.088413, -0.125006, -0.137123, -0.680522, 0.719782, -0.002831, -0.265869, -0.674696, -0.688547, -1.2e-05, 0.0, 0.0, 0.0, 1.0]
            ]
        },
        {
            "name": "Leg_L",
            "time": [0.0, 0.05, 0.1, 0.4, 0.5833],
            "transform": [
                [0.999819, 0.01803, 0.006191, -0.0, -0.016353, 0.644337, 0.764567, 0.37472, 0.009796, -0.76453, 0.644515, -0.0, 0.0, 0.0, 0.0, 1.0],
                [0.999952, 0.009738, 0.000993, 0.0, -0.00932, 0.916216, 0.400578, 0.37472, 0.002991, -0.400568, 0.916263, -0.0, 0.0, 0.0, 0.0, 1.0],
                [1.0, 2e-06, 1e-06, -0.0, -2e-06, 0.999847, 0.017455, 0.37472, -1e-06, -0.017455, 0.999848, -0.0, 0.0, 0.0, 0.0, 1.0],
                [0.999558, 0.029043, -0.006431, -0.0, -0.002092, 0.284305, 0.958732, 0.37472, 0.029673, -0.958294, 0.284239, -0.0, 0.0, 0.0, 0.0, 1.0],
                [1.0, -2e-06, 1e-06, -0.0, -1e-06, -0.124505, 0.992219, 0.37472, -2e-06, -0.992218, -0.124505, -0.0, 0.0, 0.0, 0.0, 1.0]
            ]
        },
        {
            "name": "Knee_L",
            "time": [0.0, 0.05, 0.1, 0.4, 0.5833],
            "transform": [
                [0.999952, 0.009701, 0.0011, -0.0, -0.003092, 0.42159, -0.906781, 0.37472, -0.00926, 0.906734, 0.4216, -0.0, 0.0, 0.0, 0.0, 1.0],
                [0.999988, 0.004921, -9e-06, 0.0, -0.001015, 0.204618, -0.978842, 0.37472, -0.004815, 0.978829, 0.204621, -0.0, 0.0, 0.0, 0.0, 1.0],
                [1.0, 1e-06, -2e-06, -0.0, -2e-06, 0.008737, -0.99996, 0.37472, -1e-06, 0.99996, 0.008737, -0.0, 0.0, 0.0, 0.0, 1.0],
                [0.999877, 0.013456, -0.008041, -0.0, -0.014492, 0.598065, -0.801316, 0.37472, -0.005974, 0.801334, 0.598187, -0.0, 0.0, 0.0, 0.0, 1.0],
                [1.0, 1e-06, -1e-06, -0.0, -1e-06, 0.749837, -0.661624, 0.37472, -0.0, 0.661623, 0.749835, -0.0, 0.0, 0.0, 0.0, 1.0]
            ]
        },
        {
            "name": "Torso",
            "time": [0.0, 0.05, 0.1, 0.4, 0.5833],
            "transform": [
                [0.976863, -0.202285, 0.069428, -0.0, 0.206863, 0.976097, -0.066647, 0.05, -0.054287, 0.079467, 0.995358, -0.0, 0.0, 0.0, 0.0, 1.0],
                [0.999654, -0.021506, -0.015143, -0.0, 0.02021, 0.996504, -0.08106, 0.05, 0.016834, 0.080726, 0.996594, 0.0, 0.0, 0.0, 0.0, 1.0],
                [0.970564, 0.09378, -0.221836, -0.0, 0.018688, 0.888976, 0.457573, 0.05, 0.240118, -0.44825, 0.861055, -0.0, 0.0, 0.0, 0.0, 1.0],
                [0.98529, 0.134346, -0.105617, -0.0, -0.068528, 0.87678, 0.475983, 0.05, 0.156549, -0.461744, 0.873089, 0.0, 0.0, 0.0, 0.0, 1.0],
                [0.997222, -0.073287, 0.013331, 0.0, 0.067624, 0.965744, 0.250531, 0.05, -0.031235, -0.248934, 0.968017, 0.0, 0.0, 0.0, 0.0, 1.0]
            ]
        },
        {
            "name": "Chest",
            "time": [0.0, 0.05, 0.1, 0.4, 0.5833],
            "transform": [
                [0.655434, -0.316486, -0.685743, 0.0, 0.663315, 0.675382, 0.322293, 0.3, 0.361137, -0.666105, 0.652598, 0.0, 0.0, 0.0, 0.0, 1.0],
                [0.47645, -0.073987, -0.876083, -0.0, 0.694582, 0.642589, 0.323474, 0.3, 0.539029, -0.76263, 0.357552, 0.0, 0.0, 0.0, 0.0, 1.0],
                [0.998734, -0.017584, 0.047132, -0.0, -0.036636, 0.387806, 0.921013, 0.3, -0.034474, -0.921573, 0.38667, -0.0, 0.0, 0.0, 0.0, 1.0],
                [0.975279, 0.099373, 0.197374, -0.0, -0.215325, 0.628103, 0.747745, 0.3, -0.049665, -0.771759, 0.633973, 0.0, 0.0, 0.0, 0.0, 1.0],
                [0.978254, -0.190932, 0.081016, 0.0, 0.095521, 0.761457, 0.641139, 0.3, -0.184104, -0.619458, 0.763137, -0.0, 0.0, 0.0, 0.0, 1.0]
            ]
        },
        {
            "name": "Head",
            "time": [0.0, 0.05, 0.1, 0.4, 0.5833],
            "transform": [
                [0.306896, 0.716837, 0.626066, -0.0, -0.153435, 0.68647, -0.710786, 0.4, -0.939294, 0.122077, 0.320662, -0.0, 0.0, 0.0, 0.0, 1.0],
                [0.286493, 0.644083, 0.70928, 0.0, -0.025178, 0.745118, -0.666457, 0.4, -0.957752, 0.173077, 0.229688, 0.0, 0.0, 0.0, 0.0, 1.0],
                [0.996762, 0.04283, 0.068048, -0.0, 0.068317, -0.004848, -0.997652, 0.4, -0.0424, 0.999071, -0.007758, -0.0, 0.0, 0.0, 0.0, 1.0],
                [0.948312, -0.30683, -0.080995, 0.0, 0.051831, 0.40156, -0.914365, 0.4, 0.313078, 0.862905, 0.396708, -0.0, 0.0, 0.0, 0.0, 1.0],
                [0.98169, 0.086972, 0.16947, 0.0, 0.063817, 0.688102, -0.722803, 0.400001, -0.179476, 0.720383, 0.669953, 0.0, 0.0, 0.0, 0.0, 1.0]
            ]
        },
        {
            "name": "Shoulder_R",
            "time": [0.0, 0.05, 0.1, 0.4, 0.5833],
            "transform": [
                [-1e-06, 0.940871, 0.338763, -0.0, -3e-06, -0.338763, 0.940871, 0.4, 1.0, -0.0, 3e-06, -0.0, 0.0, 0.0, 0.0, 1.0],
                [0.249897, 0.922208, 0.295099, 0.0, -0.066922, -0.28759, 0.955413, 0.4, 0.965957, -0.258503, -0.010152, 0.0, 0.0, 0.0, 0.0, 1.0],
                [0.482358, 0.837467, 0.256865, -0.0, -0.129172, -0.222026, 0.966447, 0.4, 0.866398, -0.499353, 0.001082, -0.0, 0.0, 0.0, 0.0, 1.0],
                [0.235509, 0.937421, 0.256468, 0.0, -0.063069, -0.248593, 0.966552, 0.4, 0.969823, -0.243807, 0.000577, -0.0, 0.0, 0.0, 0.0, 1.0],
                [0.091333, 0.902109, 0.421731, 0.0, -0.024461, -0.42134, 0.906573, 0.400001, 0.99552, -0.093116, -0.016416, 0.0, 0.0, 0.0, 0.0, 1.0]
            ]
        },
        {
            "name": "Arm_R",
            "time": [0.0, 0.05, 0.1, 0.4, 0.5833],
            "transform": [
                [0.611106, -0.790687, 0.036912, -0.0, 0.754049, 0.567338, -0.330966, 0.388213, 0.240749, 0.230089, 0.94292, -0.0, 0.0, 0.0, 0.0, 1.0],
                [0.532203, -0.834809, -0.1409, -0.0, 0.28242, 0.331954, -0.900025, 0.388213, 0.798122, 0.439204, 0.412434, 0.0, 0.0, 0.0, 0.0, 1.0],
                [0.357285, -0.913165, -0.196156, -0.0, -0.43016, 0.025538, -0.902391, 0.388213, 0.829041, 0.406789, -0.383683, -0.0, 0.0, 0.0, 0.0, 1.0],
                [-0.177729, -0.958843, 0.221434, -0.0, -0.524073, -0.098231, -0.845989, 0.388213, 0.832923, -0.266404, -0.485045, 0.0, 0.0, 0.0, 0.0, 1.0],
                [0.096193, -0.512847, -0.853073, 0.0, 0.001762, 0.857134, -0.51509, 0.388213, 0.995361, 0.048045, 0.083354, 0.0, 0.0, 0.0, 0.0, 1.0]
            ]
        },
        {
            "name": "Hand_R",
            "time": [0.0, 0.05, 0.1, 0.4, 0.5833],
            "transform": [
                [-0.1919, -0.078904, 0.978238, 0.0, 0.97944, 0.047805, 0.195992, 0.329779, -0.062229, 0.995736, 0.068108, -0.0, 0.0, 0.0, 0.0, 1.0],
                [0.597502, -0.398447, 0.695867, 0.0, 0.702554, 0.678449, -0.214769, 0.329779, -0.386536, 0.617209, 0.685305, 0.0, 0.0, 0.0, 0.0, 1.0],
                [1.0, 0.0, 0.0, 0.0, -0.0, 1.0, -0.0, 0.329779, -0.0, 0.0, 1.0, 0.0, 0.0, 0.0, 0.0, 1.0],
                [0.995965, 0.08811, -0.017038, 0.0, -0.087283, 0.906906, -0.412194, 0.329779, -0.020866, 0.412018, 0.910937, 0.0, 0.0, 0.0, 0.0, 1.0],
                [0.99083, -0.12806, -0.043098, 0.0, 0.074084, 0.781636, -0.619319, 0.329779, 0.112997, 0.610447, 0.783956, 0.0, 0.0, 0.0, 0.0, 1.0]
            ]
        },
        {
            "name": "Tool_R",
            "time": [0.0, 0.05, 0.1, 0.4, 0.5833],
            "transform": [
                [0.995234, -0.070182, -0.06771, -0.02, 0.06771, 0.996975, -0.038148, 0.291425, 0.070182, 0.033381, 0.996975, -0.0, 0.0, 0.0, 0.0, 1.0],
                [0.99741, 0.00718, -0.071569, -0.02, 0.071569, -0.198392, 0.977507, 0.291425, -0.00718, -0.980096, -0.198392, 0.0, 0.0, 0.0, 0.0, 1.0],
                [1.0, 0.0, 0.0, -0.02, 0.0, -0.965926, -0.258819, 0.291425, 0.0, 0.258819, -0.965926, -0.0, 0.0, 0.0, 0.0, 1.0],
                [1.0, 0.0, 0.0, -0.02, 0.0, -0.687908, -0.725798, 0.291425, 0.0, 0.725798, -0.687908, -0.0, 0.0, 0.0, 0.0, 1.0],
                [1.0, 0.0, 0.0, -0.02, 0.0, -0.965926, -0.258819, 0.291425, 0.0, 0.258819, -0.965926, -0.0, 0.0, 0.0, 0.0, 1.0]
            ]
        },
        {
            "name": "Elbow_R",
            "time": [0.0, 0.05, 0.1, 0.4, 0.5833],
            "transform": [
                [-1.0, 0.0, -0.0, 0.0, 0.0, 0.682554, -0.730835, 0.329779, 0.0, -0.730835, -0.682554, -0.0, 0.0, 0.0, 0.0, 1.0],
                [-1.0, -0.0, -0.0, 0.0, 0.0, 0.358427, -0.933558, 0.329779, 0.0, -0.933558, -0.358427, 0.0, 0.0, 0.0, 0.0, 1.0],
                [-1.0, -0.0, -0.0, 0.0, 0.0, 0.0, -1.0, 0.329779, 0.0, -1.0, -0.0, 0.0, 0.0, 0.0, 0.0, 1.0],
                [-1.0, -0.0, -0.0, 0.0, 0.0, 0.21079, -0.977531, 0.329779, 0.0, -0.977531, -0.21079, 0.0, 0.0, 0.0, 0.0, 1.0],
                [-1.0, 0.0, -0.0, 0.0, 0.0, 0.324801, -0.945782, 0.329779, 0.0, -0.945782, -0.324801, 0.0, 0.0, 0.0, 0.0, 1.0]
            ]
        },
        {
            "name": "Shoulder_L",
            "time": [0.0, 0.05, 0.1, 0.4, 0.5833],
            "transform": [
                [1e-06, -0.906371, -0.422482, -0.0, -0.0, -0.422481, 0.906371, 0.4, -1.0, -0.0, -0.0, -0.0, 0.0, 0.0, 0.0, 1.0],
                [-0.04069, -0.916218, -0.398609, 0.0, -0.010897, -0.398509, 0.9171, 0.4, -0.999112, 0.041661, 0.006232, 0.0, 0.0, 0.0, 0.0, 1.0],
                [-0.081751, -0.951885, -0.295352, -0.0, -0.021892, -0.294557, 0.955383, 0.4, -0.996412, 0.084569, 0.003242, -0.0, 0.0, 0.0, 0.0, 1.0],
                [-0.102669, -0.930055, -0.352783, 0.0, -0.027494, -0.351869, 0.935645, 0.4, -0.994335, 0.105761, 0.010555, -0.0, 0.0, 0.0, 0.0, 1.0],
                [-0.123918, -0.944995, -0.302703, 0.0, -0.033184, -0.300938, 0.953066, 0.400001, -0.991738, 0.128147, 0.005933, 0.0, 0.0, 0.0, 0.0, 1.0]
            ]
        },
        {
            "name": "Arm_L",
            "time": [0.0, 0.05, 0.1, 0.4, 0.5833],
            "transform": [
                [-0.008271, 0.532053, 0.846671, -0.0, -0.072039, 0.844183, -0.531193, 0.388212, -0.997368, -0.065387, 0.031347, 0.0, 0.0, 0.0, 0.0, 1.0],
                [0.118893, 0.109575, 0.986842, 0.0, -0.46084, 0.886446, -0.042906, 0.388212, -0.879484, -0.449675, 0.155889, 0.0, 0.0, 0.0, 0.0, 1.0],
                [0.392431, -0.249806, 0.885209, -0.0, -0.670525, 0.581082, 0.461239, 0.388212, -0.629599, -0.774559, 0.060533, -0.0, 0.0, 0.0, 0.0, 1.0],
                [0.281651, 0.057721, 0.957779, 0.0, -0.297977, 0.954098, 0.030126, 0.388212, -0.912076, -0.293881, 0.285923, -0.0, 0.0, 0.0, 0.0, 1.0],
                [0.357505, -0.082787, 0.930235, -0.0, -0.401117, 0.885899, 0.232997, 0.388212, -0.843384, -0.456431, 0.283506, 0.0, 0.0, 0.0, 0.0, 1.0]
            ]
        },
        {
            "name": "Hand_L",
            "time": [0.0, 0.05, 0.1, 0.4, 0.5833],
            "transform": [
                [0.99932, -0.033233, 0.015992, -0.0, 0.036748, 0.860435, -0.508234, 0.329779, 0.00313, 0.508476, 0.861071, 0.0, 0.0, 0.0, 0.0, 1.0],
                [0.99932, -0.032504, 0.017426, -0.0, 0.036748, 0.837447, -0.545283, 0.329779, 0.003131, 0.545552, 0.838072, 0.0, 0.0, 0.0, 0.0, 1.0],
                [0.99932, -0.031713, 0.018827, 0.0, 0.036748, 0.812865, -0.581293, 0.329779, 0.003131, 0.581589, 0.813477, 0.0, 0.0, 0.0, 0.0, 1.0],
                [0.973733, 0.227052, 0.017047, -0.0, -0.182879, 0.824497, -0.5355, 0.329779, -0.135642, 0.518317, 0.844363, -0.0, 0.0, 0.0, 0.0, 1.0],
                [0.99932, -0.033233, 0.015992, 0.0, 0.036748, 0.860435, -0.508234, 0.329779, 0.003131, 0.508476, 0.861071, -0.0, 0.0, 0.0, 0.0, 1.0]
            ]
        },
        {
            "name": "Tool_L",
            "time": [0.0, 0.05, 0.1, 0.4, 0.5833],
            "transform": [
                [0.422618, -0.0, 0.906308, 0.02, 0.0, -1.0, -0.0, 0.291426, 0.906308, 0.0, -0.422618, -0.0, 0.0, 0.0, 0.0, 1.0],
                [0.843392, -0.0, 0.5373, 0.02, -0.0, -1.0, -0.0, 0.291426, 0.5373, 0.0, -0.843391, -0.0, 0.0, 0.0, 0.0, 1.0],
                [1.0, 0.0, 0.0, 0.02, 0.0, -1.0, 0.0, 0.291426, 0.0, -0.0, -1.0, -0.0, 0.0, 0.0, 0.0, 1.0],
                [1.0, -0.0, 0.0, 0.02, 0.0, -1.0, -0.0, 0.291426, 0.0, -0.0, -1.0, 0.0, 0.0, 0.0, 0.0, 1.0],
                [1.0, 0.0, 0.0, 0.02, -0.0, -1.0, 0.0, 0.291426, 0.0, 0.0, -1.0, -0.0, 0.0, 0.0, 0.0, 1.0]
            ]
        },
        {
            "name": "Elbow_L",
            "time": [0.0, 0.05, 0.1, 0.4, 0.5833],
            "transform": [
                [-1.0, 0.0, -0.0, -0.0, 0.0, 0.263558, -0.964644, 0.329779, -0.0, -0.964644, -0.263558, 0.0, 0.0, 0.0, 0.0, 1.0],
                [-1.0, 0.0, -0.0, -0.0, 1e-06, 0.284539, -0.958665, 0.329779, -0.0, -0.958664, -0.284538, 0.0, 0.0, 0.0, 0.0, 1.0],
                [-1.0, 2e-06, -3e-06, 0.0, 3e-06, 0.305384, -0.952229, 0.329779, -1e-06, -0.952229, -0.305384, 0.0, 0.0, 0.0, 0.0, 1.0],
                [-1.0, 0.0, -0.0, -0.0, 0.0, 0.271809, -0.962352, 0.329779, 0.0, -0.962352, -0.271809, -0.0, 0.0, 0.0, 0.0, 1.0],
                [-1.0, -0.0, -1e-06, 0.0, 1e-06, 0.263558, -0.964644, 0.329779, 0.0, -0.964644, -0.263557, -0.0, 0.0, 0.0, 0.0, 1.0]
            ]
        }
    ]
}