{

    "animation": [
        {
            "name": "Root",
            "time": [0.0, 0.05, 0.1, 0.15, 0.2, 0.3, 0.5],
            "transform": [
                [-0.045688, -0.0, 0.998956, 0.059995, 0.991692, 0.120371, 0.045355, 0.000946, -0.120246, 0.992729, -0.005499, 0.590153, 0.0, 0.0, 0.0, 1.0],
                [0.689407, 0.034769, 0.72354, 0.153743, 0.703896, 0.203668, -0.680477, 0.500946, -0.171021, 0.978422, 0.115936, 0.630523, 0.0, 0.0, 0.0, 1.0],
                [0.953736, 0.035868, 0.298498, -5e-06, 0.29692, 0.043449, -0.953914, 1.000946, -0.047184, 0.998412, 0.030789, 0.595519, 0.0, 0.0, 0.0, 1.0],
                [0.790009, -0.048129, -0.611203, -5e-06, -0.611206, 0.016367, -0.791302, 1.000946, 0.048089, 0.998707, -0.016487, 0.56349, 0.0, 0.0, 0.0, 1.0],
                [0.515151, -0.080868, -0.853276, -5e-06, -0.85454, 0.028415, -0.518607, 1.000946, 0.066184, 0.99632, -0.054467, 0.547475, 0.0, 0.0, 0.0, 1.0],
                [0.359155, -0.080868, -0.929768, -5e-06, -0.931613, 0.028415, -0.362339, 1.000946, 0.055721, 0.99632, -0.065132, 0.547475, 0.0, 0.0, 0.0, 1.0],
                [0.359155, -0.080868, -0.929768, -5e-06, -0.931613, 0.028415, -0.362339, 1.000946, 0.055721, 0.99632, -0.065132, 0.547475, 0.0, 0.0, 0.0, 1.0]
            ]
        },
        {
            "name": "Thigh_R",
            "time": [0.0, 0.05, 0.1, 0.15, 0.2, 0.3, 0.5],
            "transform": [
                [0.543598, 0.745343, 0.385957, 0.142898, 0.579975, -0.665949, 0.469189, 0.008584, 0.606735, -0.031205, -0.79429, 0.065149, 0.0, 0.0, 0.0, 1.0],
                [0.833587, 0.43501, 0.340437, 0.138873, 0.163566, -0.783045, 0.600071, 0.00573, 0.527615, -0.444528, -0.723889, 0.048693, 0.0, 0.0, 0.0, 1.0],
                [0.944412, 0.136723, 0.298986, 0.134848, 0.133962, -0.990537, 0.029816, 0.002877, 0.300233, 0.011894, -0.953792, 0.032236, 0.0, 0.0, 0.0, 1.0],
                [0.906515, 0.409757, -0.101629, 0.129481, 0.41337, -0.812609, 0.410843, -0.000928, 0.085761, -0.414446, -0.906024, 0.010294, 0.0, 0.0, 0.0, 1.0],
                [0.827574, 0.518217, -0.215806, 0.126798, 0.559282, -0.794172, 0.237684, -0.002831, -0.048215, -0.317397, -0.947067, -0.000677, 0.0, 0.0, 0.0, 1.0],
                [0.824202, 0.49293, -0.278762, 0.126798, 0.565138, -0.747392, 0.349315, -0.00283, -0.036156, -0.445446, -0.894577, -0.000677, 0.0, 0.0, 0.0, 1.0],
                [0.824202, 0.49293, -0.278762, 0.126798, 0.565138, -0.747392, 0.349315, -0.00283, -0.036156, -0.445446, -0.894577, -0.000677, 0.0, 0.0, 0.0, 1.0]
            ]
        },
        {
            "name": "Leg_R",
            "time": [0.0, 0.1, 0.15, 0.2, 0.3, 0.5],
            "transform": [
                [0.9955, -0.05127, -0.079687, 0.0, 0.093706, 0.657473, 0.747628, 0.37472, 0.014061, -0.751731, 0.659319, -0.0, 0.0, 0.0, 0.0, 1.0],
                [0.998789, -0.014306, -0.047076, -0.0, 0.04432, 0.677101, 0.734553, 0.37472, 0.021367, -0.73575, 0.676916, -0.0, 0.0, 0.0, 0.0, 1.0],
                [0.99925, -0.016708, -0.034933, -0.0, 0.037797, 0.616964, 0.786083, 0.37472, 0.008418, -0.786813, 0.617134, 0.0, 0.0, 0.0, 0.0, 1.0],
                [0.999272, -0.007763, -0.037356, 0.0, 0.026745, 0.84078, 0.540715, 0.37472, 0.027211, -0.541318, 0.840378, 0.0, 0.0, 0.0, 0.0, 1.0],
                [0.99413, -0.073176, 0.079698, 0.0, 0.017937, 0.837876, 0.545565, 0.37472, -0.106699, -0.540932, 0.834271, -0.0, 0.0, 0.0, 0.0, 1.0],
                [0.99413, -0.073176, 0.079698, 0.0, 0.017937, 0.837876, 0.545565, 0.37472, -0.106699, -0.540932, 0.834271, -0.0, 0.0, 0.0, 0.0, 1.0]
            ]
        },
        {
            "name": "Knee_R",
            "time": [0.0, 0.1, 0.15, 0.2, 0.3, 0.5],
            "transform": [
                [1.0, 0.0, -1e-06, 0.0, -1e-06, 0.0, -1.0, 0.37472, -0.0, 1.0, 0.0, -0.0, 0.0, 0.0, 0.0, 1.0],
                [1.0, 0.0, -1e-06, -0.0, -1e-06, 0.0, -1.0, 0.37472, -0.0, 1.0, 0.0, -0.0, 0.0, 0.0, 0.0, 1.0],
                [1.0, 0.0, -1e-06, -0.0, -1e-06, 0.0, -1.0, 0.37472, -0.0, 1.0, 0.0, 0.0, 0.0, 0.0, 0.0, 1.0],
                [1.0, 0.0, -1e-06, 0.0, -1e-06, 0.0, -1.0, 0.37472, -0.0, 1.0, 0.0, 0.0, 0.0, 0.0, 0.0, 1.0],
                [1.0, 0.0, -1e-06, 0.0, -1e-06, 0.0, -1.0, 0.37472, -0.0, 1.0, 0.0, -0.0, 0.0, 0.0, 0.0, 1.0],
                [1.0, 0.0, -1e-06, 0.0, -1e-06, 0.0, -1.0, 0.37472, -0.0, 1.0, 0.0, -0.0, 0.0, 0.0, 0.0, 1.0]
            ]
        },
        {
            "name": "Thigh_L",
            "time": [0.0, 0.05, 0.1, 0.15, 0.2, 0.3, 0.5],
            "transform": [
                [0.752011, -0.206842, 0.625854, -0.124449, -0.510773, -0.78302, 0.354948, -0.014246, 0.416639, -0.586595, -0.69449, -0.0003, 0.0, 0.0, 0.0, 1.0],
                [0.946275, -0.125119, 0.298174, -0.133558, -0.257932, -0.84819, 0.462648, -0.010441, 0.195022, -0.514702, -0.834893, 0.009881, 0.0, 0.0, 0.0, 1.0],
                [0.98755, -0.064594, 0.14343, -0.138113, -0.152692, -0.612803, 0.775343, -0.008538, 0.037812, -0.787591, -0.615036, 0.014972, 0.0, 0.0, 0.0, 1.0],
                [0.864957, -0.500749, -0.033147, -0.147221, -0.39006, -0.712381, 0.583408, -0.004733, -0.315755, -0.491694, -0.811502, 0.025153, 0.0, 0.0, 0.0, 1.0],
                [0.751797, -0.649939, -0.11127, -0.151776, -0.467013, -0.64395, 0.605993, -0.002831, -0.46551, -0.403619, -0.787649, 0.030243, 0.0, 0.0, 0.0, 1.0],
                [0.731312, -0.662461, -0.162261, -0.151776, -0.497218, -0.680674, 0.538011, -0.002831, -0.466858, -0.312775, -0.827173, 0.030243, 0.0, 0.0, 0.0, 1.0],
                [0.731312, -0.662461, -0.162261, -0.151776, -0.497218, -0.680674, 0.538011, -0.002831, -0.466858, -0.312775, -0.827173, 0.030243, 0.0, 0.0, 0.0, 1.0]
            ]
        },
        {
            "name": "Leg_L",
            "time": [0.0, 0.1, 0.15, 0.2, 0.3, 0.5],
            "transform": [
                [0.990816, 0.133769, 0.019725, -0.0, -0.130549, 0.90839, 0.397222, 0.37472, 0.035218, -0.396148, 0.917512, -0.0, 0.0, 0.0, 0.0, 1.0],
                [0.998083, 0.028968, 0.054685, -0.0, -0.061274, 0.586318, 0.807761, 0.37472, -0.008664, -0.809563, 0.586969, -0.0, 0.0, 0.0, 0.0, 1.0],
                [0.996754, -0.056829, 0.057021, -0.0, -0.017398, 0.539498, 0.841807, 0.37472, -0.078602, -0.840067, 0.536758, -0.0, 0.0, 0.0, 0.0, 1.0],
                [0.994564, -0.078435, 0.068485, 0.0, -0.01736, 0.5236, 0.851788, 0.37472, -0.102669, -0.848346, 0.519392, 0.0, 0.0, 0.0, 0.0, 1.0],
                [0.993097, -0.087892, 0.077671, 0.0, -0.026901, 0.473866, 0.880187, 0.37472, -0.114167, -0.876201, 0.46823, -0.0, 0.0, 0.0, 0.0, 1.0],
                [0.993097, -0.087892, 0.077671, 0.0, -0.026901, 0.473866, 0.880187, 0.37472, -0.114167, -0.876201, 0.46823, -0.0, 0.0, 0.0, 0.0, 1.0]
            ]
        },
        {
            "name": "Knee_L",
            "time": [0.0, 0.1, 0.15, 0.2, 0.3, 0.5],
            "transform": [
                [1.0, -0.0, 0.0, -0.0, 0.0, 0.0, -1.0, 0.37472, 0.0, 1.0, 0.0, -0.0, 0.0, 0.0, 0.0, 1.0],
                [1.0, -0.0, 0.0, -0.0, 0.0, 0.0, -1.0, 0.37472, 0.0, 1.0, 0.0, -0.0, 0.0, 0.0, 0.0, 1.0],
                [1.0, -0.0, 0.0, -0.0, 0.0, 0.0, -1.0, 0.37472, 0.0, 1.0, 0.0, -0.0, 0.0, 0.0, 0.0, 1.0],
                [1.0, -0.0, 0.0, 0.0, 0.0, 0.0, -1.0, 0.37472, 0.0, 1.0, 0.0, 0.0, 0.0, 0.0, 0.0, 1.0],
                [1.0, -0.0, 0.0, 0.0, 0.0, 0.0, -1.0, 0.37472, 0.0, 1.0, 0.0, -0.0, 0.0, 0.0, 0.0, 1.0],
                [1.0, -0.0, 0.0, 0.0, 0.0, 0.0, -1.0, 0.37472, 0.0, 1.0, 0.0, -0.0, 0.0, 0.0, 0.0, 1.0]
            ]
        },
        {
            "name": "Torso",
            "time": [0.0, 0.1, 0.15, 0.2, 0.3, 0.5],
            "transform": [
                [0.998546, 0.053247, -0.008409, 0.0, -0.053907, 0.986322, -0.155766, 0.05, 0.0, 0.155993, 0.987758, 0.0, 0.0, 0.0, 0.0, 1.0],
                [0.996005, 0.089244, -0.003085, -0.0, -0.089297, 0.995411, -0.034408, 0.05, 0.0, 0.034546, 0.999403, 0.0, 0.0, 0.0, 0.0, 1.0],
                [0.999987, -0.004996, 0.000166, 0.0, 0.004999, 0.999433, -0.0333, 0.05, 0.0, 0.033301, 0.999445, -0.0, 0.0, 0.0, 0.0, 1.0],
                [0.998639, -0.052125, 0.001694, -0.0, 0.052152, 0.998112, -0.03244, 0.05, -0.0, 0.032484, 0.999472, 0.0, 0.0, 0.0, 0.0, 1.0],
                [0.998639, -0.052125, 0.001694, -0.0, 0.052152, 0.998112, -0.03244, 0.05, -0.0, 0.032484, 0.999472, 0.0, 0.0, 0.0, 0.0, 1.0],
                [0.998639, -0.052125, 0.001694, -0.0, 0.052152, 0.998112, -0.03244, 0.05, -0.0, 0.032484, 0.999472, 0.0, 0.0, 0.0, 0.0, 1.0]
            ]
        },
        {
            "name": "Chest",
            "time": [0.0, 0.1, 0.15, 0.2, 0.3, 0.5],
            "transform": [
                [0.839697, -0.076734, 0.537606, -0.0, -0.111899, 0.944275, 0.309555, 0.3, -0.531401, -0.32009, 0.784319, 0.0, 0.0, 0.0, 0.0, 1.0],
                [0.917285, -0.037717, -0.396441, 0.0, 0.137616, 0.964197, 0.226683, 0.3, 0.373697, -0.26249, 0.889634, -0.0, 0.0, 0.0, 0.0, 1.0],
                [0.949351, -0.024138, -0.313289, 0.0, 0.139846, 0.925311, 0.35248, 0.3, 0.281382, -0.378439, 0.881821, 0.0, 0.0, 0.0, 0.0, 1.0],
                [0.962369, -0.021491, -0.270894, 0.0, 0.136211, 0.900744, 0.412439, 0.3, 0.235143, -0.433818, 0.869776, -0.0, 0.0, 0.0, 0.0, 1.0],
                [0.883501, -0.021491, -0.467936, 0.0, 0.220203, 0.900745, 0.374393, 0.3, 0.413444, -0.433818, 0.800541, 0.0, 0.0, 0.0, 0.0, 1.0],
                [0.866369, -0.021491, -0.498941, 0.0, 0.233328, 0.900745, 0.366357, 0.3, 0.441545, -0.433818, 0.785392, 0.0, 0.0, 0.0, 0.0, 1.0]
            ]
        },
        {
            "name": "Head",
            "time": [0.0, 0.1, 0.15, 0.2, 0.3, 0.5],
            "transform": [
                [0.307834, 0.06591, -0.949154, 0.0, 0.082484, 0.991993, 0.095636, 0.4, 0.947858, -0.10773, 0.299933, -0.0, 0.0, 0.0, 0.0, 1.0],
                [0.994736, -0.061367, 0.082065, 0.0, 0.057438, 0.997126, 0.049407, 0.4, -0.084861, -0.044433, 0.995402, -0.0, 0.0, 0.0, 0.0, 1.0],
                [0.717196, -0.021398, 0.696543, 0.0, 0.060919, 0.997627, -0.032079, 0.4, -0.694203, 0.06544, 0.716798, -0.0, 0.0, 0.0, 0.0, 1.0],
                [0.487487, 0.016197, 0.87298, 0.0, 0.078711, 0.994942, -0.062413, 0.4, -0.869575, 0.099139, 0.483746, 0.0, 0.0, 0.0, 0.0, 1.0],
                [0.512636, 0.05528, 0.856825, 0.0, 0.000894, 0.99789, -0.064916, 0.4, -0.858606, 0.034044, 0.511505, -0.0, 0.0, 0.0, 0.0, 1.0],
                [0.512636, 0.05528, 0.856824, 0.0, 0.000894, 0.99789, -0.064917, 0.4, -0.858605, 0.034044, 0.511505, -0.0, 0.0, 0.0, 0.0, 1.0]
            ]
        },
        {
            "name": "Shoulder_R",
            "time": [0.0, 0.1, 0.15, 0.2, 0.3, 0.5],
            "transform": [
                [0.482998, 0.778968, 0.399902, 0.0, -0.129279, -0.388262, 0.912436, 0.4, 0.866026, -0.492404, -0.086826, -0.0, 0.0, 0.0, 0.0, 1.0],
                [0.149401, 0.965887, 0.211522, 0.0, -0.039987, -0.207846, 0.977344, 0.4, 0.987968, -0.154475, 0.007571, -0.0, 0.0, 0.0, 0.0, 1.0],
                [-0.172492, 0.944291, 0.280288, 0.0, 0.046171, -0.276489, 0.959907, 0.4, 0.983928, 0.178517, 0.004093, 0.0, 0.0, 0.0, 0.0, 1.0],
                [-0.250018, 0.913058, 0.322206, 0.0, 0.066922, -0.315683, 0.946502, 0.4, 0.965926, 0.258205, 0.017823, 0.0, 0.0, 0.0, 0.0, 1.0],
                [-0.250018, 0.913058, 0.322206, 0.0, 0.066922, -0.315683, 0.946502, 0.4, 0.965926, 0.258205, 0.017823, -0.0, 0.0, 0.0, 0.0, 1.0],
                [-0.250018, 0.913058, 0.322206, 0.0, 0.066922, -0.315683, 0.946502, 0.4, 0.965926, 0.258205, 0.017823, -0.0, 0.0, 0.0, 0.0, 1.0]
            ]
        },
        {
            "name": "Arm_R",
            "time": [0.0, 0.05, 0.1, 0.15, 0.2, 0.3, 0.5],
            "transform": [
                [-0.507247, -0.797836, -0.32582, 0.0, 0.199956, 0.258795, -0.94501, 0.388385, 0.838284, -0.544502, 0.028259, 0.0, 0.0, 0.0, 0.0, 1.0],
                [-0.322367, -0.931724, -0.167245, -0.0, -0.713284, 0.35524, -0.604178, 0.388385, 0.622339, -0.075473, -0.779101, -0.0, 0.0, 0.0, 0.0, 1.0],
                [0.214956, -0.420643, -0.881393, -0.0, -0.72907, 0.531367, -0.4314, 0.388385, 0.649809, 0.735329, -0.192457, -0.0, 0.0, 0.0, 0.0, 1.0],
                [0.712822, 0.075575, -0.697262, -0.0, -0.385504, 0.872743, -0.299511, 0.388385, 0.585894, 0.482296, 0.651244, 0.0, 0.0, 0.0, 0.0, 1.0],
                [0.751194, 0.064407, -0.656932, -0.0, -0.095682, 0.995342, -0.011826, 0.388385, 0.65311, 0.07174, 0.753857, 0.0, 0.0, 0.0, 0.0, 1.0],
                [0.648257, 0.155791, -0.745313, 0.0, -0.036043, 0.984026, 0.174339, 0.388385, 0.760568, -0.086153, 0.643517, 0.0, 0.0, 0.0, 0.0, 1.0],
                [0.648258, 0.225388, -0.727298, -0.0, -0.036043, 0.963198, 0.266367, 0.388385, 0.760568, -0.14646, 0.632523, -0.0, 0.0, 0.0, 0.0, 1.0]
            ]
        },
        {
            "name": "Hand_R",
            "time": [0.0, 0.05, 0.1, 0.15, 0.2, 0.3, 0.5],
            "transform": [
                [0.982034, -0.181536, -0.051509, 0.0, 0.18343, 0.982418, 0.034754, 0.33, 0.044294, -0.043578, 0.998067, 0.0, 0.0, 0.0, 0.0, 1.0],
                [0.992355, -0.112638, -0.050444, -0.0, 0.095032, 0.958161, -0.269994, 0.33, 0.078745, 0.263136, 0.96154, -0.0, 0.0, 0.0, 0.0, 1.0],
                [0.993746, -0.004497, -0.11157, -0.0, 0.005292, 0.999963, 0.006834, 0.33, 0.111536, -0.007381, 0.993733, 0.0, 0.0, 0.0, 0.0, 1.0],
                [0.999498, -0.030671, -0.007977, 0.0, 0.03057, 0.999456, -0.012403, 0.33, 0.008353, 0.012153, 0.999891, 0.0, 0.0, 0.0, 0.0, 1.0],
                [1.0, -5.8e-05, -0.000167, 0.0, 5.4e-05, 0.999745, -0.022594, 0.33, 0.000168, 0.022594, 0.999745, -0.0, 0.0, 0.0, 0.0, 1.0],
                [1.0, -0.00011, -0.000138, -0.0, 5.4e-05, 0.935559, -0.353171, 0.33, 0.000168, 0.353171, 0.935559, -0.0, 0.0, 0.0, 0.0, 1.0],
                [1.0, -0.000126, -0.000123, 0.0, 5.4e-05, 0.883029, -0.469319, 0.33, 0.000168, 0.469319, 0.883029, -0.0, 0.0, 0.0, 0.0, 1.0]
            ]
        },
        {
            "name": "Tool_R",
            "time": [0.0, 0.05, 0.1, 0.15, 0.2, 0.3, 0.5],
            "transform": [
                [0.999164, 0.008159, -0.040063, 0.0, -0.013562, -0.85827, -0.51302, 0.291204, -0.03857, 0.513135, -0.857441, 0.0, 0.0, 0.0, 0.0, 1.0],
                [0.999231, -0.006299, -0.038701, 0.0, -0.014089, -0.978775, -0.204453, 0.291204, -0.036591, 0.204841, -0.978111, -0.0, 0.0, 0.0, 0.0, 1.0],
                [0.999294, 0.0044, -0.037326, -0.0, -0.014638, -0.869135, -0.494359, 0.291204, -0.034617, 0.494556, -0.868456, -0.0, 0.0, 0.0, 0.0, 1.0],
                [0.99937, 0.001925, -0.035454, -0.0, -0.015404, -0.876159, -0.481776, 0.291204, -0.031991, 0.482018, -0.875577, 0.0, 0.0, 0.0, 0.0, 1.0],
                [0.999405, 0.000696, -0.034504, 0.0, -0.015801, -0.879604, -0.475444, 0.291204, -0.030681, 0.475706, -0.87907, 0.0, 0.0, 0.0, 0.0, 1.0],
                [0.999405, -0.004812, -0.034174, -0.0, -0.015801, -0.944137, -0.329175, 0.291204, -0.030681, 0.329519, -0.94365, -0.0, 0.0, 0.0, 0.0, 1.0],
                [0.999405, -0.004812, -0.034174, -0.0, -0.015802, -0.944137, -0.329175, 0.291204, -0.030681, 0.329519, -0.94365, 0.0, 0.0, 0.0, 0.0, 1.0]
            ]
        },
        {
            "name": "Elbow_R",
            "time": [0.0, 0.1, 0.15, 0.2, 0.3, 0.5],
            "transform": [
                [-1.0, 0.0, 0.0, 0.0, -0.0, 0.0, -1.0, 0.33, -0.0, -1.0, -0.0, 0.0, 0.0, 0.0, 0.0, 1.0],
                [-1.0, 0.0, 0.0, -0.0, -0.0, -0.0, -1.0, 0.33, -0.0, -1.0, 0.0, 0.0, 0.0, 0.0, 0.0, 1.0],
                [-1.0, 0.0, 0.0, 0.0, -0.0, 0.0, -1.0, 0.33, -0.0, -1.0, -0.0, 0.0, 0.0, 0.0, 0.0, 1.0],
                [-1.0, 0.0, 0.0, 0.0, -0.0, 0.0, -1.0, 0.33, -0.0, -1.0, -0.0, 0.0, 0.0, 0.0, 0.0, 1.0],
                [-1.0, 0.0, 0.0, -0.0, -0.0, -0.0, -1.0, 0.33, -0.0, -1.0, 0.0, -0.0, 0.0, 0.0, 0.0, 1.0],
                [-1.0, 0.0, 0.0, 0.0, -0.0, 0.0, -1.0, 0.33, -0.0, -1.0, 0.0, 0.0, 0.0, 0.0, 0.0, 1.0]
            ]
        },
        {
            "name": "Shoulder_L",
            "time": [0.0, 0.1, 0.15, 0.2, 0.3, 0.5],
            "transform": [
                [-0.075383, -0.960928, -0.266336, -0.0, -0.020181, -0.265571, 0.96388, 0.4, -0.99695, 0.078036, 0.000627, -0.0, 0.0, 0.0, 0.0, 1.0],
                [-0.042239, -0.937548, -0.345283, 0.0, -0.011309, -0.34512, 0.93849, 0.4, -0.999044, 0.043546, 0.003975, -0.0, 0.0, 0.0, 0.0, 1.0],
                [-0.019496, -0.917622, -0.396975, -0.0, -0.005221, -0.396951, 0.917825, 0.4, -0.999796, 0.019967, 0.002948, -0.0, 0.0, 0.0, 0.0, 1.0],
                [-0.007976, -0.90638, -0.422389, 0.0, -0.002137, -0.422386, 0.906414, 0.4, -0.999966, 0.008133, 0.001432, 0.0, 0.0, 0.0, 0.0, 1.0],
                [-0.007976, -0.90638, -0.422389, 0.0, -0.002137, -0.422386, 0.906414, 0.4, -0.999966, 0.008133, 0.001432, -0.0, 0.0, 0.0, 0.0, 1.0],
                [-0.007976, -0.90638, -0.422389, -0.0, -0.002137, -0.422386, 0.906414, 0.4, -0.999966, 0.008133, 0.001432, -0.0, 0.0, 0.0, 0.0, 1.0]
            ]
        },
        {
            "name": "Arm_L",
            "time": [0.0, 0.1, 0.15, 0.2, 0.3, 0.5],
            "transform": [
                [0.217337, -0.270735, 0.937799, 0.0, -0.764555, 0.550062, 0.335986, 0.388354, -0.606811, -0.790021, -0.087443, 0.0, 0.0, 0.0, 0.0, 1.0],
                [0.15678, -0.256107, 0.953849, 0.0, -0.723377, 0.62777, 0.287454, 0.388354, -0.672418, -0.73506, -0.08684, 0.0, 0.0, 0.0, 0.0, 1.0],
                [0.116919, -0.243047, 0.962942, 0.0, -0.69106, 0.676455, 0.254645, 0.388354, -0.713278, -0.695224, -0.08887, -0.0, 0.0, 0.0, 0.0, 1.0],
                [0.097248, -0.23556, 0.966982, -0.0, -0.67353, 0.69973, 0.238193, 0.388354, -0.732735, -0.674455, -0.090609, 0.0, 0.0, 0.0, 0.0, 1.0],
                [0.097248, -0.23556, 0.966982, 0.0, -0.67353, 0.699729, 0.238193, 0.388354, -0.732735, -0.674455, -0.090609, -0.0, 0.0, 0.0, 0.0, 1.0],
                [0.097248, -0.23556, 0.966982, -0.0, -0.67353, 0.699729, 0.238193, 0.388354, -0.732735, -0.674455, -0.090609, 0.0, 0.0, 0.0, 0.0, 1.0]
            ]
        },
        {
            "name": "Hand_L",
            "time": [0.0, 0.1, 0.15, 0.2, 0.3, 0.5],
            "transform": [
                [0.995691, -0.08141, -0.044406, 0.0, 0.055365, 0.906024, -0.419589, 0.33, 0.074391, 0.415323, 0.906627, 0.0, 0.0, 0.0, 0.0, 1.0],
                [0.992776, 0.119913, -0.004125, -0.0, -0.094744, 0.762379, -0.640158, 0.33, -0.073618, 0.635924, 0.768233, -0.0, 0.0, 0.0, 0.0, 1.0],
                [0.999547, 0.02705, 0.013203, -0.0, -0.007336, 0.644321, -0.76472, 0.33, -0.029192, 0.764277, 0.644227, 0.0, 0.0, 0.0, 0.0, 1.0],
                [0.999461, -0.017575, 0.027743, -0.0, 0.032803, 0.575432, -0.817191, 0.33, -0.001602, 0.81766, 0.575698, 0.0, 0.0, 0.0, 0.0, 1.0],
                [0.999461, -0.017576, 0.027743, 0.0, 0.032803, 0.575432, -0.817191, 0.33, -0.001602, 0.81766, 0.575698, -0.0, 0.0, 0.0, 0.0, 1.0],
                [0.99946, -0.017575, 0.027743, 0.0, 0.032803, 0.575433, -0.817191, 0.33, -0.001602, 0.81766, 0.575698, -0.0, 0.0, 0.0, 0.0, 1.0]
            ]
        },
        {
            "name": "Tool_L",
            "time": [0.0, 0.1, 0.15, 0.2, 0.3, 0.5],
            "transform": [
                [-1.0, 0.0, 0.0, 0.0, 0.0, 1.0, 0.0, 0.291204, -0.0, 0.0, -1.0, -0.0, 0.0, 0.0, 0.0, 1.0],
                [-1.0, 0.0, 0.0, 0.0, 0.0, 1.0, 0.0, 0.291204, -0.0, 0.0, -1.0, -0.0, 0.0, 0.0, 0.0, 1.0],
                [-1.0, 0.0, 0.0, -0.0, 0.0, 1.0, -0.0, 0.291204, -0.0, -0.0, -1.0, -0.0, 0.0, 0.0, 0.0, 1.0],
                [-1.0, 0.0, 0.0, -0.0, 0.0, 1.0, 0.0, 0.291204, -0.0, -0.0, -1.0, -0.0, 0.0, 0.0, 0.0, 1.0],
                [-1.0, 0.0, 0.0, -0.0, 0.0, 1.0, -0.0, 0.291204, -0.0, -0.0, -1.0, -0.0, 0.0, 0.0, 0.0, 1.0],
                [-1.0, 0.0, 0.0, 0.0, 0.0, 1.0, -0.0, 0.291204, -0.0, -0.0, -1.0, -0.0, 0.0, 0.0, 0.0, 1.0]
            ]
        },
        {
            "name": "Elbow_L",
            "time": [0.0, 0.1, 0.15, 0.2, 0.3, 0.5],
            "transform": [
                [-1.0, 0.0, -0.0, 0.0, 0.0, -0.0, -1.0, 0.33, -0.0, -1.0, 0.0, 0.0, 0.0, 0.0, 0.0, 1.0],
                [-1.0, 0.0, -0.0, 0.0, 0.0, -0.0, -1.0, 0.33, -0.0, -1.0, 0.0, 0.0, 0.0, 0.0, 0.0, 1.0],
                [-1.0, 0.0, -0.0, -0.0, 0.0, -0.0, -1.0, 0.33, -0.0, -1.0, 0.0, 0.0, 0.0, 0.0, 0.0, 1.0],
                [-1.0, 0.0, -0.0, -0.0, 0.0, -0.0, -1.0, 0.33, -0.0, -1.0, 0.0, 0.0, 0.0, 0.0, 0.0, 1.0],
                [-1.0, 0.0, -0.0, 0.0, 0.0, -0.0, -1.0, 0.33, -0.0, -1.0, 0.0, 0.0, 0.0, 0.0, 0.0, 1.0],
                [-1.0, 0.0, -0.0, 0.0, 0.0, -0.0, -1.0, 0.33, -0.0, -1.0, 0.0, 0.0, 0.0, 0.0, 0.0, 1.0]
            ]
        }
    ]
}