{

    "animation": [
        {
            "name": "Root",
            "time": [0.0, 0.05, 0.0833, 0.15, 0.3333, 0.5],
            "transform": [
                [0.381159, 0.183931, 0.906028, -5e-06, 0.90954, 0.101039, -0.403148, 0.000946, -0.165695, 0.977732, -0.128781, 0.773972, 0.0, 0.0, 0.0, 1.0],
                [0.218038, 0.183931, 0.958451, -5e-06, 0.965728, 0.101039, -0.239084, 0.000946, -0.140816, 0.977732, -0.155597, 0.723972, 0.0, 0.0, 0.0, 1.0],
                [0.577698, 0.09175, 0.811078, -5e-06, 0.81013, 0.057011, -0.583472, 0.100946, -0.099774, 0.994149, -0.041394, 0.673972, 0.0, 0.0, 0.0, 1.0],
                [0.992837, -0.116682, 0.025671, -5e-06, 0.045835, 0.173569, -0.983755, 0.200946, 0.110331, 0.977885, 0.177674, 0.773972, 0.0, 0.0, 0.0, 1.0],
                [0.904852, -0.165218, -0.39236, -5e-06, -0.364043, 0.177538, -0.914305, 0.200946, 0.220718, 0.970146, 0.100499, 0.573972, 0.0, 0.0, 0.0, 1.0],
                [0.836661, -0.156814, -0.524794, -5e-06, -0.499614, 0.174163, -0.848559, 0.200946, 0.224466, 0.972151, 0.067369, 0.438972, 0.0, 0.0, 0.0, 1.0]
            ]
        },
        {
            "name": "Thigh_R",
            "time": [0.0, 0.05, 0.15, 0.5],
            "transform": [
                [0.930012, 0.071182, 0.360571, 0.124994, 0.068443, -0.997445, 0.020377, -0.002831, 0.3611, 0.005728, -0.932509, -1.2e-05, 0.0, 0.0, 0.0, 1.0],
                [0.929485, 0.117093, 0.34978, 0.124994, 0.065443, -0.985579, 0.156032, -0.002831, 0.363007, -0.122139, -0.923746, -1.2e-05, 0.0, 0.0, 0.0, 1.0],
                [0.999058, 0.036281, -0.023741, 0.128737, 0.038895, -0.507961, 0.8605, -0.003496, 0.01916, -0.860614, -0.508895, 0.00463, 0.0, 0.0, 0.0, 1.0],
                [0.996226, 0.011906, 0.085961, 0.128737, -0.078428, -0.300525, 0.950542, -0.003496, 0.03715, -0.953698, -0.298458, 0.00463, 0.0, 0.0, 0.0, 1.0]
            ]
        },
        {
            "name": "Leg_R",
            "time": [0.0, 0.05, 0.15, 0.5],
            "transform": [
                [0.999837, -0.01258, -0.012946, 0.0, 0.017451, 0.856975, 0.515063, 0.37472, 0.004615, -0.515205, 0.857054, 0.0, 0.0, 0.0, 0.0, 1.0],
                [0.999587, -0.022334, -0.018115, -0.0, 0.028471, 0.679799, 0.732846, 0.37472, -0.004053, -0.733057, 0.680155, 0.0, 0.0, 0.0, 0.0, 1.0],
                [0.998511, -0.000782, -0.054554, -0.0, 0.05348, -0.183898, 0.98149, 0.37472, -0.0108, -0.982945, -0.183582, -0.0, 0.0, 0.0, 0.0, 1.0],
                [0.98829, -0.133377, -0.074111, -0.0, 0.077677, 0.021731, 0.996742, 0.37472, -0.131332, -0.990827, 0.031837, -0.0, 0.0, 0.0, 0.0, 1.0]
            ]
        },
        {
            "name": "Knee_R",
            "time": [0.0, 0.05, 0.15, 0.5],
            "transform": [
                [1.0, 0.0, -1e-06, 0.0, -1e-06, 0.0, -1.0, 0.37472, -0.0, 1.0, 0.0, 0.0, 0.0, 0.0, 0.0, 1.0],
                [1.0, 0.0, -1e-06, -0.0, -1e-06, 0.0, -1.0, 0.37472, -0.0, 1.0, 0.0, 0.0, 0.0, 0.0, 0.0, 1.0],
                [1.0, 0.0, -1e-06, -0.0, -1e-06, 0.0, -1.0, 0.37472, -0.0, 1.0, 0.0, -0.0, 0.0, 0.0, 0.0, 1.0],
                [1.0, 0.0, -1e-06, -0.0, -1e-06, 0.0, -1.0, 0.37472, -0.0, 1.0, 0.0, -0.0, 0.0, 0.0, 0.0, 1.0]
            ]
        },
        {
            "name": "Thigh_L",
            "time": [0.0, 0.05, 0.15, 0.3333, 0.5],
            "transform": [
                [0.986625, -0.012278, 0.162541, -0.125006, -0.125059, -0.696587, 0.706488, -0.002831, 0.10455, -0.717366, -0.688806, -1.2e-05, 0.0, 0.0, 0.0, 1.0],
                [0.982694, -0.015964, 0.184542, -0.125006, -0.160942, -0.566786, 0.807991, -0.002831, 0.091697, -0.82371, -0.559547, -1.2e-05, 0.0, 0.0, 0.0, 1.0],
                [0.980455, -0.153573, -0.12296, -0.124804, -0.136342, -0.980992, 0.138071, 0.000864, -0.141827, -0.118608, -0.982759, -0.000276, 0.0, 0.0, 0.0, 1.0],
                [0.964233, -0.240971, -0.110376, -0.124804, -0.206961, -0.944685, 0.254428, 0.000864, -0.165581, -0.222485, -0.960771, -0.000276, 0.0, 0.0, 0.0, 1.0],
                [0.940147, -0.334535, -0.064867, -0.124804, -0.27899, -0.86494, 0.417183, 0.000864, -0.195669, -0.374116, -0.906503, -0.000276, 0.0, 0.0, 0.0, 1.0]
            ]
        },
        {
            "name": "Leg_L",
            "time": [0.0, 0.05, 0.15, 0.5],
            "transform": [
                [0.995617, 0.079378, 0.049454, -0.0, -0.052441, 0.035995, 0.997977, 0.37472, 0.077437, -0.996195, 0.04, 0.0, 0.0, 0.0, 0.0, 1.0],
                [0.996448, 0.059057, 0.060041, -0.0, -0.053115, -0.112565, 0.992224, 0.37472, 0.065357, -0.991889, -0.109029, 0.0, 0.0, 0.0, 0.0, 1.0],
                [0.99866, 0.019842, 0.047786, 0.0, -0.050553, 0.570992, 0.819398, 0.37472, -0.011027, -0.820715, 0.571231, -0.0, 0.0, 0.0, 0.0, 1.0],
                [0.994788, 0.029151, 0.097712, -0.0, -0.091271, -0.172717, 0.980734, 0.37472, 0.045466, -0.98454, -0.169156, -0.0, 0.0, 0.0, 0.0, 1.0]
            ]
        },
        {
            "name": "Knee_L",
            "time": [0.0, 0.05, 0.15, 0.5],
            "transform": [
                [1.0, -0.0, 0.0, -0.0, 0.0, 0.0, -1.0, 0.37472, 0.0, 1.0, 0.0, 0.0, 0.0, 0.0, 0.0, 1.0],
                [1.0, -0.0, 0.0, -0.0, 0.0, 0.0, -1.0, 0.37472, 0.0, 1.0, 0.0, 0.0, 0.0, 0.0, 0.0, 1.0],
                [1.0, -0.0, 0.0, 0.0, 0.0, 0.0, -1.0, 0.37472, 0.0, 1.0, 0.0, -0.0, 0.0, 0.0, 0.0, 1.0],
                [1.0, -0.0, 0.0, -0.0, 0.0, 0.0, -1.0, 0.37472, 0.0, 1.0, 0.0, -0.0, 0.0, 0.0, 0.0, 1.0]
            ]
        },
        {
            "name": "Torso",
            "time": [0.0, 0.05, 0.0833, 0.15, 0.3333, 0.5],
            "transform": [
                [0.999904, -0.013856, -0.000222, 0.0, 0.013858, 0.999776, 0.015991, 0.05, 0.0, -0.015992, 0.999872, 0.0, 0.0, 0.0, 0.0, 1.0],
                [0.999904, -0.013856, -0.000222, 0.0, 0.013858, 0.999776, 0.015991, 0.05, 0.0, -0.015992, 0.999872, -0.0, 0.0, 0.0, 0.0, 1.0],
                [0.993405, -0.114079, -0.011541, 0.0, 0.114661, 0.98836, 0.099986, 0.05, -0.0, -0.10065, 0.994922, -0.0, 0.0, 0.0, 0.0, 1.0],
                [0.998497, -0.054565, -0.005098, -0.0, 0.054802, 0.994168, 0.092877, 0.05, 0.0, -0.093017, 0.995665, 0.0, 0.0, 0.0, 0.0, 1.0],
                [0.999746, -0.022464, -0.001617, 0.0, 0.022522, 0.997164, 0.071796, 0.05, 0.0, -0.071814, 0.997418, -0.0, 0.0, 0.0, 0.0, 1.0],
                [0.999564, -0.029479, -0.001121, -0.0, 0.0295, 0.998843, 0.03798, 0.05, -0.0, -0.037996, 0.999278, 0.0, 0.0, 0.0, 0.0, 1.0]
            ]
        },
        {
            "name": "Chest",
            "time": [0.0, 0.05, 0.0833, 0.15, 0.3333, 0.5],
            "transform": [
                [0.988349, -0.088155, 0.124073, -0.0, 0.026701, 0.902973, 0.428868, 0.3, -0.149841, -0.420559, 0.894806, 0.0, 0.0, 0.0, 0.0, 1.0],
                [0.988349, -0.088155, 0.124073, 0.0, 0.026701, 0.902972, 0.428868, 0.3, -0.149841, -0.420558, 0.894806, -0.0, 0.0, 0.0, 0.0, 1.0],
                [0.992473, 0.020646, 0.120713, -0.0, -0.051337, 0.96504, 0.257026, 0.3, -0.111186, -0.261288, 0.958836, 0.0, 0.0, 0.0, 0.0, 1.0],
                [0.892029, 0.119344, -0.435936, 0.0, -0.023016, 0.975252, 0.219893, 0.3, 0.45139, -0.186117, 0.872701, -0.0, 0.0, 0.0, 0.0, 1.0],
                [0.84258, 0.150765, -0.517038, 0.0, 0.021788, 0.949691, 0.312429, 0.3, 0.538129, -0.274512, 0.796907, 0.0, 0.0, 0.0, 0.0, 1.0],
                [0.773925, 0.115913, -0.622579, -0.0, 0.129116, 0.933573, 0.334319, 0.3, 0.619975, -0.339122, 0.70755, 0.0, 0.0, 0.0, 0.0, 1.0]
            ]
        },
        {
            "name": "Head",
            "time": [0.0, 0.05, 0.15, 0.3333, 0.5],
            "transform": [
                [0.330507, -0.048195, -0.942572, 0.0, -0.055091, 0.996007, -0.070245, 0.4, 0.942194, 0.075144, 0.326532, 0.0, 0.0, 0.0, 0.0, 1.0],
                [0.214098, -0.048195, -0.975622, 0.0, -0.063182, 0.996007, -0.063067, 0.4, 0.974767, 0.075144, 0.210198, 0.0, 0.0, 0.0, 0.0, 1.0],
                [0.893006, 0.034175, 0.448745, 0.0, 0.004966, 0.996304, -0.085758, 0.4, -0.450017, 0.078811, 0.889535, -0.0, 0.0, 0.0, 0.0, 1.0],
                [0.563187, 0.025267, 0.825943, 0.0, 0.085178, 0.992433, -0.088441, 0.4, -0.821927, 0.120161, 0.556773, -0.0, 0.0, 0.0, 0.0, 1.0],
                [0.336498, 0.06127, 0.939689, 0.0, 0.086695, 0.991628, -0.095701, 0.4, -0.937685, 0.113669, 0.328369, 0.0, 0.0, 0.0, 0.0, 1.0]
            ]
        },
        {
            "name": "Shoulder_R",
            "time": [0.0, 0.05, 0.0833, 0.15, 0.3333, 0.5],
            "transform": [
                [0.442543, 0.890516, 0.105527, 0.0, -0.118451, -0.058597, 0.991229, 0.4, 0.888889, -0.451162, 0.07955, -0.0, 0.0, 0.0, 0.0, 1.0],
                [0.442543, 0.890516, 0.105527, 0.0, -0.118451, -0.058597, 0.991229, 0.4, 0.88889, -0.451162, 0.079551, 0.0, 0.0, 0.0, 0.0, 1.0],
                [0.365204, 0.925612, 0.099339, 0.0, -0.09775, -0.067991, 0.992885, 0.4, 0.925782, -0.372316, 0.065648, 0.0, 0.0, 0.0, 0.0, 1.0],
                [0.160561, 0.958145, 0.237018, 0.0, -0.042975, -0.23312, 0.971498, 0.4, 0.986091, -0.16617, 0.003746, -0.0, 0.0, 0.0, 0.0, 1.0],
                [0.16725, 0.969419, 0.179598, 0.0, -0.044765, -0.17451, 0.983637, 0.4, 0.984899, -0.172553, 0.014209, 0.0, 0.0, 0.0, 0.0, 1.0],
                [0.174511, 0.941679, 0.287727, 0.0, -0.046708, -0.283965, 0.957696, 0.4, 0.983548, -0.180567, -0.005571, -0.0, 0.0, 0.0, 0.0, 1.0]
            ]
        },
        {
            "name": "Arm_R",
            "time": [0.0, 0.05, 0.0833, 0.1167, 0.15, 0.3333, 0.5],
            "transform": [
                [-0.338439, -0.938462, 0.068905, 0.0, -0.192169, -0.002753, -0.981358, 0.388385, 0.921157, -0.345371, -0.179411, 0.0, 0.0, 0.0, 0.0, 1.0],
                [-0.338439, -0.938462, 0.068905, 0.0, -0.192169, -0.002753, -0.981358, 0.388385, 0.921157, -0.345371, -0.179411, -0.0, 0.0, 0.0, 0.0, 1.0],
                [0.026925, -0.882107, -0.470279, 0.0, -0.225788, 0.452925, -0.862483, 0.388385, 0.973804, 0.129405, -0.186974, -0.0, 0.0, 0.0, 0.0, 1.0],
                [0.211264, -0.406805, -0.88875, -0.0, -0.322092, 0.82951, -0.456255, 0.388385, 0.922835, 0.382649, 0.044217, 0.0, 0.0, 0.0, 0.0, 1.0],
                [0.344724, 0.25728, -0.902759, -0.0, -0.230045, 0.955534, 0.184477, 0.388385, 0.910077, 0.144081, 0.388584, -0.0, 0.0, 0.0, 0.0, 1.0],
                [0.179752, 0.187603, -0.965658, 0.0, -0.192762, 0.969331, 0.152436, 0.388385, 0.964641, 0.158741, 0.210402, 0.0, 0.0, 0.0, 0.0, 1.0],
                [0.174214, 0.057187, -0.983046, 0.0, -0.207544, 0.978017, 0.020114, 0.388385, 0.962587, 0.200521, 0.182254, 0.0, 0.0, 0.0, 0.0, 1.0]
            ]
        },
        {
            "name": "Hand_R",
            "time": [0.0, 0.05, 0.1167, 0.15, 0.5],
            "transform": [
                [1.0, -0.0, 0.0, -0.0, 0.0, 0.832469, -0.554072, 0.33, 0.0, 0.554072, 0.832469, 0.0, 0.0, 0.0, 0.0, 1.0],
                [1.0, -0.0, 0.0, 0.0, 0.0, 0.832469, -0.554072, 0.33, -0.0, 0.554072, 0.832469, 0.0, 0.0, 0.0, 0.0, 1.0],
                [0.999488, -0.028346, 0.014832, -0.0, 0.029751, 0.994005, -0.105199, 0.33, -0.011761, 0.105586, 0.994341, -0.0, 0.0, 0.0, 0.0, 1.0],
                [0.997902, -0.056704, 0.031242, -0.0, 0.060706, 0.987245, -0.147167, 0.33, -0.022499, 0.148755, 0.988619, -0.0, 0.0, 0.0, 0.0, 1.0],
                [0.997902, -0.056704, 0.031242, 0.0, 0.060706, 0.987245, -0.147167, 0.33, -0.022499, 0.148755, 0.988619, -0.0, 0.0, 0.0, 0.0, 1.0]
            ]
        },
        {
            "name": "Tool_R",
            "time": [0.0, 0.05, 0.0833, 0.15, 0.5],
            "transform": [
                [0.999999, -0.001016, -0.000878, 0.0, -0.001309, -0.88248, -0.470348, 0.291204, -0.000297, 0.470349, -0.882481, 0.0, 0.0, 0.0, 0.0, 1.0],
                [0.999999, -0.001016, -0.000878, -0.0, -0.001309, -0.88248, -0.470348, 0.291204, -0.000297, 0.470348, -0.882481, 0.0, 0.0, 0.0, 0.0, 1.0],
                [0.999999, -0.001081, -0.000995, -0.0, -0.001416, -0.890251, -0.455467, 0.291204, -0.000393, 0.455467, -0.890253, 0.0, 0.0, 0.0, 0.0, 1.0],
                [0.999999, -0.001333, -0.001169, -0.0, -0.001658, -0.93675, -0.349991, 0.291204, -0.000628, 0.34999, -0.936755, 0.0, 0.0, 0.0, 0.0, 1.0],
                [0.999998, -0.001486, -0.000968, 0.0, -0.001658, -0.976843, -0.213937, 0.291204, -0.000628, 0.213938, -0.976849, -0.0, 0.0, 0.0, 0.0, 1.0]
            ]
        },
        {
            "name": "Elbow_R",
            "time": [0.0, 0.05, 0.15, 0.5],
            "transform": [
                [-1.0, 0.0, 0.0, -0.0, -0.0, 0.0, -1.0, 0.33, -0.0, -1.0, 0.0, 0.0, 0.0, 0.0, 0.0, 1.0],
                [-1.0, 0.0, 0.0, 0.0, -0.0, 0.0, -1.0, 0.33, -0.0, -1.0, -0.0, 0.0, 0.0, 0.0, 0.0, 1.0],
                [-1.0, 0.0, 0.0, -0.0, -0.0, -0.0, -1.0, 0.33, -0.0, -1.0, 0.0, 0.0, 0.0, 0.0, 0.0, 1.0],
                [-1.0, 0.0, 0.0, 0.0, -0.0, -0.0, -1.0, 0.33, -0.0, -1.0, -0.0, 0.0, 0.0, 0.0, 0.0, 1.0]
            ]
        },
        {
            "name": "Shoulder_L",
            "time": [0.0, 0.05, 0.0833, 0.15, 0.5],
            "transform": [
                [0.014558, -0.942326, -0.33438, 0.0, 0.003894, -0.334359, 0.942437, 0.4, -0.999886, -0.015022, -0.001198, 0.0, 0.0, 0.0, 0.0, 1.0],
                [0.014558, -0.942326, -0.33438, 0.0, 0.003894, -0.334359, 0.942438, 0.4, -0.999887, -0.015022, -0.001198, 0.0, 0.0, 0.0, 0.0, 1.0],
                [-0.08093, -0.936244, -0.341899, 0.0, -0.021666, -0.34129, 0.939708, 0.4, -0.996484, 0.083458, 0.007336, 0.0, 0.0, 0.0, 0.0, 1.0],
                [-0.250015, -0.873996, -0.416679, -0.0, -0.066928, -0.413716, 0.907942, 0.4, -0.965925, 0.254887, 0.044941, -0.0, 0.0, 0.0, 0.0, 1.0],
                [-0.250015, -0.884729, -0.393376, 0.0, -0.066928, -0.389516, 0.918585, 0.4, -0.965925, 0.255988, 0.038172, 0.0, 0.0, 0.0, 0.0, 1.0]
            ]
        },
        {
            "name": "Arm_L",
            "time": [0.0, 0.05, 0.0833, 0.15, 0.5],
            "transform": [
                [-0.011611, -0.746236, 0.66558, -0.0, -0.799671, 0.406549, 0.441865, 0.388354, -0.600327, -0.527114, -0.601464, -0.0, 0.0, 0.0, 0.0, 1.0],
                [-0.011611, -0.746236, 0.66558, -0.0, -0.799671, 0.406549, 0.441865, 0.388354, -0.600327, -0.527114, -0.601464, -0.0, 0.0, 0.0, 0.0, 1.0],
                [-0.037049, -0.691179, 0.721733, 0.0, -0.768741, 0.481163, 0.421331, 0.388354, -0.638487, -0.539216, -0.549164, 0.0, 0.0, 0.0, 0.0, 1.0],
                [-0.143126, -0.423466, 0.894533, 0.0, -0.586026, 0.764618, 0.268199, 0.388354, -0.797549, -0.485835, -0.357599, 0.0, 0.0, 0.0, 0.0, 1.0],
                [-0.102666, -0.162071, 0.981423, -0.0, -0.588829, 0.805101, 0.071356, 0.388354, -0.801709, -0.570565, -0.178089, -0.0, 0.0, 0.0, 0.0, 1.0]
            ]
        },
        {
            "name": "Hand_L",
            "time": [0.0, 0.05, 0.15, 0.5],
            "transform": [
                [0.999089, -0.037015, 0.021229, 0.0, 0.04128, 0.712413, -0.700546, 0.33, 0.010807, 0.700784, 0.713292, -0.0, 0.0, 0.0, 0.0, 1.0],
                [0.999089, -0.037015, 0.021229, 0.0, 0.04128, 0.712413, -0.700546, 0.33, 0.010807, 0.700784, 0.713292, -0.0, 0.0, 0.0, 0.0, 1.0],
                [1.001271, -0.0068, -0.037696, -0.0, -0.019526, 0.757039, -0.653177, 0.33, 0.03304, 0.65342, 0.756368, -0.0, 0.0, 0.0, 0.0, 1.0],
                [1.001266, -0.006707, -0.037788, -0.0, -0.019205, 0.765858, -0.642827, 0.33, 0.033313, 0.643071, 0.765174, 0.0, 0.0, 0.0, 0.0, 1.0]
            ]
        },
        {
            "name": "Tool_L",
            "time": [0.0, 0.05, 0.15, 0.5],
            "transform": [
                [-0.999475, 0.009594, -0.030946, 0.0, 0.009477, 0.999947, 0.003904, 0.291204, 0.030982, 0.003609, -0.999514, -0.0, 0.0, 0.0, 0.0, 1.0],
                [-0.999475, 0.009594, -0.030946, 0.0, 0.009477, 0.999948, 0.003904, 0.291204, 0.030982, 0.003609, -0.999514, -0.0, 0.0, 0.0, 0.0, 1.0],
                [-0.999475, 0.009594, -0.030946, 0.0, 0.009477, 0.999947, 0.003904, 0.291204, 0.030982, 0.003609, -0.999514, -0.0, 0.0, 0.0, 0.0, 1.0],
                [-0.999475, 0.001672, -0.032356, 0.0, 0.009493, 0.969951, -0.243112, 0.291204, 0.030978, -0.243291, -0.969459, -0.0, 0.0, 0.0, 0.0, 1.0]
            ]
        },
        {
            "name": "Elbow_L",
            "time": [0.0, 0.05, 0.15, 0.5],
            "transform": [
                [-1.0, 0.0, -0.0, 0.0, 0.0, -0.0, -1.0, 0.33, -0.0, -1.0, 0.0, 0.0, 0.0, 0.0, 0.0, 1.0],
                [-1.0, 0.0, -0.0, 0.0, 0.0, -0.0, -1.0, 0.33, -0.0, -1.0, 0.0, 0.0, 0.0, 0.0, 0.0, 1.0],
                [-1.0, 0.0, -0.0, 0.0, 0.0, -0.0, -1.0, 0.33, -0.0, -1.0, 0.0, 0.0, 0.0, 0.0, 0.0, 1.0],
                [-1.0, 0.0, -0.0, 0.0, 0.0, -0.0, -1.0, 0.33, -0.0, -1.0, 0.0, 0.0, 0.0, 0.0, 0.0, 1.0]
            ]
        }
    ]
}