{
 
    "animation": [
        {
            "name": "Root",
            "time": [0.0, 0.0667, 0.1, 0.1833, 0.3, 0.5833],
            "transform": [
                [-0.081885, -0.004706, 0.996631, -5e-06, 0.995888, -0.039261, 0.081639, 0.000946, 0.038744, 0.999218, 0.007901, 0.562111, 0.0, 0.0, 0.0, 1.0],
                [0.803318, 0.166851, 0.5717, 0.027964, 0.502382, 0.325678, -0.800966, 2.000947, -0.319832, 0.930642, 0.1778, 0.42217, 0.0, 0.0, 0.0, 1.0],
                [0.99243, 0.120965, 0.021236, -5e-06, 0.005763, 0.126855, -0.991905, 3.000947, -0.12268, 0.984518, 0.125197, 0.439258, 0.0, 0.0, 0.0, 1.0],
                [0.960548, 0.0, -0.278114, -5e-06, -0.278114, 0.0, -0.960548, 4.000947, 0.0, 1.0, 0.0, 0.444558, 0.0, 0.0, 0.0, 1.0],
                [0.949094, 0.0, -0.314994, -5e-06, -0.314994, 0.0, -0.949094, 4.000947, 0.0, 1.0, 0.0, 0.486346, 0.0, 0.0, 0.0, 1.0],
                [0.9397, 0.0, -0.341999, -5e-06, -0.341999, 0.0, -0.9397, 4.000947, 0.0, 1.0, 0.0, 0.486346, 0.0, 0.0, 0.0, 1.0]
            ]
        },
        {
            "name": "Thigh_R",
            "time": [0.0, 0.0667, 0.1, 0.1833, 0.3, 0.5833],
            "transform": [
                [0.847283, 0.304004, 0.435537, 0.124994, 0.347353, -0.93749, -0.021366, -0.002831, 0.401817, 0.169388, -0.899917, -1.2e-05, 0.0, 0.0, 0.0, 1.0],
                [0.825082, 0.457172, -0.332013, 0.124994, 0.47943, -0.255542, 0.839549, -0.002831, 0.298976, -0.851874, -0.430025, -1.2e-05, 0.0, 0.0, 0.0, 1.0],
                [0.94633, 0.16984, -0.274976, 0.124994, 0.306287, -0.199663, 0.930763, -0.002831, 0.103179, -0.965031, -0.240968, -1.2e-05, 0.0, 0.0, 0.0, 1.0],
                [0.98887, 0.001937, -0.148755, 0.124994, 0.141977, -0.310945, 0.939762, -0.002831, -0.044435, -0.950424, -0.307759, -1.2e-05, 0.0, 0.0, 0.0, 1.0],
                [0.991501, -0.036088, -0.124982, 0.124994, 0.102971, -0.369392, 0.92355, -0.002831, -0.079497, -0.928572, -0.362537, -1.2e-05, 0.0, 0.0, 0.0, 1.0],
                [0.99182, -0.049191, -0.117772, 0.124994, 0.091532, -0.368934, 0.924936, -0.002831, -0.088948, -0.928152, -0.361414, -1.1e-05, 0.0, 0.0, 0.0, 1.0]
            ]
        },
        {
            "name": "Leg_R",
            "time": [0.0, 0.0667, 0.1, 0.1833, 0.3, 0.5833],
            "transform": [
                [0.995906, 0.046319, -0.07762, 0.0, 0.019895, 0.725341, 0.688101, 0.37472, 0.088173, -0.686827, 0.721452, -0.0, 0.0, 0.0, 0.0, 1.0],
                [0.980802, 0.192882, -0.028705, 0.0, 0.088736, -0.310367, 0.946466, 0.37472, 0.173647, -0.930843, -0.321525, -0.0, 0.0, 0.0, 0.0, 1.0],
                [0.992438, 0.121912, -0.014236, 0.0, 0.024399, -0.082285, 0.99631, 0.37472, 0.12029, -0.989125, -0.084638, -0.0, 0.0, 0.0, 0.0, 1.0],
                [0.999698, -0.013363, -0.020606, -0.0, 0.024546, 0.515812, 0.856349, 0.37472, -0.000815, -0.856597, 0.515985, 0.0, 0.0, 0.0, 0.0, 1.0],
                [0.999179, -0.037631, -0.014934, 0.0, 0.034207, 0.58738, 0.808588, 0.37472, -0.021656, -0.808435, 0.588186, -0.0, 0.0, 0.0, 0.0, 1.0],
                [0.998855, -0.045716, -0.014076, -0.0, 0.038631, 0.59743, 0.80099, 0.37472, -0.028209, -0.800616, 0.598513, 0.0, 0.0, 0.0, 0.0, 1.0]
            ]
        },
        {
            "name": "Knee_R",
            "time": [0.0, 0.0667, 0.1833, 0.3, 0.5833],
            "transform": [
                [1.0, 0.0, -1e-06, 0.0, -1e-06, 0.0, -1.0, 0.37472, -0.0, 1.0, 0.0, -0.0, 0.0, 0.0, 0.0, 1.0],
                [1.0, 0.0, -1e-06, 0.0, -1e-06, 0.0, -1.0, 0.37472, -0.0, 1.0, 0.0, -0.0, 0.0, 0.0, 0.0, 1.0],
                [1.0, 0.0, -1e-06, -0.0, -1e-06, 0.0, -1.0, 0.37472, -0.0, 1.0, 0.0, 0.0, 0.0, 0.0, 0.0, 1.0],
                [1.0, 0.0, -1e-06, 0.0, -1e-06, 0.0, -1.0, 0.37472, -0.0, 1.0, 0.0, -0.0, 0.0, 0.0, 0.0, 1.0],
                [1.0, 0.0, -1e-06, -0.0, -1e-06, 0.0, -1.0, 0.37472, -0.0, 1.0, 0.0, 0.0, 0.0, 0.0, 0.0, 1.0]
            ]
        },
        {
            "name": "Thigh_L",
            "time": [0.0, 0.0667, 0.1, 0.1833, 0.3, 0.5833],
            "transform": [
                [0.964513, -0.162398, 0.208187, -0.125006, -0.264017, -0.583703, 0.767844, -0.002831, -0.003177, -0.79556, -0.605865, -1.2e-05, 0.0, 0.0, 0.0, 1.0],
                [0.856324, -0.46625, -0.222084, -0.125006, -0.465726, -0.883022, 0.058073, -0.002831, -0.223182, 0.053701, -0.973297, -1.2e-05, 0.0, 0.0, 0.0, 1.0],
                [0.915082, -0.323781, -0.240398, -0.125006, -0.330866, -0.943608, 0.011453, -0.002831, -0.23055, 0.069059, -0.970607, -1.2e-05, 0.0, 0.0, 0.0, 1.0],
                [0.947516, -0.151737, -0.281403, -0.125006, -0.212053, -0.956995, -0.197978, -0.002831, -0.239261, 0.24726, -0.938944, -1.2e-05, 0.0, 0.0, 0.0, 1.0],
                [0.961843, -0.038753, -0.270843, -0.125006, -0.112138, -0.958791, -0.261048, -0.002831, -0.249566, 0.281459, -0.926552, -1.2e-05, 0.0, 0.0, 0.0, 1.0],
                [0.964447, -0.025354, -0.263059, -0.125006, -0.094248, -0.962936, -0.252729, -0.002831, -0.246901, 0.268536, -0.931089, -1.2e-05, 0.0, 0.0, 0.0, 1.0]
            ]
        },
        {
            "name": "Leg_L",
            "time": [0.0, 0.0667, 0.1, 0.1833, 0.3, 0.5833],
            "transform": [
                [0.999678, 0.005607, 0.024727, 0.0, -0.021516, 0.703523, 0.710347, 0.37472, -0.013413, -0.710651, 0.703417, 0.0, 0.0, 0.0, 0.0, 1.0],
                [0.998581, -0.007873, 0.052662, 0.0, -0.01743, 0.88619, 0.462994, 0.37472, -0.050313, -0.463255, 0.884795, 0.0, 0.0, 0.0, 0.0, 1.0],
                [0.999005, -0.019423, 0.040137, -0.0, -0.02445, 0.514123, 0.857368, 0.37472, -0.037288, -0.857497, 0.513136, 0.0, 0.0, 0.0, 0.0, 1.0],
                [0.998805, -0.032066, 0.036902, -0.0, -0.017434, 0.471572, 0.881655, 0.37472, -0.045673, -0.881245, 0.470448, 0.0, 0.0, 0.0, 0.0, 1.0],
                [0.999253, 0.001169, 0.03863, -0.0, -0.032603, 0.562238, 0.826332, 0.37472, -0.020754, -0.826975, 0.561856, 0.0, 0.0, 0.0, 0.0, 1.0],
                [0.999225, 0.004816, 0.03907, 0.0, -0.03548, 0.540127, 0.840835, 0.37472, -0.017053, -0.84157, 0.539879, 0.0, 0.0, 0.0, 0.0, 1.0]
            ]
        },
        {
            "name": "Knee_L",
            "time": [0.0, 0.0667, 0.1833, 0.3, 0.5833],
            "transform": [
                [1.0, -0.0, 0.0, 0.0, 0.0, 0.0, -1.0, 0.37472, 0.0, 1.0, 0.0, 0.0, 0.0, 0.0, 0.0, 1.0],
                [1.0, -0.0, 0.0, 0.0, 0.0, 0.0, -1.0, 0.37472, 0.0, 1.0, 0.0, 0.0, 0.0, 0.0, 0.0, 1.0],
                [1.0, -0.0, 0.0, -0.0, 0.0, 0.0, -1.0, 0.37472, 0.0, 1.0, 0.0, 0.0, 0.0, 0.0, 0.0, 1.0],
                [1.0, -0.0, 0.0, -0.0, 0.0, 0.0, -1.0, 0.37472, 0.0, 1.0, 0.0, 0.0, 0.0, 0.0, 0.0, 1.0],
                [1.0, -0.0, 0.0, 0.0, 0.0, 0.0, -1.0, 0.37472, 0.0, 1.0, 0.0, 0.0, 0.0, 0.0, 0.0, 1.0]
            ]
        },
        {
            "name": "Torso",
            "time": [0.0, 0.0667, 0.1, 0.1833, 0.3, 0.5833],
            "transform": [
                [1.0, -0.000324, -2.8e-05, -0.0, 0.000326, 0.996366, 0.085178, 0.05, 0.0, -0.085178, 0.996366, 0.0, 0.0, 0.0, 0.0, 1.0],
                [0.999932, 0.011168, 0.003392, 0.0, -0.011672, 0.956774, 0.290597, 0.05, 0.0, -0.290617, 0.95684, 0.0, 0.0, 0.0, 0.0, 1.0],
                [0.986507, -0.146259, -0.073564, 0.0, 0.163717, 0.881308, 0.443275, 0.05, 0.0, -0.449337, 0.893362, 0.0, 0.0, 0.0, 0.0, 1.0],
                [0.986048, -0.144158, -0.08323, -0.0, 0.166459, 0.853943, 0.493024, 0.05, -0.0, -0.5, 0.866025, 0.0, 0.0, 0.0, 0.0, 1.0],
                [0.974254, -0.195246, -0.112725, 0.0, 0.22545, 0.843729, 0.487127, 0.05, 0.0, -0.5, 0.866025, 0.0, 0.0, 0.0, 0.0, 1.0],
                [0.971093, -0.20672, -0.11935, -0.0, 0.238699, 0.840992, 0.485547, 0.05, -0.0, -0.5, 0.866025, -0.0, 0.0, 0.0, 0.0, 1.0]
            ]
        },
        {
            "name": "Chest",
            "time": [0.0, 0.0667, 0.1, 0.1833, 0.3, 0.5833],
            "transform": [
                [0.827395, -0.039781, 0.56021, 0.0, -0.265387, 0.851402, 0.45242, 0.3, -0.494961, -0.523003, 0.693889, 0.0, 0.0, 0.0, 0.0, 1.0],
                [0.984309, -0.07333, 0.160494, 0.0, 0.031322, 0.967725, 0.250054, 0.3, -0.173651, -0.241104, 0.954838, -0.0, 0.0, 0.0, 0.0, 1.0],
                [0.996665, 0.002892, 0.08155, 0.0, -0.021802, 0.972477, 0.231974, 0.3, -0.078634, -0.232979, 0.969298, -0.0, 0.0, 0.0, 0.0, 1.0],
                [0.991777, -0.040331, -0.121456, -0.0, 0.06691, 0.972412, 0.223469, 0.3, 0.109092, -0.229758, 0.967114, 0.0, 0.0, 0.0, 0.0, 1.0],
                [0.997238, -0.005529, -0.074071, -0.0, 0.025109, 0.963611, 0.266127, 0.3, 0.069904, -0.267252, 0.961088, 0.0, 0.0, 0.0, 0.0, 1.0],
                [0.998007, 0.002121, -0.063072, -0.0, 0.015367, 0.961184, 0.275479, 0.3, 0.061208, -0.275899, 0.959236, -0.0, 0.0, 0.0, 0.0, 1.0]
            ]
        },
        {
            "name": "Head",
            "time": [0.0, 0.0667, 0.1833, 0.3, 0.5833],
            "transform": [
                [0.89108, 0.157862, -0.425506, 0.0, -0.156451, 0.986935, 0.038516, 0.4, 0.426027, 0.03225, 0.904136, -0.0, 0.0, 0.0, 0.0, 1.0],
                [0.713652, -0.168673, -0.67989, 0.0, -0.120567, 0.926517, -0.356413, 0.4, 0.690047, 0.336327, 0.640874, 0.0, 0.0, 0.0, 0.0, 1.0],
                [0.91907, 0.041655, 0.391886, 0.0, 0.052651, 0.972505, -0.22685, 0.4, -0.390561, 0.229125, 0.891607, -0.0, 0.0, 0.0, 0.0, 1.0],
                [0.881418, 0.041655, 0.470497, 0.0, 0.072222, 0.972505, -0.221399, 0.400001, -0.466784, 0.229125, 0.854175, -0.0, 0.0, 0.0, 0.0, 1.0],
                [0.881418, 0.041655, 0.470497, 0.0, 0.072222, 0.972505, -0.221398, 0.4, -0.466784, 0.229125, 0.854175, 0.0, 0.0, 0.0, 0.0, 1.0]
            ]
        },
        {
            "name": "Shoulder_R",
            "time": [0.0, 0.0667, 0.1, 0.1833, 0.3, 0.5833],
            "transform": [
                [0.317969, 0.890574, 0.325229, 0.0, -0.085107, -0.314837, 0.945323, 0.4, 0.944274, -0.328263, -0.024315, -0.0, 0.0, 0.0, 0.0, 1.0],
                [0.013857, 0.984315, 0.175875, 0.0, -0.003707, -0.17584, 0.984412, 0.4, 0.999897, -0.014293, 0.001213, -0.0, 0.0, 0.0, 0.0, 1.0],
                [-0.086838, 0.931803, 0.352423, 0.0, 0.023245, -0.351768, 0.935799, 0.4, 0.995951, 0.089455, 0.008887, 0.0, 0.0, 0.0, 0.0, 1.0],
                [-0.250018, 0.874005, 0.41666, 0.0, 0.066922, -0.413699, 0.907951, 0.4, 0.965926, 0.254888, 0.044942, -0.0, 0.0, 0.0, 0.0, 1.0],
                [-0.250018, 0.874006, 0.41666, 0.0, 0.066922, -0.413699, 0.907951, 0.400001, 0.965926, 0.254888, 0.044942, -0.0, 0.0, 0.0, 0.0, 1.0],
                [-0.250018, 0.874005, 0.41666, 1e-06, 0.066922, -0.413699, 0.907951, 0.4, 0.965926, 0.254887, 0.044942, 0.0, 0.0, 0.0, 0.0, 1.0]
            ]
        },
        {
            "name": "Arm_R",
            "time": [0.0, 0.0667, 0.1, 0.1833, 0.3, 0.5833],
            "transform": [
                [-0.14225, -0.987709, 0.064767, 0.0, -0.592693, 0.032589, -0.804769, 0.388385, 0.792767, -0.152866, -0.590044, 0.0, 0.0, 0.0, 0.0, 1.0],
                [0.429607, -0.651744, -0.625035, 0.0, -0.406559, 0.478446, -0.778331, 0.388385, 0.806318, 0.58849, -0.059429, -0.0, 0.0, 0.0, 0.0, 1.0],
                [0.714029, -0.040461, -0.698946, 0.0, -0.196554, 0.946594, -0.255592, 0.388385, 0.671959, 0.319881, 0.667943, 0.0, 0.0, 0.0, 0.0, 1.0],
                [0.576283, 0.155501, -0.80232, 0.0, -0.035906, 0.985601, 0.165234, 0.388385, 0.816461, -0.066414, 0.573568, 0.0, 0.0, 0.0, 0.0, 1.0],
                [0.561547, 0.395653, -0.726722, -0.0, -0.097672, 0.903827, 0.416603, 0.388386, 0.82166, -0.162961, 0.546185, -0.0, 0.0, 0.0, 0.0, 1.0],
                [0.561547, 0.395653, -0.726722, 0.0, -0.097672, 0.903827, 0.416602, 0.388385, 0.821661, -0.162961, 0.546185, -0.0, 0.0, 0.0, 0.0, 1.0]
            ]
        },
        {
            "name": "Hand_R",
            "time": [0.0, 0.0667, 0.1833, 0.3, 0.5833],
            "transform": [
                [0.99996, -0.00393, 0.008002, -0.0, 0.007087, 0.894965, -0.446079, 0.33, -0.005408, 0.446118, 0.894958, -0.0, 0.0, 0.0, 0.0, 1.0],
                [0.99999, -0.002881, 0.0034, 0.0, 0.003584, 0.973384, -0.229154, 0.33, -0.002649, 0.229164, 0.973384, 0.0, 0.0, 0.0, 0.0, 1.0],
                [1.0, 0.0, -0.0, -0.0, -0.0, 0.866025, -0.5, 0.33, 0.0, 0.5, 0.866025, 0.0, 0.0, 0.0, 0.0, 1.0],
                [1.0, 0.0, -0.0, 0.0, -0.0, 0.866026, -0.5, 0.33, 0.0, 0.5, 0.866025, -0.0, 0.0, 0.0, 0.0, 1.0],
                [1.0, 0.0, -0.0, -0.0, -0.0, 0.866026, -0.5, 0.33, 0.0, 0.5, 0.866025, 0.0, 0.0, 0.0, 0.0, 1.0]
            ]
        },
        {
            "name": "Tool_R",
            "time": [0.0, 0.0333, 0.0667, 0.1833, 0.3, 0.5833],
            "transform": [
                [-0.375389, -0.916326, 0.139396, 0.0, -0.916342, 0.344303, -0.204386, 0.291204, 0.13929, -0.204458, -0.968915, -0.0, 0.0, 0.0, 0.0, 1.0],
                [0.54831, -0.82198, 0.153969, 0.0, -0.801334, -0.463755, 0.377884, 0.291204, -0.239209, -0.330578, -0.912961, -0.0, 0.0, 0.0, 0.0, 1.0],
                [1.0, 0.0, 0.0, -0.0, 0.0, -0.906308, -0.422618, 0.291203, 0.0, 0.422618, -0.906308, 0.0, 0.0, 0.0, 0.0, 1.0],
                [0.996443, 0.072774, -0.042495, 0.020272, 0.048749, -0.909087, -0.413744, 0.270932, -0.068742, 0.4102, -0.909401, -0.020272, 0.0, 0.0, 0.0, 1.0],
                [0.996443, 0.069607, -0.047506, 0.020272, 0.048749, -0.935923, -0.348816, 0.270932, -0.068742, 0.345259, -0.935987, -0.020272, 0.0, 0.0, 0.0, 1.0],
                [0.996443, 0.069607, -0.047506, 0.020272, 0.048749, -0.935923, -0.348816, 0.270932, -0.068742, 0.345259, -0.935987, -0.020272, 0.0, 0.0, 0.0, 1.0]
            ]
        },
        {
            "name": "Elbow_R",
            "time": [0.0, 0.0667, 0.1833, 0.3, 0.5833],
            "transform": [
                [-1.0, 0.0, 0.0, 0.0, -0.0, 0.0, -1.0, 0.33, -0.0, -1.0, -0.0, 0.0, 0.0, 0.0, 0.0, 1.0],
                [-1.0, 0.0, 0.0, 0.0, -0.0, 0.0, -1.0, 0.33, -0.0, -1.0, -0.0, 0.0, 0.0, 0.0, 0.0, 1.0],
                [-1.0, 0.0, 0.0, 0.0, -0.0, 0.0, -1.0, 0.329999, -0.0, -1.0, -0.0, 0.0, 0.0, 0.0, 0.0, 1.0],
                [-1.0, 0.0, 0.0, 0.0, -0.0, 0.0, -1.0, 0.33, -0.0, -1.0, -0.0, -0.0, 0.0, 0.0, 0.0, 1.0],
                [-1.0, 0.0, 0.0, -0.0, -0.0, 0.0, -1.0, 0.33, -0.0, -1.0, -0.0, 0.0, 0.0, 0.0, 0.0, 1.0]
            ]
        },
        {
            "name": "Shoulder_L",
            "time": [0.0, 0.0667, 0.1833, 0.3, 0.5833],
            "transform": [
                [-0.051893, -0.914183, -0.401965, 0.0, -0.013893, -0.401807, 0.915619, 0.4, -0.998556, 0.053099, 0.00815, -0.0, 0.0, 0.0, 0.0, 1.0],
                [-0.227434, -0.903331, -0.363686, 0.0, -0.060883, -0.359552, 0.931137, 0.4, -0.971888, 0.233914, 0.026777, -0.0, 0.0, 0.0, 0.0, 1.0],
                [-0.250016, -0.889036, -0.383544, 0.0, -0.066928, -0.379309, 0.922846, 0.4, -0.965926, 0.256396, 0.035332, -0.0, 0.0, 0.0, 0.0, 1.0],
                [-0.250016, -0.889036, -0.383544, -0.0, -0.066928, -0.379309, 0.922846, 0.400001, -0.965926, 0.256396, 0.035332, 0.0, 0.0, 0.0, 0.0, 1.0],
                [-0.250016, -0.889037, -0.383544, 0.0, -0.066928, -0.379309, 0.922846, 0.4, -0.965926, 0.256396, 0.035332, 0.0, 0.0, 0.0, 0.0, 1.0]
            ]
        },
        {
            "name": "Arm_L",
            "time": [0.0, 0.0667, 0.1, 0.1833, 0.3, 0.5833],
            "transform": [
                [-0.373857, -0.112916, 0.920587, 0.0, -0.375998, 0.925793, -0.039141, 0.388354, -0.847854, -0.360772, -0.388571, -0.0, 0.0, 0.0, 0.0, 1.0],
                [-0.22249, -0.147759, 0.963673, 0.0, -0.618603, 0.785385, -0.022399, 0.388354, -0.753544, -0.601114, -0.266144, -0.0, 0.0, 0.0, 0.0, 1.0],
                [0.1148, -0.148342, 0.98225, 0.0, -0.697049, 0.692467, 0.186046, 0.388354, -0.707774, -0.706034, -0.023906, -0.0, 0.0, 0.0, 0.0, 1.0],
                [0.150221, -0.183071, 0.971555, 0.0, -0.593899, 0.768927, 0.236718, 0.388354, -0.790391, -0.612565, 0.006784, 0.0, 0.0, 0.0, 0.0, 1.0],
                [-0.099003, -0.116292, 0.988268, -0.0, -0.627647, 0.77797, 0.028669, 0.388354, -0.772177, -0.617445, -0.150011, 0.0, 0.0, 0.0, 0.0, 1.0],
                [-0.099003, -0.116292, 0.988268, -0.0, -0.627647, 0.77797, 0.028669, 0.388354, -0.772177, -0.617445, -0.150011, 0.0, 0.0, 0.0, 0.0, 1.0]
            ]
        },
        {
            "name": "Hand_L",
            "time": [0.0, 0.0333, 0.0667, 0.1833, 0.3, 0.5833],
            "transform": [
                [0.997711, 0.061725, -0.027595, 0.0, -0.051483, 0.428988, -0.901842, 0.33, -0.043828, 0.901199, 0.431184, 0.0, 0.0, 0.0, 0.0, 1.0],
                [0.996459, 0.084024, 0.002853, -0.0, -0.053288, 0.657478, -0.751587, 0.33, -0.065028, 0.748774, 0.659628, 0.0, 0.0, 0.0, 0.0, 1.0],
                [0.994689, 0.102875, 0.003164, -0.0, -0.056854, 0.574828, -0.816297, 0.33, -0.085796, 0.811782, 0.577624, -0.0, 0.0, 0.0, 0.0, 1.0],
                [0.989745, 0.137275, 0.039501, -0.0, -0.068865, 0.700817, -0.710009, 0.33, -0.12515, 0.700007, 0.703084, 0.0, 0.0, 0.0, 0.0, 1.0],
                [0.989745, 0.137276, 0.039501, 0.0, -0.068865, 0.700817, -0.710009, 0.33, -0.12515, 0.700008, 0.703084, 0.0, 0.0, 0.0, 0.0, 1.0],
                [0.989745, 0.137275, 0.039501, -0.0, -0.068865, 0.700817, -0.710009, 0.33, -0.12515, 0.700008, 0.703084, 0.0, 0.0, 0.0, 0.0, 1.0]
            ]
        },
        {
            "name": "Tool_L",
            "time": [0.0, 0.0333, 0.0667, 0.1833, 0.3, 0.5833],
            "transform": [
                [-0.90016, 0.427454, -0.083639, -0.011589, 0.431727, 0.901052, -0.041433, 0.285462, 0.057652, -0.073405, -0.995634, -0.13796, 0.0, 0.0, 0.0, 1.0],
                [-0.255258, 0.959647, -0.117985, -0.012068, 0.932071, 0.276676, 0.233868, 0.285226, 0.257075, -0.050274, -0.965083, -0.143653, 0.0, 0.0, 0.0, 1.0],
                [0.490312, 0.871294, 0.020995, -0.012546, 0.87109, -0.490693, 0.020563, 0.284989, 0.028219, 0.008206, -0.999568, -0.149345, 0.0, 0.0, 0.0, 1.0],
                [-0.939693, 0.34202, 0.0, -1e-06, 0.33812, 0.928976, -0.150593, 0.291204, -0.051506, -0.141511, -0.988596, 0.0, 0.0, 0.0, 0.0, 1.0],
                [-0.939693, 0.34202, 0.0, 0.0, 0.33812, 0.928976, -0.150593, 0.291204, -0.051506, -0.141511, -0.988596, 0.0, 0.0, 0.0, 0.0, 1.0],
                [-0.939693, 0.34202, 0.0, -0.0, 0.33812, 0.928976, -0.150593, 0.291204, -0.051506, -0.141511, -0.988596, -0.0, 0.0, 0.0, 0.0, 1.0]
            ]
        },
        {
            "name": "Elbow_L",
            "time": [0.0, 0.0667, 0.1833, 0.3, 0.5833],
            "transform": [
                [-1.0, 0.0, -0.0, 0.0, 0.0, -0.0, -1.0, 0.33, -0.0, -1.0, 0.0, 0.0, 0.0, 0.0, 0.0, 1.0],
                [-1.0, 0.0, -0.0, 0.0, 0.0, -0.0, -1.0, 0.33, -0.0, -1.0, 0.0, 0.0, 0.0, 0.0, 0.0, 1.0],
                [-1.0, 0.0, -0.0, 0.0, 0.0, -0.0, -1.0, 0.33, -0.0, -1.0, 0.0, 0.0, 0.0, 0.0, 0.0, 1.0],
                [-1.0, 0.0, -0.0, 0.0, 0.0, -0.0, -1.0, 0.33, -0.0, -1.0, 0.0, 0.0, 0.0, 0.0, 0.0, 1.0],
                [-1.0, 0.0, -0.0, -0.0, 0.0, -0.0, -1.0, 0.33, -0.0, -1.0, 0.0, 0.0, 0.0, 0.0, 0.0, 1.0]
            ]
        }
    ]
}