{

    "animation": [
        {
            "name": "Root",
            "time": [0.0, 0.1, 0.2, 0.2833, 0.3667, 0.6, 0.8],
            "transform": [
                [0.67972, -0.047235, -0.73195, -5e-06, -0.693991, 0.281572, -0.662641, 0.000946, 0.237396, 0.958377, 0.15861, 0.505873, 0.0, 0.0, 0.0, 1.0],
                [0.616097, -0.047235, -0.786253, -0.055886, -0.746999, 0.281572, -0.602254, 0.400946, 0.249834, 0.958377, 0.138192, 0.618604, 0.0, 0.0, 0.0, 1.0],
                [0.886598, -0.093295, -0.453034, -0.036866, -0.416738, 0.263832, -0.869898, 0.914125, 0.200681, 0.960046, 0.195033, 0.531413, 0.0, 0.0, 0.0, 1.0],
                [0.978314, 0.086121, -0.188374, -0.077921, -0.206378, 0.328031, -0.921848, 1.300946, -0.017598, 0.940733, 0.33869, 0.538519, 0.0, 0.0, 0.0, 1.0],
                [1.0, -0.0, -0.0, -5e-06, 0.0, 0.407088, -0.913389, 2.100946, 0.0, 0.913389, 0.407088, 0.467831, 0.0, 0.0, 0.0, 1.0],
                [0.999926, 0.012163, -0.0, -5e-06, -0.003583, 0.294533, -0.955635, 2.197672, -0.011623, 0.955564, 0.294555, 0.49804, 0.0, 0.0, 0.0, 1.0],
                [1.0, -0.0, -0.0, -5e-06, 0.0, 0.258819, -0.965926, 2.200947, 0.0, 0.965926, 0.258819, 0.507661, 0.0, 0.0, 0.0, 1.0]
            ]
        },
        {
            "name": "Thigh_R",
            "time": [0.0, 0.2, 0.2833, 0.3667, 0.6, 0.8],
            "transform": [
                [0.924399, 0.378935, 0.043533, 0.124994, 0.342235, -0.874388, 0.34398, -0.002831, 0.168411, -0.303076, -0.937968, -1.2e-05, 0.0, 0.0, 0.0, 1.0],
                [0.994062, -0.076521, -0.077352, 0.124737, 0.043755, -0.369767, 0.928094, -0.002824, -0.099621, -0.925968, -0.364224, 0.000113, 0.0, 0.0, 0.0, 1.0],
                [0.9667, 0.17987, -0.182047, 0.124994, 0.252491, -0.554298, 0.793098, -0.002831, 0.041746, -0.812651, -0.581254, -1.2e-05, 0.0, 0.0, 0.0, 1.0],
                [0.972127, 0.193736, 0.132043, 0.124994, 0.210584, -0.969094, -0.128489, -0.002831, 0.103069, 0.152714, -0.982882, -1.2e-05, 0.0, 0.0, 0.0, 1.0],
                [0.981061, 0.188204, 0.045824, 0.124994, 0.185512, -0.980971, 0.057271, -0.002831, 0.055731, -0.047685, -0.997306, -1.1e-05, 0.0, 0.0, 0.0, 1.0],
                [0.98324, 0.177275, 0.042583, 0.124994, 0.17767, -0.984073, -0.005646, -0.002831, 0.040904, 0.013117, -0.999077, -1.2e-05, 0.0, 0.0, 0.0, 1.0]
            ]
        },
        {
            "name": "Leg_R",
            "time": [0.0, 0.1, 0.2, 0.2833, 0.3667, 0.6, 0.8],
            "transform": [
                [0.995916, 0.007091, -0.090018, 0.0, 0.061984, 0.671251, 0.738634, 0.37472, 0.065663, -0.741197, 0.668069, -0.0, 0.0, 0.0, 0.0, 1.0],
                [0.9971, -0.008926, -0.075588, 0.0, 0.076059, 0.154449, 0.985069, 0.37472, 0.002882, -0.987961, 0.15468, 0.0, 0.0, 0.0, 0.0, 1.0],
                [0.993759, -0.110502, -0.015219, -0.0, 0.092467, 0.739776, 0.666469, 0.37472, -0.062388, -0.663717, 0.745377, -0.0, 0.0, 0.0, 0.0, 1.0],
                [0.998873, -0.009987, -0.046389, -0.0, 0.047442, 0.229822, 0.972075, 0.37472, 0.000953, -0.973181, 0.230037, -0.0, 0.0, 0.0, 0.0, 1.0],
                [0.999393, 0.001841, -0.034826, -0.0, 0.017443, 0.838327, 0.544888, 0.37472, 0.030198, -0.545164, 0.837786, 0.0, 0.0, 0.0, 0.0, 1.0],
                [0.999529, 0.005915, -0.030147, 0.0, 0.019954, 0.621165, 0.783426, 0.37472, 0.02336, -0.783658, 0.620754, 0.0, 0.0, 0.0, 0.0, 1.0],
                [0.999547, 0.003313, -0.029953, 0.0, 0.019682, 0.68089, 0.732121, 0.37472, 0.022821, -0.732377, 0.680516, 0.0, 0.0, 0.0, 0.0, 1.0]
            ]
        },
        {
            "name": "Knee_R",
            "time": [0.0, 0.1, 0.2, 0.3667, 0.6, 0.8],
            "transform": [
                [1.0, 0.0, -1e-06, 0.0, -1e-06, 0.0, -1.0, 0.37472, -0.0, 1.0, 0.0, -0.0, 0.0, 0.0, 0.0, 1.0],
                [1.0, 0.0, -1e-06, 0.0, -1e-06, 0.0, -1.0, 0.37472, -0.0, 1.0, 0.0, 0.0, 0.0, 0.0, 0.0, 1.0],
                [1.0, 0.0, -1e-06, -0.0, -1e-06, 0.0, -1.0, 0.37472, -0.0, 1.0, 0.0, -0.0, 0.0, 0.0, 0.0, 1.0],
                [1.0, 0.0, -1e-06, -0.0, -1e-06, 0.0, -1.0, 0.37472, -0.0, 1.0, 0.0, 0.0, 0.0, 0.0, 0.0, 1.0],
                [1.0, 0.0, -1e-06, 0.0, -1e-06, 0.0, -1.0, 0.37472, -0.0, 1.0, 0.0, 0.0, 0.0, 0.0, 0.0, 1.0],
                [1.0, 0.0, -1e-06, 0.0, -1e-06, 0.0, -1.0, 0.37472, -0.0, 1.0, 0.0, 0.0, 0.0, 0.0, 0.0, 1.0]
            ]
        },
        {
            "name": "Thigh_L",
            "time": [0.0, 0.1, 0.2, 0.2833, 0.3667, 0.6, 0.8],
            "transform": [
                [0.719602, -0.692843, -0.046285, -0.125006, -0.290969, -0.361386, 0.885854, -0.002831, -0.630485, -0.623994, -0.46165, -1.2e-05, 0.0, 0.0, 0.0, 1.0],
                [0.847176, -0.34839, -0.401147, -0.124267, -0.096007, -0.84296, 0.529342, -0.007509, -0.522568, -0.409932, -0.747583, -0.001785, 0.0, 0.0, 0.0, 1.0],
                [0.990548, 0.059842, -0.123426, -0.123528, 0.053625, -0.99715, -0.053097, -0.012186, -0.126251, 0.045976, -0.990933, -0.003558, 0.0, 0.0, 0.0, 1.0],
                [0.985836, -0.122625, -0.114416, -0.124267, 0.038414, -0.498974, 0.865766, -0.007509, -0.163255, -0.857898, -0.487196, -0.001785, 0.0, 0.0, 0.0, 1.0],
                [0.972318, -0.229513, 0.043834, -0.125006, -0.027968, 0.071932, 0.997017, -0.002831, -0.231981, -0.970645, 0.063522, -1.2e-05, 0.0, 0.0, 0.0, 1.0],
                [0.961429, -0.27259, -0.036749, -0.125006, 0.009268, -0.101423, 0.9948, -0.002831, -0.2749, -0.95677, -0.094984, -1.2e-05, 0.0, 0.0, 0.0, 1.0],
                [0.956033, -0.291462, -0.032433, -0.125006, -0.016245, -0.163057, 0.986483, -0.002831, -0.29281, -0.942584, -0.160623, -1.2e-05, 0.0, 0.0, 0.0, 1.0]
            ]
        },
        {
            "name": "Leg_L",
            "time": [0.0, 0.1, 0.2, 0.2833, 0.3667, 0.6, 0.8],
            "transform": [
                [0.999161, -0.012868, 0.038888, 0.0, -0.039085, -0.015501, 0.999117, 0.37472, -0.012254, -0.999797, -0.015991, 0.0, 0.0, 0.0, 0.0, 1.0],
                [0.998842, -0.026361, 0.040256, -0.0, -0.027963, 0.362844, 0.93143, 0.37472, -0.03916, -0.931476, 0.361687, 0.0, 0.0, 0.0, 0.0, 1.0],
                [0.999329, -0.009734, 0.035317, -0.0, -0.027809, 0.426012, 0.904289, 0.37472, -0.023848, -0.904665, 0.425455, -0.0, 0.0, 0.0, 0.0, 1.0],
                [0.999561, 0.009504, 0.0281, 0.0, -0.0287, 0.070304, 0.997114, 0.37472, 0.007501, -0.997479, 0.070546, -0.0, 0.0, 0.0, 0.0, 1.0],
                [0.999549, 0.029812, 0.004004, 0.0, -0.023355, 0.685293, 0.727893, 0.37472, 0.018956, -0.727657, 0.68568, 0.0, 0.0, 0.0, 0.0, 1.0],
                [0.999806, 0.002339, 0.019618, -0.0, -0.017452, 0.570002, 0.821459, 0.37472, -0.009261, -0.821639, 0.569934, 0.0, 0.0, 0.0, 0.0, 1.0],
                [0.999616, -0.008431, 0.026459, 0.0, -0.017448, 0.550556, 0.834617, 0.37472, -0.021604, -0.834754, 0.550198, 0.0, 0.0, 0.0, 0.0, 1.0]
            ]
        },
        {
            "name": "Knee_L",
            "time": [0.0, 0.1, 0.2, 0.3667, 0.6, 0.8],
            "transform": [
                [1.0, -0.0, 0.0, 0.0, 0.0, 0.0, -1.0, 0.37472, 0.0, 1.0, 0.0, 0.0, 0.0, 0.0, 0.0, 1.0],
                [1.0, -0.0, 0.0, -0.0, 0.0, 0.0, -1.0, 0.37472, 0.0, 1.0, 0.0, 0.0, 0.0, 0.0, 0.0, 1.0],
                [1.0, -0.0, 0.0, -0.0, 0.0, 0.0, -1.0, 0.37472, 0.0, 1.0, 0.0, -0.0, 0.0, 0.0, 0.0, 1.0],
                [1.0, -0.0, 0.0, 0.0, 0.0, 0.0, -1.0, 0.37472, 0.0, 1.0, 0.0, 0.0, 0.0, 0.0, 0.0, 1.0],
                [1.0, -0.0, 0.0, -0.0, 0.0, 0.0, -1.0, 0.37472, 0.0, 1.0, 0.0, 0.0, 0.0, 0.0, 0.0, 1.0],
                [1.0, -0.0, 0.0, 0.0, 0.0, 0.0, -1.0, 0.37472, 0.0, 1.0, 0.0, 0.0, 0.0, 0.0, 0.0, 1.0]
            ]
        },
        {
            "name": "Torso",
            "time": [0.0, 0.1, 0.2, 0.2833, 0.3667, 0.6, 0.8],
            "transform": [
                [0.996536, -0.083154, -0.000628, 0.0, 0.083156, 0.996508, 0.007522, 0.05, 0.0, -0.007548, 0.999972, -0.0, 0.0, 0.0, 0.0, 1.0],
                [0.996536, -0.083154, -0.000628, 0.0, 0.083156, 0.996508, 0.007522, 0.05, 0.0, -0.007548, 0.999972, 0.0, 0.0, 0.0, 0.0, 1.0],
                [0.997659, 0.063945, -0.024232, 0.0, -0.068382, 0.932919, -0.353533, 0.05, -0.0, 0.354362, 0.935108, 0.0, 0.0, 0.0, 0.0, 1.0],
                [0.993805, -0.110892, 0.007408, -0.0, 0.111139, 0.991594, -0.066243, 0.05, -0.0, 0.066656, 0.997776, -0.0, 0.0, 0.0, 0.0, 1.0],
                [0.994243, -0.103654, -0.027128, 0.0, 0.107145, 0.961848, 0.25173, 0.05, -0.0, -0.253187, 0.967417, -0.0, 0.0, 0.0, 0.0, 1.0],
                [0.998701, -0.050864, 0.002986, 0.0, 0.050951, 0.996985, -0.05853, 0.05, -0.0, 0.058606, 0.998281, 0.0, 0.0, 0.0, 0.0, 1.0],
                [0.999998, 0.001809, -0.000358, 0.0, -0.001844, 0.980926, -0.194374, 0.05, -0.0, 0.194374, 0.980927, -0.0, 0.0, 0.0, 0.0, 1.0]
            ]
        },
        {
            "name": "Chest",
            "time": [0.0, 0.1, 0.2, 0.2833, 0.3667, 0.6, 0.8],
            "transform": [
                [0.93523, -0.038295, -0.351963, 0.0, 0.118993, 0.9703, 0.210614, 0.3, 0.333444, -0.238854, 0.912011, 0.0, 0.0, 0.0, 0.0, 1.0],
                [0.765731, -0.038295, -0.642019, 0.0, 0.182069, 0.9703, 0.159275, 0.3, 0.616852, -0.238854, 0.749962, 0.0, 0.0, 0.0, 0.0, 1.0],
                [0.608686, -0.013784, -0.793292, -0.0, 0.507461, 0.775361, 0.375897, 0.3, 0.609906, -0.631368, 0.478946, -0.0, 0.0, 0.0, 0.0, 1.0],
                [0.853717, -0.034392, -0.5196, -0.0, 0.220536, 0.927794, 0.300936, 0.3, 0.471732, -0.371505, 0.799658, -0.0, 0.0, 0.0, 0.0, 1.0],
                [0.857561, -0.108163, 0.502881, 0.0, 0.03095, 0.98672, 0.159453, 0.3, -0.51345, -0.121177, 0.849521, 0.0, 0.0, 0.0, 0.0, 1.0],
                [0.862197, -0.097866, 0.497029, 0.0, -0.147987, 0.889699, 0.431897, 0.3, -0.484475, -0.445934, 0.752613, 0.0, 0.0, 0.0, 0.0, 1.0],
                [0.879122, -0.133185, 0.45761, -0.0, -0.135902, 0.850244, 0.508543, 0.3, -0.45681, -0.509262, 0.729367, 0.0, 0.0, 0.0, 0.0, 1.0]
            ]
        },
        {
            "name": "Head",
            "time": [0.0, 0.1, 0.2, 0.2833, 0.3667, 0.6, 0.8],
            "transform": [
                [0.539948, 0.040946, 0.840702, 0.0, -0.011162, 0.999076, -0.04149, 0.4, -0.841625, 0.013019, 0.539906, -0.0, 0.0, 0.0, 0.0, 1.0],
                [0.385758, 0.040946, 0.921691, 0.0, -0.003788, 0.999076, -0.042798, 0.4, -0.922592, 0.013019, 0.385557, 0.0, 0.0, 0.0, 0.0, 1.0],
                [0.558727, 0.069115, 0.826467, 0.0, 0.012827, 0.995682, -0.091938, 0.4, -0.829253, 0.06197, 0.555427, 0.0, 0.0, 0.0, 0.0, 1.0],
                [0.917088, 0.087507, 0.388962, 0.0, -0.014097, 0.982122, -0.187714, 0.4, -0.398435, 0.166667, 0.901927, -0.0, 0.0, 0.0, 0.0, 1.0],
                [0.905303, 0.020298, -0.424282, 0.0, -0.158753, 0.942641, -0.293641, 0.4, 0.393985, 0.33319, 0.856598, -0.0, 0.0, 0.0, 0.0, 1.0],
                [0.87406, -0.037243, -0.484389, 0.0, -0.112488, 0.954447, -0.276363, 0.4, 0.472616, 0.296046, 0.830055, 0.0, 0.0, 0.0, 0.0, 1.0],
                [0.875584, -0.049424, -0.480531, 0.0, -0.095528, 0.957393, -0.272533, 0.4, 0.473526, 0.284529, 0.833556, -0.0, 0.0, 0.0, 0.0, 1.0]
            ]
        },
        {
            "name": "Shoulder_R",
            "time": [0.0, 0.1, 0.2, 0.2833, 0.3667, 0.6, 0.8],
            "transform": [
                [-0.092421, 0.965243, 0.244475, 0.0, 0.024739, -0.243224, 0.969656, 0.4, 0.995415, 0.095664, -0.0014, -0.0, 0.0, 0.0, 0.0, 1.0],
                [0.036446, 0.950866, 0.307456, 0.0, -0.009754, -0.307307, 0.951562, 0.4, 0.99929, -0.03768, -0.001926, 0.0, 0.0, 0.0, 0.0, 1.0],
                [-0.096047, 0.928697, 0.35819, 0.0, 0.02571, -0.357419, 0.933592, 0.4, 0.995047, 0.098878, 0.010453, 0.0, 0.0, 0.0, 0.0, 1.0],
                [-0.088137, 0.95724, 0.275548, 0.0, 0.023593, -0.27454, 0.961288, 0.4, 0.995831, 0.091226, 0.001613, -0.0, 0.0, 0.0, 0.0, 1.0],
                [0.421463, 0.900899, 0.103697, 0.0, -0.112808, -0.061376, 0.991721, 0.4, 0.899805, -0.42967, 0.075761, -0.0, 0.0, 0.0, 0.0, 1.0],
                [0.383654, 0.911628, 0.147465, 0.0, -0.102688, -0.11658, 0.98786, 0.4, 0.917752, -0.394139, 0.048887, 0.0, 0.0, 0.0, 0.0, 1.0],
                [0.372528, 0.910332, 0.180338, 0.0, -0.09971, -0.153938, 0.983038, 0.4, 0.922651, -0.38419, 0.033423, 0.0, 0.0, 0.0, 0.0, 1.0]
            ]
        },
        {
            "name": "Arm_R",
            "time": [0.0, 0.1, 0.2, 0.2833, 0.3667, 0.6, 0.8],
            "transform": [
                [0.007506, -0.797946, -0.60268, 0.0, -0.207542, 0.588329, -0.781532, 0.388385, 0.978197, 0.130947, -0.161191, -0.0, 0.0, 0.0, 0.0, 1.0],
                [0.051135, -0.663841, -0.746122, -0.0, -0.143814, 0.734417, -0.663285, 0.388385, 0.988282, 0.14122, -0.057915, -0.0, 0.0, 0.0, 0.0, 1.0],
                [0.133685, 0.136052, -0.98164, 0.0, -0.141051, 0.983058, 0.11704, 0.388385, 0.980934, 0.122814, 0.150611, 0.0, 0.0, 0.0, 0.0, 1.0],
                [0.313393, 0.131384, -0.94049, -0.0, -0.075993, 0.990674, 0.113072, 0.388385, 0.946578, 0.036034, 0.320455, 0.0, 0.0, 0.0, 0.0, 1.0],
                [0.512622, -0.29707, -0.805584, -0.0, -0.560526, 0.594934, -0.576074, 0.388386, 0.650405, 0.746859, 0.138462, -0.0, 0.0, 0.0, 0.0, 1.0],
                [0.664411, -0.486578, -0.567271, 0.0, -0.252197, 0.568534, -0.783047, 0.388386, 0.703528, 0.663329, 0.255027, 0.0, 0.0, 0.0, 0.0, 1.0],
                [0.551189, -0.571992, -0.607465, -0.0, -0.12147, 0.665277, -0.736647, 0.388385, 0.825491, 0.47982, 0.297214, -0.0, 0.0, 0.0, 0.0, 1.0]
            ]
        },
        {
            "name": "Hand_R",
            "time": [0.0, 0.1, 0.2, 0.2833, 0.3667, 0.6, 0.8],
            "transform": [
                [0.99476, -0.026349, 0.09878, 0.0, 0.095775, 0.578169, -0.810277, 0.33, -0.035762, 0.815491, 0.577664, -0.0, 0.0, 0.0, 0.0, 1.0],
                [0.99476, -0.056296, 0.085338, -0.0, 0.095775, 0.805156, -0.585279, 0.33, -0.035762, 0.590384, 0.80633, -0.0, 0.0, 0.0, 0.0, 1.0],
                [0.99476, -0.04314, 0.092686, 0.0, 0.095775, 0.71038, -0.697271, 0.33, -0.035762, 0.702493, 0.710791, 0.0, 0.0, 0.0, 0.0, 1.0],
                [0.99476, -0.003506, 0.102174, -0.0, 0.095775, 0.381559, -0.91937, 0.33, -0.035761, 0.924337, 0.379897, 0.0, 0.0, 0.0, 0.0, 1.0],
                [0.995171, -0.060141, 0.077573, -0.0, 0.054616, 0.995946, 0.071472, 0.33, -0.081557, -0.06689, 0.994423, 0.0, 0.0, 0.0, 0.0, 1.0],
                [0.995055, -0.094654, 0.030083, 0.0, 0.088798, 0.983527, 0.157441, 0.33, -0.04449, -0.153991, 0.987071, -0.0, 0.0, 0.0, 0.0, 1.0],
                [0.99476, -0.099584, 0.023124, -0.0, 0.095775, 0.986882, 0.129956, 0.33, -0.035762, -0.12706, 0.991251, 0.0, 0.0, 0.0, 0.0, 1.0]
            ]
        },
        {
            "name": "Tool_R",
            "time": [0.0, 0.1, 0.2, 0.2833, 0.3667, 0.6, 0.8],
            "transform": [
                [1.0, -0.0, 0.0, -0.0, 0.0, -0.892752, -0.450549, 0.291204, 0.0, 0.450549, -0.892752, 0.0, 0.0, 0.0, 0.0, 1.0],
                [1.0, -0.0, 0.0, -0.0, -0.0, -0.995415, -0.095655, 0.291204, 0.0, 0.095655, -0.995415, 0.0, 0.0, 0.0, 0.0, 1.0],
                [1.0, 0.0, 0.0, 0.0, 0.0, -0.999562, 0.029607, 0.291204, 0.0, -0.029607, -0.999562, 0.0, 0.0, 0.0, 0.0, 1.0],
                [1.0, -0.0, 0.0, -0.0, 0.0, -0.989537, -0.144278, 0.291204, 0.0, 0.144278, -0.989537, -0.0, 0.0, 0.0, 0.0, 1.0],
                [1.0, -0.0, 0.0, 0.0, 0.0, -0.258819, -0.965927, 0.291204, 0.0, 0.965926, -0.258819, 0.0, 0.0, 0.0, 0.0, 1.0],
                [1.0, -0.0, 0.0, 0.0, -0.0, -0.258819, -0.965926, 0.291203, 0.0, 0.965926, -0.258819, -0.0, 0.0, 0.0, 0.0, 1.0],
                [1.0, -0.0, 0.0, -0.0, 0.0, -0.258819, -0.965926, 0.291204, 0.0, 0.965926, -0.258819, 0.0, 0.0, 0.0, 0.0, 1.0]
            ]
        },
        {
            "name": "Elbow_R",
            "time": [0.0, 0.1, 0.2, 0.3667, 0.6, 0.8],
            "transform": [
                [-1.0, 0.0, 0.0, -0.0, -0.0, 0.0, -1.0, 0.33, -0.0, -1.0, -0.0, -0.0, 0.0, 0.0, 0.0, 1.0],
                [-1.0, 0.0, 0.0, 0.0, -0.0, -0.0, -1.0, 0.33, -0.0, -1.0, -0.0, 0.0, 0.0, 0.0, 0.0, 1.0],
                [-1.0, 0.0, 0.0, 0.0, -0.0, 0.0, -1.0, 0.33, -0.0, -1.0, -0.0, 0.0, 0.0, 0.0, 0.0, 1.0],
                [-1.0, 0.0, 0.0, -0.0, -0.0, 0.0, -1.0, 0.33, -0.0, -1.0, -0.0, 0.0, 0.0, 0.0, 0.0, 1.0],
                [-1.0, 0.0, 0.0, 0.0, -0.0, 0.0, -1.0, 0.33, -0.0, -1.0, -0.0, 0.0, 0.0, 0.0, 0.0, 1.0],
                [-1.0, 0.0, 0.0, -0.0, -0.0, 0.0, -1.0, 0.33, -0.0, -1.0, -0.0, 0.0, 0.0, 0.0, 0.0, 1.0]
            ]
        },
        {
            "name": "Shoulder_L",
            "time": [0.0, 0.1, 0.2, 0.3667, 0.6, 0.8],
            "transform": [
                [0.482996, -0.778959, -0.399921, -0.0, 0.129288, -0.388278, 0.912427, 0.4, -0.866025, -0.492403, -0.086826, -0.0, 0.0, 0.0, 0.0, 1.0],
                [0.482996, -0.778959, -0.399921, -0.0, 0.129288, -0.388278, 0.912427, 0.4, -0.866025, -0.492403, -0.086826, 0.0, 0.0, 0.0, 0.0, 1.0],
                [0.482996, -0.842029, -0.24021, 0.0, 0.129288, -0.202744, 0.970659, 0.4, -0.866025, -0.49988, 0.01094, 0.0, 0.0, 0.0, 0.0, 1.0],
                [0.482996, -0.778959, -0.399921, 0.0, 0.129288, -0.388278, 0.912428, 0.4, -0.866025, -0.492403, -0.086826, -0.0, 0.0, 0.0, 0.0, 1.0],
                [0.482996, -0.778959, -0.399921, -0.0, 0.129288, -0.388278, 0.912427, 0.4, -0.866025, -0.492403, -0.086826, 0.0, 0.0, 0.0, 0.0, 1.0],
                [0.482996, -0.778959, -0.399921, -0.0, 0.129288, -0.388278, 0.912428, 0.4, -0.866025, -0.492404, -0.086826, 0.0, 0.0, 0.0, 0.0, 1.0]
            ]
        },
        {
            "name": "Arm_L",
            "time": [0.0, 0.1, 0.2, 0.3667, 0.6, 0.8],
            "transform": [
                [-0.560399, 0.788986, 0.251898, 0.0, -0.817965, -0.479524, -0.317786, 0.388355, -0.129939, -0.384131, 0.914088, 0.0, 0.0, 0.0, 0.0, 1.0],
                [-0.582067, 0.753712, 0.305146, -0.0, -0.800177, -0.464187, -0.379798, 0.388354, -0.144614, -0.46524, 0.873291, -0.0, 0.0, 0.0, 0.0, 1.0],
                [-0.84444, 0.486922, 0.22322, -0.0, -0.53436, -0.794667, -0.288033, 0.388355, 0.037136, -0.362507, 0.93124, -0.0, 0.0, 0.0, 0.0, 1.0],
                [-0.639324, 0.766368, 0.062816, 0.0, -0.759276, -0.616274, -0.209054, 0.388354, -0.121501, -0.181348, 0.975883, 0.0, 0.0, 0.0, 0.0, 1.0],
                [-0.58569, 0.804103, 0.101912, -0.0, -0.796031, -0.546966, -0.259156, 0.388354, -0.152647, -0.23291, 0.960443, 0.0, 0.0, 0.0, 0.0, 1.0],
                [-0.549487, 0.817221, 0.173818, -0.0, -0.817595, -0.483106, -0.31328, 0.388354, -0.172047, -0.314256, 0.933617, 0.0, 0.0, 0.0, 0.0, 1.0]
            ]
        },
        {
            "name": "Hand_L",
            "time": [0.0, 0.1, 0.2, 0.3667, 0.6, 0.8],
            "transform": [
                [0.989115, 0.003306, 0.147102, -0.0, -0.002507, 0.999982, -0.005613, 0.33, -0.147118, 0.005184, 0.989105, 0.0, 0.0, 0.0, 0.0, 1.0],
                [0.982875, 0.002807, 0.184252, 0.0, -0.001649, 0.999978, -0.006433, 0.33, -0.184267, 0.00602, 0.982858, -0.0, 0.0, 0.0, 0.0, 1.0],
                [0.912206, 0.003389, 0.409716, -0.0, -0.001021, 0.999981, -0.006, 0.33, -0.40973, 0.005055, 0.912194, -0.0, 0.0, 0.0, 0.0, 1.0],
                [0.99234, 0.002619, 0.123508, 0.0, -0.001931, 0.999983, -0.005694, 0.33, -0.123521, 0.005411, 0.992327, -0.0, 0.0, 0.0, 0.0, 1.0],
                [0.992693, 0.002527, 0.120633, 0.0, -0.001836, 0.999982, -0.005843, 0.33, -0.120646, 0.005578, 0.992679, -0.0, 0.0, 0.0, 0.0, 1.0],
                [0.992667, 0.00274, 0.120849, -0.0, -0.001989, 0.999978, -0.006344, 0.33, -0.120864, 0.006057, 0.99265, 0.0, 0.0, 0.0, 0.0, 1.0]
            ]
        },
        {
            "name": "Tool_L",
            "time": [0.0, 0.1, 0.2, 0.3667, 0.6, 0.8],
            "transform": [
                [1.0, 0.0, 0.0, -0.0, 0.0, -1.0, -0.0, 0.291204, 0.0, -0.0, -1.0, 0.0, 0.0, 0.0, 0.0, 1.0],
                [1.0, 0.0, 0.0, 0.0, 0.0, -1.0, 0.0, 0.291204, 0.0, 0.0, -1.0, 0.0, 0.0, 0.0, 0.0, 1.0],
                [1.0, 0.0, 0.0, 0.0, 0.0, -1.0, 0.0, 0.291204, 0.0, 0.0, -1.0, 0.0, 0.0, 0.0, 0.0, 1.0],
                [1.0, 0.0, 0.0, 0.0, 0.0, -1.0, 0.0, 0.291204, 0.0, -0.0, -1.0, 0.0, 0.0, 0.0, 0.0, 1.0],
                [1.0, 0.0, 0.0, -0.0, 0.0, -1.0, 0.0, 0.291204, 0.0, -0.0, -1.0, 0.0, 0.0, 0.0, 0.0, 1.0],
                [1.0, 0.0, 0.0, -0.0, 0.0, -1.0, 0.0, 0.291203, 0.0, -0.0, -1.0, 0.0, 0.0, 0.0, 0.0, 1.0]
            ]
        },
        {
            "name": "Elbow_L",
            "time": [0.0, 0.1, 0.2, 0.3667, 0.6, 0.8],
            "transform": [
                [-1.0, 0.0, -0.0, 0.0, 0.0, -0.0, -1.0, 0.33, -0.0, -1.0, 0.0, 0.0, 0.0, 0.0, 0.0, 1.0],
                [-1.0, 0.0, -0.0, 0.0, 0.0, -0.0, -1.0, 0.33, -0.0, -1.0, 0.0, 0.0, 0.0, 0.0, 0.0, 1.0],
                [-1.0, 0.0, -0.0, 0.0, 0.0, -0.0, -1.0, 0.33, -0.0, -1.0, 0.0, 0.0, 0.0, 0.0, 0.0, 1.0],
                [-1.0, 0.0, -0.0, 0.0, 0.0, -0.0, -1.0, 0.33, -0.0, -1.0, 0.0, 0.0, 0.0, 0.0, 0.0, 1.0],
                [-1.0, 0.0, -0.0, 0.0, 0.0, -0.0, -1.0, 0.33, -0.0, -1.0, 0.0, -0.0, 0.0, 0.0, 0.0, 1.0],
                [-1.0, 0.0, -0.0, 0.0, 0.0, -0.0, -1.0, 0.33, -0.0, -1.0, 0.0, 0.0, 0.0, 0.0, 0.0, 1.0]
            ]
        }
    ]
}