{

    "animation": [
        {
            "name": "Root",
            "time": [0.0, 0.05, 0.1, 0.15, 0.2, 0.3, 0.5, 0.85],
            "transform": [
                [0.393017, -0.008469, -0.919492, -5e-06, -0.91222, 0.122258, -0.391034, 0.000946, 0.115726, 0.992462, 0.040324, 0.482363, 0.0, 0.0, 0.0, 1.0],
                [0.959355, -0.033813, -0.280169, -5e-06, -0.260402, 0.276552, -0.925046, 0.374821, 0.10876, 0.960404, 0.256506, 0.342909, 0.0, 0.0, 0.0, 1.0],
                [0.946029, -0.067883, 0.316894, 0.004995, 0.324079, 0.193452, -0.926039, 1.217884, 0.001558, 0.978759, 0.205011, 0.433729, 0.0, 0.0, 0.0, 1.0],
                [0.621466, -0.049713, 0.781862, 0.009995, 0.781497, 0.109587, -0.614209, 1.400946, -0.055148, 0.992733, 0.106955, 0.52455, 0.0, 0.0, 0.0, 1.0],
                [0.468293, -0.056162, 0.881786, -0.01275, 0.883528, 0.019753, -0.467961, 1.400946, 0.008863, 0.998226, 0.058871, 0.546937, 0.0, 0.0, 0.0, 1.0],
                [0.336136, -0.049566, 0.940508, -0.030946, 0.939565, -0.051318, -0.338503, 1.400946, 0.065043, 0.997452, 0.02932, 0.564847, 0.0, 0.0, 0.0, 1.0],
                [-0.005808, -0.049566, 0.998754, -0.030946, 0.998677, -0.051318, 0.003261, 1.403009, 0.051092, 0.997452, 0.049798, 0.61599, 0.0, 0.0, 0.0, 1.0],
                [0.803944, -0.081431, 0.589103, -0.017409, 0.592795, 0.030402, -0.804779, 1.402107, 0.047625, 0.996215, 0.072713, 0.615107, 0.0, 0.0, 0.0, 1.0]
            ]
        },
        {
            "name": "Thigh_R",
            "time": [0.0, 0.05, 0.1, 0.15, 0.2, 0.3, 0.5, 0.85],
            "transform": [
                [0.880382, 0.46254, -0.104791, 0.124994, 0.38807, -0.575561, 0.719812, -0.002831, 0.272629, -0.674376, -0.686213, -1.2e-05, 0.0, 0.0, 0.0, 1.0],
                [0.85933, 0.500448, 0.105359, 0.124994, 0.476815, -0.858491, 0.188778, -0.002831, 0.184923, -0.111986, -0.97635, -1.2e-05, 0.0, 0.0, 0.0, 1.0],
                [0.884943, 0.465322, 0.018687, 0.124994, 0.062855, -0.159103, 0.985258, -0.002831, 0.461436, -0.870723, -0.170045, -1.2e-05, 0.0, 0.0, 0.0, 1.0],
                [0.783158, 0.459788, -0.418639, 0.124994, 0.620722, -0.618104, 0.48234, -0.002831, -0.036989, -0.637607, -0.769473, -1.2e-05, 0.0, 0.0, 0.0, 1.0],
                [0.801377, 0.594541, -0.06569, 0.123549, 0.552357, -0.693394, 0.462716, -0.024996, 0.229554, -0.407095, -0.884069, -0.000663, 0.0, 0.0, 0.0, 1.0],
                [0.741258, 0.63109, 0.228606, 0.122392, 0.50915, -0.750592, 0.421159, -0.042729, 0.437379, -0.195793, -0.877703, -0.001185, 0.0, 0.0, 0.0, 1.0],
                [0.712197, 0.481239, 0.511061, 0.123693, 0.556419, -0.830872, 0.006981, -0.02278, 0.427986, 0.279392, -0.859516, -0.000598, 0.0, 0.0, 0.0, 1.0],
                [0.861336, 0.431422, 0.26828, 0.123693, 0.158379, -0.729784, 0.665079, -0.02278, 0.482717, -0.530367, -0.696918, -0.000598, 0.0, 0.0, 0.0, 1.0]
            ]
        },
        {
            "name": "Leg_R",
            "time": [0.0, 0.05, 0.1, 0.15, 0.2, 0.3, 0.5, 0.85],
            "transform": [
                [0.993795, 0.076827, -0.080426, 0.0, 0.03666, 0.456433, 0.889001, 0.37472, 0.105009, -0.886433, 0.450785, -0.0, 0.0, 0.0, 0.0, 1.0],
                [0.991092, 0.098707, -0.089393, 0.0, 0.049183, 0.352497, 0.93452, 0.37472, 0.123754, -0.930593, 0.344503, -0.0, 0.0, 0.0, 0.0, 1.0],
                [0.981414, 0.007072, -0.191771, -0.0, 0.191644, -0.087809, 0.977527, 0.37472, -0.009926, -0.996112, -0.087532, -0.0, 0.0, 0.0, 0.0, 1.0],
                [0.989437, 0.016257, -0.144044, -0.0, 0.113173, 0.534293, 0.837688, 0.37472, 0.09058, -0.845141, 0.52681, -0.0, 0.0, 0.0, 0.0, 1.0],
                [0.99541, 0.021551, -0.093243, 0.0, 0.058729, 0.631726, 0.772963, 0.37472, 0.075562, -0.774891, 0.627561, 0.0, 0.0, 0.0, 0.0, 1.0],
                [0.998119, 0.02959, -0.0537, -0.0, 0.017421, 0.702868, 0.711107, 0.37472, 0.058785, -0.710704, 0.701031, -0.0, 0.0, 0.0, 0.0, 1.0],
                [0.982644, -0.155614, -0.100978, -0.0, 0.177893, 0.944814, 0.275099, 0.37472, 0.052596, -0.288287, 0.956099, -0.0, 0.0, 0.0, 0.0, 1.0],
                [0.998612, -0.035226, -0.039144, -0.0, 0.051075, 0.828904, 0.557053, 0.37472, 0.012824, -0.558279, 0.829553, 0.0, 0.0, 0.0, 0.0, 1.0]
            ]
        },
        {
            "name": "Knee_R",
            "time": [0.0, 0.05, 0.15, 0.2, 0.3, 0.5, 0.85],
            "transform": [
                [1.0, 0.0, -1e-06, 0.0, -1e-06, 0.0, -1.0, 0.37472, -0.0, 1.0, 0.0, -0.0, 0.0, 0.0, 0.0, 1.0],
                [1.0, 0.0, -1e-06, 0.0, -1e-06, 0.0, -1.0, 0.37472, -0.0, 1.0, 0.0, -0.0, 0.0, 0.0, 0.0, 1.0],
                [1.0, 0.0, -1e-06, -0.0, -1e-06, 0.0, -1.0, 0.37472, -0.0, 1.0, 0.0, -0.0, 0.0, 0.0, 0.0, 1.0],
                [1.0, 0.0, -1e-06, 0.0, -1e-06, 0.0, -1.0, 0.37472, -0.0, 1.0, 0.0, 0.0, 0.0, 0.0, 0.0, 1.0],
                [1.0, 0.0, -1e-06, -0.0, -1e-06, 0.0, -1.0, 0.37472, -0.0, 1.0, 0.0, -0.0, 0.0, 0.0, 0.0, 1.0],
                [1.0, 0.0, -1e-06, -0.0, -1e-06, 0.0, -1.0, 0.37472, -0.0, 1.0, 0.0, -0.0, 0.0, 0.0, 0.0, 1.0],
                [1.0, 0.0, -1e-06, -0.0, -1e-06, 0.0, -1.0, 0.37472, -0.0, 1.0, 0.0, 0.0, 0.0, 0.0, 0.0, 1.0]
            ]
        },
        {
            "name": "Thigh_L",
            "time": [0.0, 0.05, 0.1, 0.15, 0.2, 0.3, 0.5, 0.85],
            "transform": [
                [0.609388, -0.792731, 0.014965, -0.125006, -0.587124, -0.438489, 0.680451, -0.002831, -0.532852, -0.423445, -0.732642, -1.2e-05, 0.0, 0.0, 0.0, 1.0],
                [0.909022, -0.373894, 0.184072, -0.125006, -0.059262, 0.321226, 0.945147, -0.002831, -0.412513, -0.870067, 0.269844, -1.2e-05, 0.0, 0.0, 0.0, 1.0],
                [0.923122, -0.369319, 0.106997, -0.125006, -0.37095, -0.928639, -0.004965, -0.002831, 0.101196, -0.035107, -0.994247, -1.2e-05, 0.0, 0.0, 0.0, 1.0],
                [0.876578, -0.47931, 0.043274, -0.125006, -0.4204, -0.718857, 0.553631, -0.002831, -0.234253, -0.503493, -0.831637, -1.2e-05, 0.0, 0.0, 0.0, 1.0],
                [0.886473, -0.45609, 0.078414, -0.125353, -0.372144, -0.601826, 0.706623, -0.036094, -0.275092, -0.655583, -0.703233, -0.001641, 0.0, 0.0, 0.0, 1.0],
                [0.89562, -0.432873, 0.1024, -0.12563, -0.328391, -0.488162, 0.808616, -0.062705, -0.30004, -0.75784, -0.579359, -0.002944, 0.0, 0.0, 0.0, 1.0],
                [0.94143, -0.336565, 0.020819, -0.124329, -0.221373, -0.570286, 0.791056, -0.042756, -0.254368, -0.749333, -0.611391, -0.002358, 0.0, 0.0, 0.0, 1.0],
                [0.995071, -0.076006, 0.063697, -0.124329, -0.096939, -0.610148, 0.786335, -0.042756, -0.020902, -0.788634, -0.614509, -0.002358, 0.0, 0.0, 0.0, 1.0]
            ]
        },
        {
            "name": "Leg_L",
            "time": [0.0, 0.05, 0.1, 0.15, 0.2, 0.3, 0.5, 0.85],
            "transform": [
                [0.986573, -0.116975, 0.113961, -0.0, -0.026882, 0.571976, 0.819829, 0.37472, -0.161083, -0.811886, 0.561153, -0.0, 0.0, 0.0, 0.0, 1.0],
                [0.995227, -0.095261, 0.021155, -0.0, -0.034757, -0.143483, 0.989043, 0.37472, -0.091182, -0.985057, -0.14611, -0.0, 0.0, 0.0, 0.0, 1.0],
                [0.994933, -0.003925, 0.100452, 0.0, -0.085098, 0.49909, 0.862361, 0.37472, -0.053519, -0.866541, 0.496228, -0.0, 0.0, 0.0, 0.0, 1.0],
                [0.998878, -0.003046, 0.047236, 0.0, -0.03945, 0.497895, 0.86634, 0.37472, -0.026157, -0.867233, 0.497216, 0.0, 0.0, 0.0, 0.0, 1.0],
                [0.995445, -0.073034, 0.06128, 0.0, -0.029321, 0.377087, 0.925713, 0.37472, -0.090717, -0.923294, 0.373227, 0.0, 0.0, 0.0, 0.0, 1.0],
                [0.989385, -0.129729, 0.065483, 0.0, -0.027542, 0.27505, 0.961035, 0.37472, -0.142686, -0.952637, 0.268557, 0.0, 0.0, 0.0, 0.0, 1.0],
                [0.994043, -0.038423, 0.101986, -0.0, -0.056449, 0.618958, 0.783392, 0.37472, -0.093225, -0.784484, 0.613102, 0.0, 0.0, 0.0, 0.0, 1.0],
                [0.977613, 0.160038, 0.136603, 0.0, -0.19426, 0.437052, 0.878208, 0.37472, 0.080844, -0.885084, 0.458357, -0.0, 0.0, 0.0, 0.0, 1.0]
            ]
        },
        {
            "name": "Knee_L",
            "time": [0.0, 0.05, 0.15, 0.2, 0.3, 0.5, 0.85],
            "transform": [
                [1.0, -0.0, 0.0, -0.0, 0.0, 0.0, -1.0, 0.37472, 0.0, 1.0, 0.0, -0.0, 0.0, 0.0, 0.0, 1.0],
                [1.0, -0.0, 0.0, -0.0, 0.0, 0.0, -1.0, 0.37472, 0.0, 1.0, 0.0, -0.0, 0.0, 0.0, 0.0, 1.0],
                [1.0, -0.0, 0.0, 0.0, 0.0, 0.0, -1.0, 0.37472, 0.0, 1.0, 0.0, 0.0, 0.0, 0.0, 0.0, 1.0],
                [1.0, -0.0, 0.0, 0.0, 0.0, 0.0, -1.0, 0.37472, 0.0, 1.0, 0.0, 0.0, 0.0, 0.0, 0.0, 1.0],
                [1.0, -0.0, 0.0, 0.0, 0.0, 0.0, -1.0, 0.37472, 0.0, 1.0, 0.0, 0.0, 0.0, 0.0, 0.0, 1.0],
                [1.0, -0.0, 0.0, -0.0, 0.0, 0.0, -1.0, 0.37472, 0.0, 1.0, 0.0, 0.0, 0.0, 0.0, 0.0, 1.0],
                [1.0, -0.0, 0.0, 0.0, 0.0, 0.0, -1.0, 0.37472, 0.0, 1.0, 0.0, -0.0, 0.0, 0.0, 0.0, 1.0]
            ]
        },
        {
            "name": "Torso",
            "time": [0.0, 0.05, 0.1, 0.15, 0.2, 0.3, 0.5, 0.85],
            "transform": [
                [0.988358, -0.15111, 0.017676, -0.0, 0.15214, 0.981666, -0.114831, 0.05, 0.0, 0.116183, 0.993229, 0.0, 0.0, 0.0, 0.0, 1.0],
                [0.995012, -0.099456, 0.007535, 0.0, 0.099741, 0.99217, -0.075167, 0.05, 0.0, 0.075544, 0.997143, 0.0, 0.0, 0.0, 0.0, 1.0],
                [0.996878, 0.074073, 0.027347, -0.0, -0.07896, 0.935179, 0.345264, 0.05, 0.0, -0.346345, 0.938109, 0.0, 0.0, 0.0, 0.0, 1.0],
                [0.982487, 0.185437, 0.018324, -0.0, -0.186341, 0.977724, 0.096612, 0.05, 0.0, -0.098334, 0.995156, 0.0, 0.0, 0.0, 0.0, 1.0],
                [0.981097, 0.192986, -0.01434, -0.0, -0.193518, 0.9784, -0.072702, 0.05, 0.0, 0.074102, 0.997252, 0.0, 0.0, 0.0, 0.0, 1.0],
                [0.980328, 0.192947, -0.041554, 0.0, -0.19737, 0.958356, -0.206397, 0.05, -0.0, 0.210539, 0.977585, -0.0, 0.0, 0.0, 0.0, 1.0],
                [0.990907, 0.130832, -0.031354, 0.0, -0.134536, 0.963624, -0.230935, 0.05, -0.0, 0.233054, 0.972463, 0.0, 0.0, 0.0, 0.0, 1.0],
                [0.994087, 0.108468, -0.004922, -0.0, -0.10858, 0.993067, -0.045066, 0.05, 0.0, 0.045334, 0.998972, 0.0, 0.0, 0.0, 0.0, 1.0]
            ]
        },
        {
            "name": "Chest",
            "time": [0.0, 0.05, 0.1, 0.15, 0.2, 0.3, 0.5, 0.85],
            "transform": [
                [0.686866, 0.092025, -0.720936, 0.0, 0.167973, 0.944995, 0.280662, 0.3, 0.707106, -0.313875, 0.633628, -0.0, 0.0, 0.0, 0.0, 1.0],
                [0.614375, 0.139728, -0.776544, 0.0, 0.35006, 0.833755, 0.42698, 0.3, 0.707106, -0.534163, 0.463326, 0.0, 0.0, 0.0, 0.0, 1.0],
                [0.98883, 0.103184, -0.107539, 0.0, -0.09473, 0.992205, 0.080968, 0.3, 0.115055, -0.069877, 0.9909, -0.0, 0.0, 0.0, 0.0, 1.0],
                [0.721875, -0.090414, 0.686092, -0.0, 0.12941, 0.991577, -0.005489, 0.3, -0.679813, 0.092749, 0.727498, -0.0, 0.0, 0.0, 0.0, 1.0],
                [0.703842, -0.099287, 0.703384, -0.0, 0.067859, 0.995055, 0.072554, 0.3, -0.707106, -0.003336, 0.7071, -0.0, 0.0, 0.0, 0.0, 1.0],
                [0.707062, -0.101738, 0.699794, 0.0, 0.007802, 0.99066, 0.136142, 0.3, -0.707106, -0.090801, 0.701253, -0.0, 0.0, 0.0, 0.0, 1.0],
                [0.707062, -0.101738, 0.699794, 0.0, 0.007802, 0.990661, 0.136142, 0.3, -0.707106, -0.090801, 0.701253, 0.0, 0.0, 0.0, 0.0, 1.0],
                [0.864485, -0.038697, 0.501166, -0.0, 0.011034, 0.998254, 0.058046, 0.3, -0.502535, -0.04465, 0.863403, -0.0, 0.0, 0.0, 0.0, 1.0]
            ]
        },
        {
            "name": "Head",
            "time": [0.0, 0.05, 0.15, 0.2, 0.3, 0.5, 0.8, 0.85],
            "transform": [
                [0.047742, 0.0, 0.998863, 0.0, 0.0, 1.0, 0.0, 0.4, -0.998858, 0.0, 0.04774, 0.0, 0.0, 0.0, 0.0, 1.0],
                [0.515858, 0.325738, 0.792331, 0.0, 0.022169, 0.919504, -0.392454, 0.4, -0.856385, 0.220015, 0.467112, -0.0, 0.0, 0.0, 0.0, 1.0],
                [0.322501, 0.0, -0.946573, 0.0, -0.0, 1.0, -0.0, 0.4, 0.946565, -0.0, 0.322499, 0.0, 0.0, 0.0, 0.0, 1.0],
                [0.178334, 0.077789, -0.980894, 0.0, 0.005254, 0.996781, 0.080004, 0.4, 0.983954, -0.019422, 0.17735, -0.0, 0.0, 0.0, 0.0, 1.0],
                [0.078453, 0.131464, -0.988214, 0.0, 0.010896, 0.991094, 0.132712, 0.4, 0.996856, -0.02118, 0.076321, -0.0, 0.0, 0.0, 0.0, 1.0],
                [-0.180314, 0.131464, -0.974786, 0.0, 0.044915, 0.991095, 0.125354, 0.4, 0.982581, -0.02118, -0.184614, -0.0, 0.0, 0.0, 0.0, 1.0],
                [0.338134, 0.088051, -0.936971, 0.0, -0.001995, 0.995679, 0.092848, 0.4, 0.941095, -0.029526, 0.336847, 0.0, 0.0, 0.0, 0.0, 1.0],
                [0.4848, 0.082509, -0.870726, -0.0, -0.012996, 0.99611, 0.087154, 0.4, 0.874528, -0.030936, 0.483986, -0.0, 0.0, 0.0, 0.0, 1.0]
            ]
        },
        {
            "name": "Shoulder_R",
            "time": [0.0, 0.05, 0.1, 0.15, 0.2, 0.3, 0.5, 0.8, 0.85],
            "transform": [
                [0.219706, 0.881489, 0.417979, 0.0, -0.058806, -0.415702, 0.907598, 0.4, 0.973793, -0.223984, -0.039496, 0.0, 0.0, 0.0, 0.0, 1.0],
                [0.482998, 0.778967, 0.399902, 0.0, -0.129279, -0.388262, 0.912437, 0.4, 0.866026, -0.492403, -0.086826, 0.0, 0.0, 0.0, 0.0, 1.0],
                [0.106003, 0.900674, 0.421362, 0.0, -0.028372, -0.420837, 0.906692, 0.4, 0.993964, -0.108067, -0.019057, 0.0, 0.0, 0.0, 0.0, 1.0],
                [0.483001, 0.86876, 0.109362, 0.0, -0.12928, -0.052775, 0.990201, 0.4, 0.866032, -0.492401, 0.086822, 0.0, 0.0, 0.0, 0.0, 1.0],
                [0.472875, 0.87444, 0.108361, 0.0, -0.126569, -0.054295, 0.99047, 0.4, 0.871998, -0.48208, 0.085002, -0.0, 0.0, 0.0, 0.0, 1.0],
                [0.464193, 0.879184, 0.107525, 0.0, -0.124246, -0.055564, 0.990693, 0.4, 0.876981, -0.473232, 0.083442, 0.0, 0.0, 0.0, 0.0, 1.0],
                [0.483, 0.868765, 0.109362, 0.0, -0.12928, -0.052775, 0.990201, 0.4, 0.866031, -0.492404, 0.086822, -0.0, 0.0, 0.0, 0.0, 1.0],
                [0.482999, 0.868765, 0.109362, 0.0, -0.129279, -0.052775, 0.990202, 0.4, 0.866029, -0.492404, 0.086822, 0.0, 0.0, 0.0, 0.0, 1.0],
                [0.482999, 0.868765, 0.109362, 0.0, -0.129279, -0.052775, 0.990202, 0.4, 0.866029, -0.492404, 0.086822, -0.0, 0.0, 0.0, 0.0, 1.0]
            ]
        },
        {
            "name": "Arm_R",
            "time": [0.0, 0.05, 0.1, 0.15, 0.2, 0.3, 0.5, 0.8, 0.85],
            "transform": [
                [0.335417, -0.83886, -0.428726, 0.0, 0.898064, 0.422177, -0.123436, 0.388385, 0.284542, -0.343621, 0.894966, -0.0, 0.0, 0.0, 0.0, 1.0],
                [0.634137, -0.591369, -0.498147, 0.0, 0.732842, 0.254208, 0.631126, 0.388385, -0.246594, -0.765282, 0.594586, -0.0, 0.0, 0.0, 0.0, 1.0],
                [0.477055, -0.809541, -0.34214, 0.0, 0.857908, 0.344435, 0.381248, 0.388385, -0.19079, -0.475404, 0.858831, 0.0, 0.0, 0.0, 0.0, 1.0],
                [0.634445, -0.747783, 0.195681, 0.0, 0.762547, 0.564118, -0.316672, 0.388385, 0.126414, 0.35013, 0.928133, 0.0, 0.0, 0.0, 0.0, 1.0],
                [0.622646, -0.762836, 0.174316, 0.0, 0.763893, 0.544288, -0.346714, 0.388385, 0.169607, 0.349042, 0.921629, -0.0, 0.0, 0.0, 0.0, 1.0],
                [0.60218, -0.781495, 0.163221, -0.0, 0.778883, 0.530204, -0.334995, 0.388385, 0.175256, 0.328859, 0.927972, 0.0, 0.0, 0.0, 0.0, 1.0],
                [0.663092, -0.745793, 0.063998, 0.0, 0.530251, 0.407662, -0.7434, 0.388385, 0.528331, 0.526878, 0.665779, 0.0, 0.0, 0.0, 0.0, 1.0],
                [0.17774, -0.895104, -0.408894, 0.0, 0.788025, 0.378336, -0.48567, 0.388385, 0.589424, -0.235896, 0.772612, 0.0, 0.0, 0.0, 0.0, 1.0],
                [0.077998, -0.880554, -0.467478, -0.0, 0.749737, 0.360878, -0.55467, 0.388385, 0.65712, -0.307223, 0.688335, -0.0, 0.0, 0.0, 0.0, 1.0]
            ]
        },
        {
            "name": "Hand_R",
            "time": [0.0, 0.05, 0.1, 0.15, 0.2, 0.3, 0.5, 0.7, 0.8, 0.85],
            "transform": [
                [0.93936, -0.342398, 0.019107, 0.0, 0.312398, 0.831416, -0.459517, 0.33, 0.141451, 0.437622, 0.887964, -0.0, 0.0, 0.0, 0.0, 1.0],
                [0.062519, -0.04361, 0.997092, 0.0, 0.345074, 0.938375, 0.019405, 0.33, -0.93649, 0.342858, 0.073715, 0.0, 0.0, 0.0, 0.0, 1.0],
                [-0.328731, 0.162751, 0.930294, 0.0, 0.598163, 0.798158, 0.071735, 0.33, -0.730845, 0.58005, -0.359731, -0.0, 0.0, 0.0, 0.0, 1.0],
                [0.046988, -0.333177, 0.941689, 0.0, 0.288761, 0.907024, 0.306494, 0.33, -0.956241, 0.257527, 0.138826, 0.0, 0.0, 0.0, 0.0, 1.0],
                [0.045658, -0.232652, 0.971484, 0.0, 0.230251, 0.948773, 0.216387, 0.33, -0.972057, 0.213808, 0.096887, 0.0, 0.0, 0.0, 0.0, 1.0],
                [0.040031, -0.15056, 0.987787, -0.0, 0.183173, 0.972937, 0.140872, 0.33, -0.982265, 0.175298, 0.066526, 0.0, 0.0, 0.0, 0.0, 1.0],
                [-0.025175, 0.095047, 0.995155, -0.0, 0.474126, 0.877526, -0.071816, 0.33, -0.880089, 0.470026, -0.067156, -0.0, 0.0, 0.0, 0.0, 1.0],
                [0.80546, 0.183648, 0.563475, 0.0, 0.188389, 0.822118, -0.537244, 0.33, -0.561904, 0.538881, 0.627592, 0.0, 0.0, 0.0, 0.0, 1.0],
                [0.915329, 0.021718, 0.40212, 0.0, 0.098681, 0.956, -0.27626, 0.33, -0.390425, 0.292548, 0.872921, 0.0, 0.0, 0.0, 0.0, 1.0],
                [0.931411, -0.004518, 0.363937, 0.0, 0.110641, 0.956111, -0.271295, 0.33, -0.346738, 0.292952, 0.891044, 0.0, 0.0, 0.0, 0.0, 1.0]
            ]
        },
        {
            "name": "Tool_R",
            "time": [0.0, 0.05, 0.1, 0.15, 0.2, 0.3, 0.5, 0.7, 0.8, 0.85],
            "transform": [
                [1.0, -0.0, 0.0, 0.0, 0.0, -0.999752, -0.022277, 0.291204, 0.0, 0.022277, -0.999751, 0.0, 0.0, 0.0, 0.0, 1.0],
                [1.0, -0.0, 0.0, -0.0, 0.0, -0.992304, -0.123831, 0.291204, 0.0, 0.123831, -0.992302, 0.0, 0.0, 0.0, 0.0, 1.0],
                [1.0, 0.0, 0.0, -0.0, 0.0, -0.996405, 0.084725, 0.291204, 0.0, -0.084726, -0.996402, -0.0, 0.0, 0.0, 0.0, 1.0],
                [1.0, 0.0, 0.0, -0.0, 0.0, -0.996899, 0.078803, 0.291204, 0.0, -0.078804, -0.996878, 0.0, 0.0, 0.0, 0.0, 1.0],
                [1.0, -0.0, 0.0, -0.0, -0.0, -0.997664, 0.068381, 0.291204, 0.0, -0.068381, -0.997652, 0.0, 0.0, 0.0, 0.0, 1.0],
                [1.0, 0.0, 0.0, -0.0, 0.0, -0.998167, 0.060545, 0.291204, 0.0, -0.060545, -0.998163, 0.0, 0.0, 0.0, 0.0, 1.0],
                [1.0, -0.0, 0.0, 0.0, 0.0, -0.996147, -0.08772, 0.291204, 0.0, 0.08772, -0.996143, 0.0, 0.0, 0.0, 0.0, 1.0],
                [1.0, 0.0, 0.0, 0.0, -0.0, -0.947946, 0.318433, 0.291204, 0.0, -0.318433, -0.947945, 0.0, 0.0, 0.0, 0.0, 1.0],
                [1.0, 0.0, 0.0, -0.0, -0.0, -0.998747, 0.050053, 0.291204, 0.0, -0.050053, -0.998747, 0.0, 0.0, 0.0, 0.0, 1.0],
                [1.0, -0.0, 0.0, 0.0, -0.0, -0.99261, -0.12135, 0.291204, 0.0, 0.12135, -0.99261, 0.0, 0.0, 0.0, 0.0, 1.0]
            ]
        },
        {
            "name": "Elbow_R",
            "time": [0.0, 0.05, 0.15, 0.2, 0.3, 0.5, 0.85],
            "transform": [
                [-1.0, 0.0, 0.0, -0.0, -0.0, 0.0, -1.0, 0.33, -0.0, -1.0, -0.0, -0.0, 0.0, 0.0, 0.0, 1.0],
                [-1.0, 0.0, 0.0, 0.0, -0.0, -0.0, -1.0, 0.33, -0.0, -1.0, -0.0, 0.0, 0.0, 0.0, 0.0, 1.0],
                [-1.0, 0.0, 0.0, 0.0, -0.0, 0.0, -1.0, 0.33, -0.0, -1.0, -0.0, 0.0, 0.0, 0.0, 0.0, 1.0],
                [-1.0, 0.0, 0.0, 0.0, -0.0, 0.0, -1.0, 0.33, -0.0, -1.0, -0.0, 0.0, 0.0, 0.0, 0.0, 1.0],
                [-1.0, 0.0, 0.0, -0.0, -0.0, 0.0, -1.0, 0.33, -0.0, -1.0, -0.0, 0.0, 0.0, 0.0, 0.0, 1.0],
                [-1.0, 0.0, 0.0, -0.0, -0.0, 0.0, -1.0, 0.33, -0.0, -1.0, -0.0, 0.0, 0.0, 0.0, 0.0, 1.0],
                [-1.0, 0.0, 0.0, 0.0, -0.0, 0.0, -1.0, 0.33, -0.0, -1.0, -0.0, 0.0, 0.0, 0.0, 0.0, 1.0]
            ]
        },
        {
            "name": "Shoulder_L",
            "time": [0.0, 0.05, 0.1, 0.15, 0.2, 0.3, 0.5, 0.8, 0.85],
            "transform": [
                [0.482995, -0.778958, -0.399921, 0.0, 0.129288, -0.388277, 0.912428, 0.4, -0.866023, -0.492403, -0.086826, 0.0, 0.0, 0.0, 0.0, 1.0],
                [0.482995, -0.868762, -0.109383, 0.0, 0.129288, -0.052794, 0.9902, 0.4, -0.866025, -0.492403, 0.086822, 0.0, 0.0, 0.0, 0.0, 1.0],
                [0.482996, -0.868762, -0.109383, -0.0, 0.129288, -0.052794, 0.9902, 0.4, -0.866026, -0.492403, 0.086822, 0.0, 0.0, 0.0, 0.0, 1.0],
                [0.482996, -0.868762, -0.109383, -0.0, 0.129289, -0.052794, 0.9902, 0.4, -0.866027, -0.492403, 0.086822, 0.0, 0.0, 0.0, 0.0, 1.0],
                [0.482995, -0.868761, -0.109383, -0.0, 0.129288, -0.052794, 0.990201, 0.4, -0.866025, -0.492403, 0.086822, -0.0, 0.0, 0.0, 0.0, 1.0],
                [0.482995, -0.86876, -0.109383, -0.0, 0.129288, -0.052794, 0.990203, 0.4, -0.866023, -0.492403, 0.086822, -0.0, 0.0, 0.0, 0.0, 1.0],
                [0.482995, -0.868761, -0.109383, 0.0, 0.129288, -0.052794, 0.990203, 0.4, -0.866024, -0.492403, 0.086822, 0.0, 0.0, 0.0, 0.0, 1.0],
                [0.211518, -0.949202, -0.232956, 0.0, 0.056618, -0.226049, 0.972468, 0.4, -0.975732, -0.218884, 0.005928, 0.0, 0.0, 0.0, 0.0, 1.0],
                [0.193992, -0.944742, -0.26424, -0.0, 0.051926, -0.25909, 0.964454, 0.4, -0.979628, -0.200817, -0.001204, -0.0, 0.0, 0.0, 0.0, 1.0]
            ]
        },
        {
            "name": "Arm_L",
            "time": [0.0, 0.05, 0.15, 0.2, 0.3, 0.5, 0.8, 0.85],
            "transform": [
                [-0.504061, 0.862317, 0.04824, 0.0, -0.347427, -0.15132, -0.925413, 0.388354, -0.790701, -0.483233, 0.37587, 0.0, 0.0, 0.0, 0.0, 1.0],
                [-0.723052, 0.643837, -0.25033, 0.0, 0.212311, -0.137719, -0.967444, 0.388354, -0.657354, -0.752668, -0.037117, -0.0, 0.0, 0.0, 0.0, 1.0],
                [0.289506, 0.957158, 0.006727, -0.0, 0.17496, -0.046021, -0.983496, 0.388355, -0.941049, 0.2859, -0.180784, 0.0, 0.0, 0.0, 0.0, 1.0],
                [0.275099, 0.961082, 0.025516, -0.0, 0.205626, -0.032902, -0.978072, 0.388355, -0.939167, 0.274315, -0.206675, 0.0, 0.0, 0.0, 0.0, 1.0],
                [0.251215, 0.966827, 0.046329, 0.0, 0.263497, -0.022261, -0.964396, 0.388354, -0.931372, 0.254481, -0.260352, 0.0, 0.0, 0.0, 0.0, 1.0],
                [0.492118, 0.867095, 0.077269, 0.0, 0.27043, -0.067916, -0.960333, 0.388354, -0.827454, 0.493507, -0.267913, 0.0, 0.0, 0.0, 0.0, 1.0],
                [-0.064479, 0.944284, -0.322753, -0.0, -0.034331, -0.325341, -0.944972, 0.388354, -0.997326, -0.049849, 0.053397, 0.0, 0.0, 0.0, 0.0, 1.0],
                [-0.214844, 0.950076, -0.226266, -0.0, -0.223897, -0.273426, -0.935469, 0.388354, -0.950635, -0.150318, 0.271466, 0.0, 0.0, 0.0, 0.0, 1.0]
            ]
        },
        {
            "name": "Hand_L",
            "time": [0.0, 0.05, 0.15, 0.2, 0.3, 0.5, 0.8, 0.85],
            "transform": [
                [1.003256, 0.00196, -0.00631, 0.0, -0.002007, 1.000062, -0.005656, 0.33, 0.006322, 0.00568, 0.999977, 0.0, 0.0, 0.0, 0.0, 1.0],
                [1.00638, 0.002229, 0.008104, 0.0, -0.0022, 1.000106, -0.005861, 0.33, -0.008176, 0.005849, 0.999963, -0.0, 0.0, 0.0, 0.0, 1.0],
                [1.001238, -0.001451, 0.121275, -0.0, 0.002175, 1.001907, -0.005793, 0.33, -0.122223, 0.005999, 0.993416, -0.0, 0.0, 0.0, 0.0, 1.0],
                [1.00673, -0.003354, 0.050948, -0.0, 0.003669, 1.003884, -0.005654, 0.33, -0.051252, 0.00583, 1.000372, -0.0, 0.0, 0.0, 0.0, 1.0],
                [1.007517, -0.004238, -0.00429, 0.0, 0.00424, 1.005472, -0.004468, 0.33, 0.004329, 0.004455, 1.002366, 0.0, 0.0, 0.0, 0.0, 1.0],
                [0.950375, -0.00353, 0.332799, 0.0, 0.005075, 1.005473, -0.003672, 0.33, -0.334491, 0.005141, 0.945522, -0.0, 0.0, 0.0, 0.0, 1.0],
                [1.008061, 0.001288, -0.010197, -0.0, -0.001353, 1.000378, -0.005317, 0.33, 0.010278, 0.005324, 1.000116, 0.0, 0.0, 0.0, 0.0, 1.0],
                [1.007351, 0.002186, 0.009233, -0.0, -0.002148, 1.000356, -0.005794, 0.33, -0.009301, 0.005769, 1.000113, -0.0, 0.0, 0.0, 0.0, 1.0]
            ]
        },
        {
            "name": "Tool_L",
            "time": [0.0, 0.05, 0.15, 0.2, 0.3, 0.5, 0.85],
            "transform": [
                [0.999993, 0.001377, -0.003553, -0.0, 0.001401, -0.999977, 0.006556, 0.291204, -0.003544, -0.00656, -0.999973, 0.0, 0.0, 0.0, 0.0, 1.0],
                [0.999993, 0.001377, -0.003553, 0.0, 0.001401, -0.999977, 0.006556, 0.291204, -0.003544, -0.00656, -0.999972, 0.0, 0.0, 0.0, 0.0, 1.0],
                [0.999993, 0.001377, -0.003553, 0.0, 0.001401, -0.999978, 0.006556, 0.291204, -0.003544, -0.00656, -0.999972, 0.0, 0.0, 0.0, 0.0, 1.0],
                [0.999993, 0.001377, -0.003553, -0.0, 0.001401, -0.999978, 0.006556, 0.291204, -0.003544, -0.00656, -0.999972, -0.0, 0.0, 0.0, 0.0, 1.0],
                [0.999993, 0.001377, -0.003553, 0.0, 0.001401, -0.999977, 0.006555, 0.291204, -0.003544, -0.00656, -0.999972, 0.0, 0.0, 0.0, 0.0, 1.0],
                [0.999993, 0.001377, -0.003553, 0.0, 0.001401, -0.999977, 0.006556, 0.291203, -0.003544, -0.00656, -0.999972, 0.0, 0.0, 0.0, 0.0, 1.0],
                [0.999993, 0.001377, -0.003553, -0.0, 0.001401, -0.999977, 0.006556, 0.291204, -0.003544, -0.00656, -0.999972, -0.0, 0.0, 0.0, 0.0, 1.0]
            ]
        },
        {
            "name": "Elbow_L",
            "time": [0.0, 0.05, 0.15, 0.2, 0.3, 0.5, 0.85],
            "transform": [
                [-1.0, 0.0, -0.0, 0.0, 0.0, -0.0, -1.0, 0.33, -0.0, -1.0, 0.0, 0.0, 0.0, 0.0, 0.0, 1.0],
                [-1.0, 0.0, -0.0, 0.0, 0.0, -0.0, -1.0, 0.33, -0.0, -1.0, 0.0, 0.0, 0.0, 0.0, 0.0, 1.0],
                [-1.0, 0.0, -0.0, 0.0, 0.0, -0.0, -1.0, 0.33, -0.0, -1.0, 0.0, 0.0, 0.0, 0.0, 0.0, 1.0],
                [-1.0, 0.0, -0.0, 0.0, 0.0, -0.0, -1.0, 0.33, -0.0, -1.0, 0.0, 0.0, 0.0, 0.0, 0.0, 1.0],
                [-1.0, 0.0, -0.0, 0.0, 0.0, -0.0, -1.0, 0.33, -0.0, -1.0, 0.0, 0.0, 0.0, 0.0, 0.0, 1.0],
                [-1.0, 0.0, -0.0, 0.0, 0.0, -0.0, -1.0, 0.33, -0.0, -1.0, 0.0, 0.0, 0.0, 0.0, 0.0, 1.0],
                [-1.0, 0.0, -0.0, 0.0, 0.0, -0.0, -1.0, 0.33, -0.0, -1.0, 0.0, 0.0, 0.0, 0.0, 0.0, 1.0]
            ]
        }
    ]
}