{

    "animation": [
        {
            "name": "Root",
            "time": [0.0, 0.1, 0.15, 0.2, 0.25, 0.7],
            "transform": [
                [-0.039913, -0.014617, -0.999096, -5e-06, -0.992937, 0.112385, 0.038022, 0.000946, 0.111728, 0.993557, -0.018999, 0.51539, 0.0, 0.0, 0.0, 1.0],
                [-0.164093, -0.014617, -0.986336, -5e-06, -0.961883, 0.224111, 0.156704, 0.415739, 0.218758, 0.974454, -0.050834, 0.468727, 0.0, 0.0, 0.0, 1.0],
                [0.518737, -0.014617, -0.854809, -5e-06, -0.819048, 0.278147, -0.501792, 0.734259, 0.245097, 0.960427, 0.132313, 0.495151, 0.0, 0.0, 0.0, 1.0],
                [0.871305, -0.014617, 0.490524, -5e-06, 0.48095, 0.224111, -0.847621, 1.000946, -0.097542, 0.974454, 0.202299, 0.473697, 0.0, 0.0, 0.0, 1.0],
                [0.45723, -0.011217, 0.889278, -5e-06, 0.836475, 0.345056, -0.425729, 1.600946, -0.302075, 0.938515, 0.167152, 0.435903, 0.0, 0.0, 0.0, 1.0],
                [0.227714, -0.014617, 0.973618, -5e-06, 0.950617, 0.21989, -0.219034, 1.600946, -0.210888, 0.975415, 0.063967, 0.478344, 0.0, 0.0, 0.0, 1.0]
            ]
        },
        {
            "name": "Thigh_R",
            "time": [0.0, 0.1, 0.15, 0.2, 0.25, 0.7],
            "transform": [
                [0.957105, 0.204208, -0.205543, 0.131232, 0.287714, -0.586118, 0.757419, -0.00394, 0.034199, -0.784067, -0.61973, 0.007725, 0.0, 0.0, 0.0, 1.0],
                [0.962161, -0.023086, -0.271495, 0.131232, 0.234218, -0.439058, 0.867391, -0.00394, -0.139226, -0.89816, -0.417039, 0.007725, 0.0, 0.0, 0.0, 1.0],
                [0.901471, 0.115949, -0.417017, 0.128113, 0.369234, -0.708748, 0.601116, -0.003385, -0.225861, -0.695867, -0.681729, 0.003857, 0.0, 0.0, 0.0, 1.0],
                [0.789146, 0.590941, -0.167441, 0.124994, 0.282447, -0.107071, 0.953289, -0.002831, 0.54541, -0.799577, -0.251404, -1.2e-05, 0.0, 0.0, 0.0, 1.0],
                [0.453347, 0.830856, -0.322727, 0.124994, 0.606288, -0.022039, 0.794939, -0.002831, 0.653368, -0.556049, -0.51373, -1.2e-05, 0.0, 0.0, 0.0, 1.0],
                [0.398573, 0.913825, 0.077844, 0.124994, 0.642909, -0.338922, 0.686876, -0.002831, 0.654068, -0.223724, -0.722593, -1.2e-05, 0.0, 0.0, 0.0, 1.0]
            ]
        },
        {
            "name": "Leg_R",
            "time": [0.0, 0.1, 0.15, 0.2, 0.25, 0.7],
            "transform": [
                [0.996359, 0.036509, -0.077052, 0.0, 0.020498, 0.774629, 0.632085, 0.37472, 0.082763, -0.631363, 0.771059, 0.0, 0.0, 0.0, 0.0, 1.0],
                [0.99328, 0.108268, -0.040904, 0.0, 0.020209, 0.185749, 0.982389, 0.37472, 0.113959, -0.976615, 0.182312, 0.0, 0.0, 0.0, 0.0, 1.0],
                [0.995438, 0.079953, -0.052082, -0.0, 0.017375, 0.384815, 0.92283, 0.37472, 0.093825, -0.919524, 0.38167, -0.0, 0.0, 0.0, 0.0, 1.0],
                [0.999359, 0.031096, -0.017772, 0.0, 0.017703, 0.002471, 0.999841, 0.37472, 0.031135, -0.999514, 0.001918, -0.0, 0.0, 0.0, 0.0, 1.0],
                [0.984587, 0.160506, -0.069462, -0.0, 0.02083, 0.286723, 0.957787, 0.37472, 0.173647, -0.944472, 0.27896, 0.0, 0.0, 0.0, 0.0, 1.0],
                [0.987346, 0.121203, -0.102272, -0.0, 0.026869, 0.50772, 0.861104, 0.37472, 0.156294, -0.852954, 0.498039, -0.0, 0.0, 0.0, 0.0, 1.0]
            ]
        },
        {
            "name": "Knee_R",
            "time": [0.0, 0.1, 0.2, 0.25, 0.7],
            "transform": [
                [1.0, 0.0, -1e-06, 0.0, -1e-06, 0.0, -1.0, 0.37472, -0.0, 1.0, 0.0, 0.0, 0.0, 0.0, 0.0, 1.0],
                [1.0, 0.0, -1e-06, 0.0, -1e-06, 0.0, -1.0, 0.37472, -0.0, 1.0, 0.0, 0.0, 0.0, 0.0, 0.0, 1.0],
                [1.0, 0.0, -1e-06, 0.0, -1e-06, 0.0, -1.0, 0.37472, -0.0, 1.0, 0.0, -0.0, 0.0, 0.0, 0.0, 1.0],
                [1.0, 0.0, -1e-06, -0.0, -1e-06, 0.0, -1.0, 0.37472, -0.0, 1.0, 0.0, 0.0, 0.0, 0.0, 0.0, 1.0],
                [1.0, 0.0, -1e-06, -0.0, -1e-06, 0.0, -1.0, 0.37472, -0.0, 1.0, 0.0, -0.0, 0.0, 0.0, 0.0, 1.0]
            ]
        },
        {
            "name": "Thigh_L",
            "time": [0.0, 0.1, 0.15, 0.2, 0.25, 0.7],
            "transform": [
                [0.70571, -0.697128, -0.126422, -0.125006, -0.572984, -0.666522, 0.4769, -0.002831, -0.416724, -0.264116, -0.869816, -1.2e-05, 0.0, 0.0, 0.0, 1.0],
                [0.830441, -0.353149, -0.430873, -0.125006, -0.203513, -0.912264, 0.355463, -0.002831, -0.518601, -0.207503, -0.829453, -1.2e-05, 0.0, 0.0, 0.0, 1.0],
                [0.884459, -0.052467, -0.463658, -0.125006, -0.043631, -0.998604, 0.029771, -0.002831, -0.464573, -0.006101, -0.885513, -1.2e-05, 0.0, 0.0, 0.0, 1.0],
                [0.917651, -0.295509, 0.265693, -0.125006, -0.334146, -0.935676, 0.113396, -0.002831, 0.215093, -0.192838, -0.957366, -1.2e-05, 0.0, 0.0, 0.0, 1.0],
                [0.871014, -0.481858, 0.095631, -0.125006, -0.455183, -0.718398, 0.526033, -0.002831, -0.184772, -0.501712, -0.845069, -1.2e-05, 0.0, 0.0, 0.0, 1.0],
                [0.922758, -0.328152, 0.202071, -0.125007, -0.364737, -0.574342, 0.732868, -0.002831, -0.124434, -0.749962, -0.649669, -1.2e-05, 0.0, 0.0, 0.0, 1.0]
            ]
        },
        {
            "name": "Leg_L",
            "time": [0.0, 0.1, 0.15, 0.2, 0.25, 0.7],
            "transform": [
                [0.982815, -0.147574, 0.110891, 0.0, -0.062618, 0.298581, 0.952328, 0.37472, -0.173649, -0.942906, 0.284209, -0.0, 0.0, 0.0, 0.0, 1.0],
                [0.988917, 0.087588, 0.119875, 0.0, -0.12181, 0.017072, 0.992406, 0.37472, 0.084877, -0.99601, 0.027552, -0.0, 0.0, 0.0, 0.0, 1.0],
                [0.986267, 0.161783, 0.033206, -0.0, -0.112219, 0.508943, 0.853454, 0.37472, 0.121174, -0.84546, 0.520109, 0.0, 0.0, 0.0, 0.0, 1.0],
                [0.996676, -0.026236, 0.077125, -0.0, -0.051338, 0.532808, 0.844677, 0.37472, -0.063254, -0.84583, 0.52969, -0.0, 0.0, 0.0, 0.0, 1.0],
                [0.996923, -0.00641, 0.078116, 0.0, -0.042467, 0.793505, 0.60708, 0.37472, -0.065877, -0.608531, 0.790791, -0.0, 0.0, 0.0, 0.0, 1.0],
                [0.995842, 0.043788, 0.079886, 0.0, -0.089265, 0.644114, 0.759702, 0.37472, -0.01819, -0.763674, 0.645345, 0.0, 0.0, 0.0, 0.0, 1.0]
            ]
        },
        {
            "name": "Knee_L",
            "time": [0.0, 0.1, 0.2, 0.25, 0.7],
            "transform": [
                [1.0, -0.0, 0.0, 0.0, 0.0, 0.0, -1.0, 0.37472, 0.0, 1.0, 0.0, -0.0, 0.0, 0.0, 0.0, 1.0],
                [1.0, -0.0, 0.0, 0.0, 0.0, 0.0, -1.0, 0.37472, 0.0, 1.0, 0.0, -0.0, 0.0, 0.0, 0.0, 1.0],
                [1.0, -0.0, 0.0, -0.0, 0.0, 0.0, -1.0, 0.37472, 0.0, 1.0, 0.0, -0.0, 0.0, 0.0, 0.0, 1.0],
                [1.0, -0.0, 0.0, 0.0, 0.0, 0.0, -1.0, 0.37472, 0.0, 1.0, 0.0, -0.0, 0.0, 0.0, 0.0, 1.0],
                [1.0, -0.0, 0.0, 0.0, 0.0, 0.0, -1.0, 0.37472, 0.0, 1.0, 0.0, 0.0, 0.0, 0.0, 0.0, 1.0]
            ]
        },
        {
            "name": "Torso",
            "time": [0.0, 0.1, 0.2, 0.25, 0.7],
            "transform": [
                [0.949206, -0.314652, 0.000817, -0.0, 0.314653, 0.949203, -0.002465, 0.05, -0.0, 0.002596, 0.999996, -0.0, 0.0, 0.0, 0.0, 1.0],
                [0.94407, -0.32876, -0.025454, 0.0, 0.329744, 0.941253, 0.072876, 0.05, 0.0, -0.077194, 0.997016, 0.0, 0.0, 0.0, 0.0, 1.0],
                [0.998928, 0.046133, 0.003803, 0.0, -0.046289, 0.995551, 0.082066, 0.05, 0.0, -0.082154, 0.99662, 0.0, 0.0, 0.0, 0.0, 1.0],
                [0.949865, 0.312658, -0.000664, -0.0, -0.312659, 0.949863, -0.002018, 0.05, 0.0, 0.002125, 0.999997, 0.0, 0.0, 0.0, 0.0, 1.0],
                [1.0, 0.000616, -0.000138, -0.0, -0.000632, 0.975759, -0.218844, 0.05, 0.0, 0.218844, 0.97576, 0.0, 0.0, 0.0, 0.0, 1.0]
            ]
        },
        {
            "name": "Chest",
            "time": [0.0, 0.1, 0.2, 0.25, 0.7],
            "transform": [
                [0.688687, 0.079609, -0.720676, -0.0, 0.160345, 0.952621, 0.258459, 0.3, 0.707106, -0.293554, 0.643294, -0.0, 0.0, 0.0, 0.0, 1.0],
                [0.557116, -0.020683, -0.830177, 0.0, 0.435456, 0.858501, 0.270838, 0.3, 0.707106, -0.512393, 0.487292, 0.0, 0.0, 0.0, 0.0, 1.0],
                [0.83898, 0.027232, -0.54348, 0.0, 0.100294, 0.973898, 0.203624, 0.3, 0.534839, -0.225344, 0.814351, -0.0, 0.0, 0.0, 0.0, 1.0],
                [0.98379, -0.106192, -0.144496, -0.0, 0.145385, 0.94404, 0.296058, 0.3, 0.104971, -0.312266, 0.944178, -0.0, 0.0, 0.0, 0.0, 1.0],
                [0.965601, 0.12183, -0.229721, -0.0, -0.003585, 0.8896, 0.456726, 0.3, 0.260003, -0.440191, 0.859437, 0.0, 0.0, 0.0, 0.0, 1.0]
            ]
        },
        {
            "name": "Head",
            "time": [0.0, 0.1, 0.2, 0.25, 0.7],
            "transform": [
                [-0.38881, 0.161827, 0.906995, 0.0, 0.151919, 0.982238, -0.110128, 0.4, -0.908705, 0.094971, -0.406489, -0.0, 0.0, 0.0, 0.0, 1.0],
                [-0.684292, 0.161827, 0.711024, 0.0, 0.181037, 0.982238, -0.049323, 0.4, -0.706376, 0.094971, -0.701435, -0.0, 0.0, 0.0, 0.0, 1.0],
                [0.99754, 0.070043, 0.00295, 0.0, -0.069747, 0.995815, -0.059066, 0.4, -0.007075, 0.058715, 0.99825, -0.0, 0.0, 0.0, 0.0, 1.0],
                [0.658679, -0.036175, -0.751555, 0.0, -0.150763, 0.972242, -0.178931, 0.4, 0.737165, 0.231164, 0.634941, -0.0, 0.0, 0.0, 0.0, 1.0],
                [0.587032, 0.034259, -0.808839, 0.0, -0.190877, 0.976794, -0.09716, 0.4, 0.786739, 0.211424, 0.579948, 0.0, 0.0, 0.0, 0.0, 1.0]
            ]
        },
        {
            "name": "Shoulder_R",
            "time": [0.0, 0.1, 0.2, 0.25, 0.7],
            "transform": [
                [0.448098, 0.797879, 0.403236, 0.0, -0.119937, -0.393324, 0.911543, 0.4, 0.885905, -0.456823, -0.080552, -0.0, 0.0, 0.0, 0.0, 1.0],
                [0.448098, 0.797879, 0.403237, 0.0, -0.119937, -0.393324, 0.911543, 0.4, 0.885905, -0.456823, -0.080552, -0.0, 0.0, 0.0, 0.0, 1.0],
                [0.240029, 0.876586, 0.417115, 0.0, -0.064245, -0.41439, 0.907829, 0.4, 0.968639, -0.244703, -0.043149, -0.0, 0.0, 0.0, 0.0, 1.0],
                [0.241346, 0.9652, 0.100715, 0.0, -0.064598, -0.087574, 0.994061, 0.4, 0.968289, -0.246418, 0.041214, -0.0, 0.0, 0.0, 0.0, 1.0],
                [0.14859, 0.961296, 0.232016, 0.0, -0.03977, -0.228622, 0.972702, 0.4, 0.988101, -0.153761, 0.00426, 0.0, 0.0, 0.0, 0.0, 1.0]
            ]
        },
        {
            "name": "Arm_R",
            "time": [0.0, 0.1, 0.15, 0.2, 0.25, 0.7],
            "transform": [
                [-0.086744, -0.591619, -0.801537, 0.0, -0.341242, 0.77354, -0.534029, 0.388385, 0.935965, 0.227193, -0.268986, 0.0, 0.0, 0.0, 0.0, 1.0],
                [0.241279, -0.507423, -0.827228, 0.0, -0.318902, 0.763613, -0.561421, 0.388385, 0.916562, 0.399262, 0.022426, 0.0, 0.0, 0.0, 0.0, 1.0],
                [0.362911, -0.363049, -0.858191, -0.0, -0.567664, 0.644214, -0.512585, 0.388385, 0.738954, 0.673184, 0.027703, 0.0, 0.0, 0.0, 0.0, 1.0],
                [0.289136, -0.920553, -0.262633, -0.0, -0.765627, -0.057686, -0.640694, 0.388385, 0.574644, 0.386325, -0.721483, 0.0, 0.0, 0.0, 0.0, 1.0],
                [0.292668, -0.188996, -0.937352, -0.0, -0.653641, 0.675939, -0.340376, 0.388385, 0.697922, 0.712307, 0.074291, 0.0, 0.0, 0.0, 0.0, 1.0],
                [0.587079, -0.15738, -0.794085, 0.0, -0.296203, 0.871136, -0.391641, 0.388385, 0.753391, 0.465134, 0.464812, -0.0, 0.0, 0.0, 0.0, 1.0]
            ]
        },
        {
            "name": "Hand_R",
            "time": [0.0, 0.1, 0.15, 0.2, 0.25, 0.7],
            "transform": [
                [0.994091, -0.039778, 0.101003, 0.0, 0.104687, 0.597404, -0.795078, 0.33, -0.028713, 0.800949, 0.598041, 0.0, 0.0, 0.0, 0.0, 1.0],
                [0.994091, -0.039778, 0.101003, 0.0, 0.104687, 0.597404, -0.795078, 0.33, -0.028713, 0.800949, 0.598041, -0.0, 0.0, 0.0, 0.0, 1.0],
                [0.997366, -0.027199, 0.067237, -0.0, 0.065754, 0.730319, -0.679933, 0.33, -0.030611, 0.68256, 0.730188, -0.0, 0.0, 0.0, 0.0, 1.0],
                [1.0, 0.0, -0.0, 0.0, -0.0, 0.99196, 0.126522, 0.33, 0.0, -0.126521, 0.991966, -0.0, 0.0, 0.0, 0.0, 1.0],
                [0.999464, 0.032755, -0.00042, -0.0, -0.032686, 0.998033, 0.053433, 0.33, 0.00217, -0.05339, 0.998573, -0.0, 0.0, 0.0, 0.0, 1.0],
                [0.999228, 0.03846, -0.008109, 0.0, -0.039215, 0.989461, -0.139368, 0.33, 0.002664, 0.139577, 0.99021, 0.0, 0.0, 0.0, 0.0, 1.0]
            ]
        },
        {
            "name": "Tool_R",
            "time": [0.0, 0.1, 0.15, 0.2, 0.25, 0.7],
            "transform": [
                [1.0, -0.0, 0.0, 0.0, -0.0, -0.980043, -0.198763, 0.291204, 0.0, 0.198762, -0.980052, 0.0, 0.0, 0.0, 0.0, 1.0],
                [1.0, -0.0, 0.0, -0.0, -0.0, -0.980043, -0.198763, 0.291204, 0.0, 0.198762, -0.980052, 0.0, 0.0, 0.0, 0.0, 1.0],
                [1.0, -0.0, 0.0, 0.0, 0.0, -0.97323, -0.229817, 0.291204, 0.0, 0.229815, -0.973238, -0.0, 0.0, 0.0, 0.0, 1.0],
                [1.0, -0.0, 0.0, 0.0, -0.0, -0.258818, -0.96593, 0.291204, 0.0, 0.965922, -0.25882, 0.0, 0.0, 0.0, 0.0, 1.0],
                [1.0, -0.0, 0.0, -0.0, -0.0, -0.258818, -0.96593, 0.291204, 0.0, 0.965922, -0.25882, 0.0, 0.0, 0.0, 0.0, 1.0],
                [1.0, -0.0, 0.0, -0.0, -0.0, -0.271032, -0.962574, 0.291204, 0.0, 0.962566, -0.271034, 0.0, 0.0, 0.0, 0.0, 1.0]
            ]
        },
        {
            "name": "Elbow_R",
            "time": [0.0, 0.1, 0.2, 0.25, 0.7],
            "transform": [
                [-1.0, 0.0, 0.0, 0.0, -0.0, -0.0, -1.0, 0.33, -0.0, -1.0, -0.0, 0.0, 0.0, 0.0, 0.0, 1.0],
                [-1.0, 0.0, 0.0, -0.0, -0.0, 0.0, -1.0, 0.33, -0.0, -1.0, -0.0, 0.0, 0.0, 0.0, 0.0, 1.0],
                [-1.0, 0.0, 0.0, 0.0, -0.0, 0.0, -1.0, 0.33, -0.0, -1.0, -0.0, 0.0, 0.0, 0.0, 0.0, 1.0],
                [-1.0, 0.0, 0.0, -0.0, -0.0, 0.0, -1.0, 0.33, -0.0, -1.0, -0.0, 0.0, 0.0, 0.0, 0.0, 1.0],
                [-1.0, 0.0, 0.0, 0.0, -0.0, 0.0, -1.0, 0.33, -0.0, -1.0, -0.0, 0.0, 0.0, 0.0, 0.0, 1.0]
            ]
        },
        {
            "name": "Shoulder_L",
            "time": [0.0, 0.1, 0.2, 0.25, 0.7],
            "transform": [
                [0.419199, -0.812167, -0.405777, 0.0, 0.112211, -0.397167, 0.910861, 0.4, -0.900932, -0.427365, -0.075358, -0.0, 0.0, 0.0, 0.0, 1.0],
                [0.419199, -0.812167, -0.405777, 0.0, 0.112211, -0.397167, 0.910861, 0.4, -0.900932, -0.427365, -0.075358, -0.0, 0.0, 0.0, 0.0, 1.0],
                [0.482995, -0.778959, -0.399921, 0.0, 0.129288, -0.388278, 0.912428, 0.4, -0.866024, -0.492403, -0.086827, -0.0, 0.0, 0.0, 0.0, 1.0],
                [0.482995, -0.778959, -0.399921, 0.0, 0.129288, -0.388278, 0.912428, 0.4, -0.866024, -0.492403, -0.086826, -0.0, 0.0, 0.0, 0.0, 1.0],
                [0.482995, -0.778959, -0.399921, -0.0, 0.129288, -0.388278, 0.912428, 0.4, -0.866024, -0.492403, -0.086826, 0.0, 0.0, 0.0, 0.0, 1.0]
            ]
        },
        {
            "name": "Arm_L",
            "time": [0.0, 0.1, 0.2, 0.25, 0.7],
            "transform": [
                [-0.20752, 0.935435, 0.286176, 0.0, -0.547463, 0.131383, -0.826449, 0.388354, -0.810689, -0.328176, 0.484853, 0.0, 0.0, 0.0, 0.0, 1.0],
                [-0.199778, 0.977304, 0.070465, -0.0, -0.529221, -0.0471, -0.847172, 0.388355, -0.824627, -0.206537, 0.526621, -0.0, 0.0, 0.0, 0.0, 1.0],
                [-0.072234, 0.981873, 0.175237, -0.0, -0.53017, 0.111018, -0.840589, 0.388354, -0.844807, -0.153623, 0.512542, -0.0, 0.0, 0.0, 0.0, 1.0],
                [-0.129069, 0.753201, -0.645001, 0.0, -0.200363, -0.656836, -0.726924, 0.388354, -0.971182, 0.035413, 0.235691, 0.0, 0.0, 0.0, 0.0, 1.0],
                [-0.397978, 0.744573, -0.53593, -0.0, -0.176016, -0.635309, -0.751931, 0.388354, -0.90035, -0.204919, 0.383895, 0.0, 0.0, 0.0, 0.0, 1.0]
            ]
        },
        {
            "name": "Hand_L",
            "time": [0.0, 0.1, 0.2, 0.25, 0.7],
            "transform": [
                [0.996159, 0.099089, 0.066746, -0.0, -0.023291, 0.708081, -0.705904, 0.33, -0.117572, 0.699275, 0.705339, -0.0, 0.0, 0.0, 0.0, 1.0],
                [0.998283, 0.071013, 0.070864, -0.0, -0.019789, 0.831111, -0.555942, 0.33, -0.098679, 0.55172, 0.828351, -0.0, 0.0, 0.0, 0.0, 1.0],
                [1.001963, 0.052249, -0.004508, 0.0, -0.033405, 0.565325, -0.824336, 0.33, -0.040644, 0.823322, 0.566311, 0.0, 0.0, 0.0, 0.0, 1.0],
                [1.001042, 0.000387, 0.067714, 0.0, -4.7e-05, 1.00008, -0.005029, 0.33, -0.067932, 0.005012, 0.997821, -0.0, 0.0, 0.0, 0.0, 1.0],
                [0.972919, 0.001084, 0.244421, 0.0, 0.000283, 1.000077, -0.005551, 0.33, -0.245209, 0.00545, 0.969786, 0.0, 0.0, 0.0, 0.0, 1.0]
            ]
        },
        {
            "name": "Tool_L",
            "time": [0.0, 0.1, 0.2, 0.25, 0.7],
            "transform": [
                [0.999998, 0.000692, -0.001775, 0.0, 0.000697, -0.999994, 0.003278, 0.291204, -0.001773, -0.00328, -0.999993, 0.0, 0.0, 0.0, 0.0, 1.0],
                [0.999998, 0.000692, -0.001775, -0.0, 0.000697, -0.999994, 0.003278, 0.291204, -0.001773, -0.00328, -0.999993, 0.0, 0.0, 0.0, 0.0, 1.0],
                [0.999998, 0.000692, -0.001775, -0.0, 0.000697, -0.999994, 0.003278, 0.291204, -0.001773, -0.00328, -0.999993, 0.0, 0.0, 0.0, 0.0, 1.0],
                [0.999998, 0.000692, -0.001775, -0.0, 0.000697, -0.999994, 0.003278, 0.291204, -0.001773, -0.00328, -0.999993, 0.0, 0.0, 0.0, 0.0, 1.0],
                [0.999998, 0.000692, -0.001775, -0.0, 0.000697, -0.999994, 0.003278, 0.291203, -0.001773, -0.00328, -0.999993, 0.0, 0.0, 0.0, 0.0, 1.0]
            ]
        },
        {
            "name": "Elbow_L",
            "time": [0.0, 0.1, 0.2, 0.25, 0.7],
            "transform": [
                [-1.0, 0.0, -0.0, 0.0, 0.0, -0.0, -1.0, 0.33, -0.0, -1.0, 0.0, 0.0, 0.0, 0.0, 0.0, 1.0],
                [-1.0, 0.0, -0.0, 0.0, 0.0, -0.0, -1.0, 0.33, -0.0, -1.0, 0.0, 0.0, 0.0, 0.0, 0.0, 1.0],
                [-1.0, 0.0, -0.0, 0.0, 0.0, -0.0, -1.0, 0.33, -0.0, -1.0, 0.0, 0.0, 0.0, 0.0, 0.0, 1.0],
                [-1.0, 0.0, -0.0, 0.0, 0.0, -0.0, -1.0, 0.33, -0.0, -1.0, 0.0, -0.0, 0.0, 0.0, 0.0, 1.0],
                [-1.0, 0.0, -0.0, 0.0, 0.0, -0.0, -1.0, 0.33, -0.0, -1.0, 0.0, 0.0, 0.0, 0.0, 0.0, 1.0]
            ]
        }
    ]
}