{

    "animation": [
        {
            "name": "Root",
            "time": [0.0, 0.2, 0.25, 0.3, 0.5167, 0.7, 0.85],
            "transform": [
                [0.554922, -0.014617, -0.831774, -5e-06, -0.82568, 0.112385, -0.552831, 0.000946, 0.10156, 0.993557, 0.050297, 0.46688, 0.0, 0.0, 0.0, 1.0],
                [0.904412, -0.015775, -0.426369, -5e-06, -0.424936, 0.056453, -0.903461, 0.360946, 0.038322, 0.998281, 0.044353, 0.652861, 0.0, 0.0, 0.0, 1.0],
                [0.997723, 0.020047, 0.064402, -5e-06, 0.063306, 0.051201, -0.99668, 1.013924, -0.023278, 0.998487, 0.049815, 0.552737, 0.0, 0.0, 0.0, 1.0],
                [0.85311, 0.030578, 0.520835, -5e-06, 0.518795, 0.056051, -0.853059, 1.400946, -0.055279, 0.99796, 0.031954, 0.46935, 0.0, 0.0, 0.0, 1.0],
                [0.552159, 0.017225, 0.833561, -5e-06, 0.813444, 0.208122, -0.543134, 1.400946, -0.182838, 0.977951, 0.100905, 0.443755, 0.0, 0.0, 0.0, 1.0],
                [0.819205, 0.024821, 0.572964, -5e-06, 0.559748, 0.182878, -0.808231, 1.400946, -0.124844, 0.982822, 0.135921, 0.473755, 0.0, 0.0, 0.0, 1.0],
                [0.961046, 0.02326, 0.275406, -5e-06, 0.268378, 0.159605, -0.95, 1.400946, -0.066053, 0.986907, 0.147146, 0.473755, 0.0, 0.0, 0.0, 1.0]
            ]
        },
        {
            "name": "Thigh_R",
            "time": [0.0, 0.2, 0.25, 0.3, 0.5167, 0.7, 0.85],
            "transform": [
                [0.891317, 0.414243, -0.184265, 0.131232, 0.420703, -0.604193, 0.676726, -0.00394, 0.168997, -0.680699, -0.712802, 0.007725, 0.0, 0.0, 0.0, 1.0],
                [0.937238, 0.301718, -0.174785, 0.124994, 0.347714, -0.846158, 0.403869, -0.002831, -0.026041, -0.439297, -0.897963, -1.2e-05, 0.0, 0.0, 0.0, 1.0],
                [0.971744, 0.219281, -0.087345, 0.124994, 0.173865, -0.414704, 0.893191, -0.002831, 0.159637, -0.883139, -0.441112, -1.2e-05, 0.0, 0.0, 0.0, 1.0],
                [0.876646, 0.459031, -0.144152, 0.124994, 0.290045, -0.265149, 0.919548, -0.002831, 0.383879, -0.84793, -0.365582, -1.2e-05, 0.0, 0.0, 0.0, 1.0],
                [0.620139, 0.758754, -0.199297, 0.124994, 0.362063, -0.051449, 0.930732, -0.002831, 0.695943, -0.649342, -0.306623, -1.2e-05, 0.0, 0.0, 0.0, 1.0],
                [0.81529, 0.567208, -0.11652, 0.124994, 0.260382, -0.179379, 0.948695, -0.002831, 0.517207, -0.803802, -0.293937, -1.2e-05, 0.0, 0.0, 0.0, 1.0],
                [0.944423, 0.324344, -0.053532, 0.124994, 0.142022, -0.255711, 0.956264, -0.002831, 0.29647, -0.910721, -0.287564, -1.2e-05, 0.0, 0.0, 0.0, 1.0]
            ]
        },
        {
            "name": "Leg_R",
            "time": [0.0, 0.2, 0.25, 0.3, 0.5167, 0.7, 0.85],
            "transform": [
                [0.996811, 0.060541, -0.051996, 0.0, 0.028886, 0.33365, 0.942255, 0.37472, 0.074393, -0.940751, 0.330838, 0.0, 0.0, 0.0, 0.0, 1.0],
                [0.989704, -0.115308, -0.084782, 0.0, 0.123365, 0.386972, 0.913801, 0.37472, -0.072561, -0.914854, 0.397213, 0.0, 0.0, 0.0, 0.0, 1.0],
                [0.985583, -0.145986, 0.085522, 0.0, 0.053488, 0.748394, 0.661094, 0.37472, -0.160515, -0.646989, 0.745413, 0.0, 0.0, 0.0, 0.0, 1.0],
                [0.999095, -0.025074, -0.034359, 0.0, 0.04213, 0.472117, 0.880528, 0.37472, -0.005857, -0.881177, 0.472747, 0.0, 0.0, 0.0, 0.0, 1.0],
                [0.990362, 0.121663, -0.066196, -0.0, 0.028415, 0.289287, 0.956818, 0.37472, 0.13556, -0.949476, 0.283042, -0.0, 0.0, 0.0, 0.0, 1.0],
                [0.997944, 0.035803, -0.053144, 0.0, 0.017418, 0.646557, 0.762664, 0.37472, 0.061667, -0.762022, 0.644605, -0.0, 0.0, 0.0, 0.0, 1.0],
                [0.999639, -0.026858, -0.000422, 0.0, 0.017448, 0.637282, 0.770429, 0.37472, -0.020424, -0.770159, 0.637521, 0.0, 0.0, 0.0, 0.0, 1.0]
            ]
        },
        {
            "name": "Knee_R",
            "time": [0.0, 0.2, 0.25, 0.3, 0.5167, 0.85],
            "transform": [
                [1.0, 0.0, -1e-06, 0.0, -1e-06, 0.0, -1.0, 0.37472, -0.0, 1.0, 0.0, 0.0, 0.0, 0.0, 0.0, 1.0],
                [1.0, 0.0, -1e-06, 0.0, -1e-06, 0.0, -1.0, 0.37472, -0.0, 1.0, 0.0, 0.0, 0.0, 0.0, 0.0, 1.0],
                [1.0, 0.0, -1e-06, 0.0, -1e-06, 0.0, -1.0, 0.37472, -0.0, 1.0, 0.0, 0.0, 0.0, 0.0, 0.0, 1.0],
                [1.0, 0.0, -1e-06, 0.0, -1e-06, 0.0, -1.0, 0.37472, -0.0, 1.0, 0.0, 0.0, 0.0, 0.0, 0.0, 1.0],
                [1.0, 0.0, -1e-06, -0.0, -1e-06, 0.0, -1.0, 0.37472, -0.0, 1.0, 0.0, -0.0, 0.0, 0.0, 0.0, 1.0],
                [1.0, 0.0, -1e-06, 0.0, -1e-06, 0.0, -1.0, 0.37472, -0.0, 1.0, 0.0, 0.0, 0.0, 0.0, 0.0, 1.0]
            ]
        },
        {
            "name": "Thigh_L",
            "time": [0.0, 0.2, 0.25, 0.3, 0.5167, 0.7, 0.85],
            "transform": [
                [0.728757, -0.639441, 0.245002, -0.125006, -0.568126, -0.364854, 0.737639, -0.002831, -0.382287, -0.676753, -0.629174, -1.2e-05, 0.0, 0.0, 0.0, 1.0],
                [0.954009, -0.285861, 0.090272, -0.125006, -0.281416, -0.750241, 0.598283, -0.002831, -0.1033, -0.596172, -0.796183, -1.2e-05, 0.0, 0.0, 0.0, 1.0],
                [0.994136, -0.085507, 0.066199, -0.125006, -0.060376, -0.946766, -0.316211, -0.002831, 0.089713, 0.31036, -0.946376, -1.2e-05, 0.0, 0.0, 0.0, 1.0],
                [0.913789, -0.389871, 0.113985, -0.125006, -0.395121, -0.918236, 0.026881, -0.002831, 0.094185, -0.069601, -0.99312, -1.2e-05, 0.0, 0.0, 0.0, 1.0],
                [0.886967, -0.455113, 0.078493, -0.125006, -0.415898, -0.713238, 0.5642, -0.00283, -0.20079, -0.533072, -0.8219, -1.2e-05, 0.0, 0.0, 0.0, 1.0],
                [0.948406, -0.302169, 0.096022, -0.125006, -0.293055, -0.719844, 0.62924, -0.002831, -0.121016, -0.624915, -0.771257, -1.2e-05, 0.0, 0.0, 0.0, 1.0],
                [0.970453, -0.236487, -0.04791, -0.125006, -0.097832, -0.567141, 0.81779, -0.002831, -0.220568, -0.788939, -0.573519, -1.2e-05, 0.0, 0.0, 0.0, 1.0]
            ]
        },
        {
            "name": "Leg_L",
            "time": [0.0, 0.2, 0.25, 0.3, 0.5167, 0.7, 0.85],
            "transform": [
                [0.981022, -0.106351, 0.162125, -0.0, -0.086263, 0.509448, 0.856167, 0.37472, -0.173649, -0.853904, 0.490606, -0.0, 0.0, 0.0, 0.0, 1.0],
                [0.975672, 0.155403, 0.154638, 0.0, -0.218925, 0.653264, 0.724788, 0.37472, 0.011615, -0.74101, 0.671393, 0.0, 0.0, 0.0, 0.0, 1.0],
                [0.999752, 0.022144, -0.001234, 0.0, -0.01788, 0.837638, 0.545934, 0.37472, 0.013123, -0.54578, 0.837825, -0.0, 0.0, 0.0, 0.0, 1.0],
                [0.990047, -0.108198, 0.089996, 0.0, -0.017281, 0.541172, 0.840734, 0.37472, -0.139669, -0.833922, 0.533917, -0.0, 0.0, 0.0, 0.0, 1.0],
                [0.985352, -0.136621, 0.102047, 0.0, -0.042605, 0.382209, 0.923094, 0.37472, -0.165117, -0.91392, 0.37079, 0.0, 0.0, 0.0, 0.0, 1.0],
                [0.999187, 0.031778, 0.024814, 0.0, -0.0272, 0.076985, 0.996662, 0.37472, 0.029761, -0.996526, 0.077787, -0.0, 0.0, 0.0, 0.0, 1.0],
                [0.988694, 0.148899, -0.017713, 0.0, -0.017258, 0.230334, 0.972959, 0.37472, 0.148953, -0.961652, 0.2303, 0.0, 0.0, 0.0, 0.0, 1.0]
            ]
        },
        {
            "name": "Knee_L",
            "time": [0.0, 0.2, 0.25, 0.3, 0.5167, 0.85],
            "transform": [
                [1.0, -0.0, 0.0, -0.0, 0.0, 0.0, -1.0, 0.37472, 0.0, 1.0, 0.0, -0.0, 0.0, 0.0, 0.0, 1.0],
                [1.0, -0.0, 0.0, 0.0, 0.0, 0.0, -1.0, 0.37472, 0.0, 1.0, 0.0, 0.0, 0.0, 0.0, 0.0, 1.0],
                [1.0, -0.0, 0.0, 0.0, 0.0, 0.0, -1.0, 0.37472, 0.0, 1.0, 0.0, -0.0, 0.0, 0.0, 0.0, 1.0],
                [1.0, -0.0, 0.0, 0.0, 0.0, 0.0, -1.0, 0.37472, 0.0, 1.0, 0.0, -0.0, 0.0, 0.0, 0.0, 1.0],
                [1.0, -0.0, 0.0, 0.0, 0.0, 0.0, -1.0, 0.37472, 0.0, 1.0, 0.0, 0.0, 0.0, 0.0, 0.0, 1.0],
                [1.0, -0.0, 0.0, 0.0, 0.0, 0.0, -1.0, 0.37472, 0.0, 1.0, 0.0, 0.0, 0.0, 0.0, 0.0, 1.0]
            ]
        },
        {
            "name": "Torso",
            "time": [0.0, 0.2, 0.25, 0.3, 0.5167, 0.7, 0.85],
            "transform": [
                [0.94407, -0.32876, -0.025454, -0.0, 0.329744, 0.941253, 0.072876, 0.05, 0.0, -0.077194, 0.997016, -0.0, 0.0, 0.0, 0.0, 1.0],
                [0.992976, 0.117037, -0.017394, 0.0, -0.118322, 0.982189, -0.145971, 0.05, -0.0, 0.147004, 0.989135, 0.0, 0.0, 0.0, 0.0, 1.0],
                [0.998254, -0.051589, -0.028771, -0.0, 0.05907, 0.871839, 0.48622, 0.05, -0.0, -0.487071, 0.873363, 0.0, 0.0, 0.0, 0.0, 1.0],
                [0.93993, 0.315936, 0.129289, -0.0, -0.341367, 0.869909, 0.355989, 0.05, 0.0, -0.37874, 0.925503, 0.0, 0.0, 0.0, 0.0, 1.0],
                [0.944583, 0.320392, 0.071501, -0.0, -0.328273, 0.921905, 0.20574, 0.05, 0.0, -0.21781, 0.975992, 0.0, 0.0, 0.0, 0.0, 1.0],
                [0.95142, 0.303061, 0.054351, 0.0, -0.307896, 0.93648, 0.16795, 0.05, -0.0, -0.176525, 0.984297, -0.0, 0.0, 0.0, 0.0, 1.0],
                [0.976135, 0.215742, 0.024819, 0.0, -0.217165, 0.96974, 0.111557, 0.05, -0.0, -0.114284, 0.993449, -0.0, 0.0, 0.0, 0.0, 1.0]
            ]
        },
        {
            "name": "Chest",
            "time": [0.0, 0.2, 0.25, 0.3, 0.5167, 0.7, 0.85],
            "transform": [
                [0.688687, 0.079609, -0.720676, -0.0, 0.160345, 0.952621, 0.258459, 0.3, 0.707106, -0.293554, 0.643294, 0.0, 0.0, 0.0, 0.0, 1.0],
                [0.656346, -0.163015, -0.736637, -0.0, 0.263077, 0.964549, 0.020952, 0.3, 0.707107, -0.207545, 0.675961, 0.0, 0.0, 0.0, 0.0, 1.0],
                [0.858288, 0.027632, 0.512422, -0.0, 0.011678, 0.997239, -0.073337, 0.3, -0.513033, 0.068928, 0.855596, 0.0, 0.0, 0.0, 0.0, 1.0],
                [0.758483, -0.080209, 0.646737, 0.0, 0.031037, 0.995717, 0.08709, 0.3, -0.650952, -0.045983, 0.757725, -0.0, 0.0, 0.0, 0.0, 1.0],
                [0.711271, -0.039819, 0.701789, -0.0, -0.064945, 0.990401, 0.122017, 0.3, -0.69991, -0.132365, 0.701859, -0.0, 0.0, 0.0, 0.0, 1.0],
                [0.787924, 0.018809, 0.615484, 0.0, -0.14605, 0.97672, 0.157122, 0.3, -0.5982, -0.213692, 0.77233, 0.0, 0.0, 0.0, 0.0, 1.0],
                [0.843089, -0.058201, 0.534616, 0.0, -0.080636, 0.969205, 0.232676, 0.3, -0.531694, -0.239276, 0.812434, 0.0, 0.0, 0.0, 0.0, 1.0]
            ]
        },
        {
            "name": "Head",
            "time": [0.0, 0.2, 0.25, 0.3, 0.5167, 0.85],
            "transform": [
                [0.065035, 0.161827, 0.984674, 0.0, 0.085415, 0.982238, -0.167068, 0.4, -0.99422, 0.094971, 0.050058, -0.0, 0.0, 0.0, 0.0, 1.0],
                [0.508923, 0.0, 0.86081, 0.0, 0.0, 1.0, -1e-06, 0.4, -0.860813, 0.0, 0.508924, -0.0, 0.0, 0.0, 0.0, 1.0],
                [0.849893, -0.124204, -0.512108, 0.0, -0.006928, 0.969107, -0.246541, 0.4, 0.526909, 0.213082, 0.822777, 0.0, 0.0, 0.0, 0.0, 1.0],
                [0.35632, -0.090947, -0.929928, 0.0, 0.028923, 0.995848, -0.086312, 0.4, 0.933916, 0.003858, 0.357471, 0.0, 0.0, 0.0, 0.0, 1.0],
                [-0.086593, -0.16981, -0.981666, 0.0, 0.063979, 0.982384, -0.175578, 0.4, 0.994187, -0.07801, -0.074203, -0.0, 0.0, 0.0, 0.0, 1.0],
                [0.749807, -0.122006, -0.650312, 0.0, 0.057512, 0.99115, -0.11964, 0.4, 0.659151, 0.052306, 0.750188, 0.0, 0.0, 0.0, 0.0, 1.0]
            ]
        },
        {
            "name": "Shoulder_R",
            "time": [0.0, 0.2, 0.25, 0.3, 0.5167, 0.85],
            "transform": [
                [0.448098, 0.797879, 0.403236, 0.0, -0.119937, -0.393324, 0.911543, 0.4, 0.885905, -0.456823, -0.080552, -0.0, 0.0, 0.0, 0.0, 1.0],
                [0.318696, 0.942955, 0.096281, 0.0, -0.085301, -0.072633, 0.993704, 0.4, 0.944013, -0.324902, 0.057287, -0.0, 0.0, 0.0, 0.0, 1.0],
                [0.416774, 0.903121, 0.103304, 0.0, -0.111553, -0.061971, 0.991824, 0.4, 0.902143, -0.424889, 0.074918, 0.0, 0.0, 0.0, 0.0, 1.0],
                [0.482999, 0.865993, 0.129487, 0.0, -0.129279, -0.075733, 0.988712, 0.4, 0.866029, -0.494285, 0.075376, 0.0, 0.0, 0.0, 0.0, 1.0],
                [0.444206, 0.826621, 0.345511, 0.0, -0.118896, -0.327846, 0.937219, 0.4, 0.888003, -0.457396, -0.04735, -0.0, 0.0, 0.0, 0.0, 1.0],
                [0.464243, 0.82087, 0.33264, 0.0, -0.124259, -0.311486, 0.942091, 0.4, 0.876951, -0.478691, -0.042605, 0.0, 0.0, 0.0, 0.0, 1.0]
            ]
        },
        {
            "name": "Arm_R",
            "time": [0.0, 0.2, 0.2333, 0.25, 0.3, 0.5167, 0.7, 0.85],
            "transform": [
                [0.661346, -0.589769, -0.463457, 0.0, 0.703867, 0.701489, 0.111726, 0.388385, 0.259218, -0.400099, 0.87905, -0.0, 0.0, 0.0, 0.0, 1.0],
                [0.686754, -0.624975, 0.371175, 0.0, 0.723726, 0.635469, -0.269065, 0.388385, -0.067711, 0.453411, 0.888723, 0.0, 0.0, 0.0, 0.0, 1.0],
                [0.80681, -0.588115, -0.056322, -0.0, 0.488697, 0.717903, -0.495768, 0.388385, 0.332002, 0.372468, 0.866625, -0.0, 0.0, 0.0, 0.0, 1.0],
                [0.050072, -0.87092, -0.488864, -0.0, 0.690835, 0.383693, -0.612798, 0.388385, 0.72127, -0.307041, 0.620878, -0.0, 0.0, 0.0, 0.0, 1.0],
                [0.139285, -0.604481, -0.784346, -0.0, 0.924524, 0.363134, -0.115685, 0.388385, 0.354753, -0.709032, 0.609441, -0.0, 0.0, 0.0, 0.0, 1.0],
                [0.103633, -0.517245, -0.849539, 0.0, 0.992645, 0.10752, 0.055626, 0.388385, 0.06257, -0.849053, 0.524586, -0.0, 0.0, 0.0, 0.0, 1.0],
                [-0.088128, -0.631364, -0.770462, -0.0, 0.810245, 0.404484, -0.42414, 0.388385, 0.579428, -0.661639, 0.475915, -0.0, 0.0, 0.0, 0.0, 1.0],
                [-0.278103, -0.63223, -0.723148, -0.0, 0.746319, 0.331723, -0.577034, 0.388385, 0.604704, -0.700171, 0.379594, -0.0, 0.0, 0.0, 0.0, 1.0]
            ]
        },
        {
            "name": "Hand_R",
            "time": [0.0, 0.2, 0.2167, 0.25, 0.3, 0.5167, 0.7, 0.85],
            "transform": [
                [0.994091, -0.08786, 0.063754, 0.0, 0.104687, 0.931271, -0.348954, 0.33, -0.028713, 0.353564, 0.934971, -0.0, 0.0, 0.0, 0.0, 1.0],
                [0.591872, -0.500951, 0.631455, 0.0, 0.800976, 0.453125, -0.391296, 0.33, -0.090107, 0.737379, 0.669444, -0.0, 0.0, 0.0, 0.0, 1.0],
                [0.397426, -0.083587, 0.91382, -0.0, 0.544976, 0.822698, -0.161763, 0.33, -0.738274, 0.5623, 0.372516, -0.0, 0.0, 0.0, 0.0, 1.0],
                [0.002077, 0.4348, 0.900526, -0.0, 0.088527, 0.89691, -0.43326, 0.33, -0.996071, 0.080621, -0.036629, 0.0, 0.0, 0.0, 0.0, 1.0],
                [0.123657, -0.156923, 0.979842, -0.0, 0.247596, 0.961063, 0.122671, 0.33, -0.96094, 0.227434, 0.157697, -0.0, 0.0, 0.0, 0.0, 1.0],
                [0.308742, -0.131438, 0.942023, 0.0, 0.054648, 0.991218, 0.120393, 0.33, -0.949573, 0.014309, 0.313216, -0.0, 0.0, 0.0, 0.0, 1.0],
                [-0.042772, -0.104904, 0.993565, -0.0, 0.28429, 0.952081, 0.112764, 0.33, -0.957783, 0.287283, -0.010899, 0.0, 0.0, 0.0, 0.0, 1.0],
                [-0.029298, -0.139186, 0.989835, -0.0, 0.274841, 0.950965, 0.141856, 0.33, -0.961043, 0.276202, 0.010393, -0.0, 0.0, 0.0, 0.0, 1.0]
            ]
        },
        {
            "name": "Tool_R",
            "time": [0.0, 0.2, 0.25, 0.3, 0.5167, 0.7, 0.85],
            "transform": [
                [1.0, -0.0, 0.0, -0.0, -0.0, -0.980043, -0.198763, 0.291204, 0.0, 0.198762, -0.980052, 0.0, 0.0, 0.0, 0.0, 1.0],
                [1.000001, 0.0, 0.0, -0.0, 0.0, -0.988543, 0.150941, 0.291203, 0.0, -0.150941, -0.988541, 0.0, 0.0, 0.0, 0.0, 1.0],
                [1.0, -0.0, 0.0, 0.0, 0.0, -0.963885, -0.26632, 0.291204, 0.0, 0.26632, -0.963883, 0.0, 0.0, 0.0, 0.0, 1.0],
                [0.999999, -0.0, 0.0, 0.0, 0.0, -0.993884, -0.110441, 0.291204, 0.0, 0.110442, -0.99388, 0.0, 0.0, 0.0, 0.0, 1.0],
                [0.999999, 0.0, 0.0, 0.0, 0.0, -0.968998, 0.247073, 0.291204, 0.0, -0.247074, -0.968994, 0.0, 0.0, 0.0, 0.0, 1.0],
                [1.0, -0.0, 0.0, -0.0, 0.0, -0.99769, -0.067938, 0.291204, 0.0, 0.067938, -0.99769, 0.0, 0.0, 0.0, 0.0, 1.0],
                [1.0, 0.0, 0.0, -0.0, -0.0, -0.999846, -0.017576, 0.291204, 0.0, 0.017576, -0.999846, 0.0, 0.0, 0.0, 0.0, 1.0]
            ]
        },
        {
            "name": "Elbow_R",
            "time": [0.0, 0.2, 0.25, 0.3, 0.5167, 0.85],
            "transform": [
                [-1.0, 0.0, 0.0, -0.0, -0.0, 0.0, -1.0, 0.33, -0.0, -1.0, -0.0, 0.0, 0.0, 0.0, 0.0, 1.0],
                [-1.0, 0.0, 0.0, 0.0, -0.0, 0.0, -1.0, 0.33, -0.0, -1.0, -0.0, 0.0, 0.0, 0.0, 0.0, 1.0],
                [-1.0, 0.0, 0.0, -0.0, -0.0, 0.0, -1.0, 0.33, -0.0, -1.0, -0.0, 0.0, 0.0, 0.0, 0.0, 1.0],
                [-1.0, 0.0, 0.0, -0.0, -0.0, 0.0, -1.0, 0.33, -0.0, -1.0, -0.0, 0.0, 0.0, 0.0, 0.0, 1.0],
                [-1.0, 0.0, 0.0, 0.0, -0.0, 0.0, -1.0, 0.33, -0.0, -1.0, -0.0, 0.0, 0.0, 0.0, 0.0, 1.0],
                [-1.0, 0.0, 0.0, -0.0, -0.0, -0.0, -1.0, 0.33, -0.0, -1.0, -0.0, 0.0, 0.0, 0.0, 0.0, 1.0]
            ]
        },
        {
            "name": "Shoulder_L",
            "time": [0.0, 0.2, 0.25, 0.3, 0.5167, 0.85],
            "transform": [
                [0.419199, -0.812167, -0.405777, -0.0, 0.112211, -0.397167, 0.910861, 0.4, -0.900932, -0.427365, -0.075358, -0.0, 0.0, 0.0, 0.0, 1.0],
                [0.482994, -0.868762, -0.109383, -0.0, 0.129288, -0.052794, 0.990203, 0.4, -0.866022, -0.492403, 0.086822, -0.0, 0.0, 0.0, 0.0, 1.0],
                [0.482994, -0.778958, -0.399921, -0.0, 0.129288, -0.388278, 0.912427, 0.4, -0.866023, -0.492403, -0.086826, 0.0, 0.0, 0.0, 0.0, 1.0],
                [0.482994, -0.778958, -0.399921, -0.0, 0.129288, -0.388278, 0.912427, 0.4, -0.866023, -0.492403, -0.086826, 0.0, 0.0, 0.0, 0.0, 1.0],
                [0.482995, -0.778958, -0.399921, 0.0, 0.129288, -0.388278, 0.912428, 0.4, -0.866024, -0.492403, -0.086826, -0.0, 0.0, 0.0, 0.0, 1.0],
                [0.333652, -0.847862, -0.412071, 0.0, 0.089311, -0.406722, 0.909175, 0.4, -0.938454, -0.340151, -0.05998, 0.0, 0.0, 0.0, 0.0, 1.0]
            ]
        },
        {
            "name": "Arm_L",
            "time": [0.0, 0.2, 0.25, 0.3, 0.5167, 0.85],
            "transform": [
                [-0.201823, 0.85757, 0.473118, 0.0, -0.868802, 0.066255, -0.490704, 0.388354, -0.45216, -0.510082, 0.731688, -0.0, 0.0, 0.0, 0.0, 1.0],
                [-0.173794, 0.970532, 0.166859, -0.0, -0.923, -0.101463, -0.37117, 0.388354, -0.343316, -0.218532, 0.913448, -0.0, 0.0, 0.0, 0.0, 1.0],
                [-0.215077, 0.976175, -0.028659, -0.0, -0.313294, -0.096762, -0.944709, 0.388355, -0.924976, -0.194208, 0.326644, -0.0, 0.0, 0.0, 0.0, 1.0],
                [-0.563366, 0.780544, 0.270851, -0.0, -0.447204, -0.012439, -0.894341, 0.388354, -0.694707, -0.624974, 0.356073, -0.0, 0.0, 0.0, 0.0, 1.0],
                [-0.648558, 0.463422, 0.603829, 0.0, -0.401575, 0.46558, -0.788649, 0.388354, -0.646608, -0.753971, -0.115859, 0.0, 0.0, 0.0, 0.0, 1.0],
                [-0.373338, 0.773307, 0.51246, 0.0, -0.714715, 0.112411, -0.690318, 0.388355, -0.591435, -0.623988, 0.510729, -0.0, 0.0, 0.0, 0.0, 1.0]
            ]
        },
        {
            "name": "Hand_L",
            "time": [0.0, 0.2, 0.25, 0.3, 0.5167, 0.7, 0.85],
            "transform": [
                [0.999442, 0.001078, 0.088113, 0.0, -0.000623, 1.000077, -0.005247, 0.33, -0.088397, 0.005172, 0.996227, -0.0, 0.0, 0.0, 0.0, 1.0],
                [0.963997, 0.26843, -0.027724, -0.0, -0.240477, 0.805971, -0.541333, 0.33, -0.123056, 0.527913, 0.840566, -0.0, 0.0, 0.0, 0.0, 1.0],
                [0.999115, 0.001884, 0.053783, -0.0, -0.001563, 1.000062, -0.006062, 0.33, -0.05381, 0.005972, 0.998628, 0.0, 0.0, 0.0, 0.0, 1.0],
                [0.998475, 4.2e-05, 0.055213, -0.0, 0.000221, 0.999988, -0.004847, 0.33, -0.055209, 0.004858, 0.998461, -0.0, 0.0, 0.0, 0.0, 1.0],
                [0.986713, 0.157501, -0.039867, 0.0, -0.156417, 0.85457, -0.495223, 0.33, -0.043927, 0.494884, 0.867848, 0.0, 0.0, 0.0, 0.0, 1.0],
                [0.998645, 0.00363, -0.051899, -0.0, -0.003934, 0.999972, -0.005701, 0.33, 0.051881, 0.005896, 0.998642, 0.0, 0.0, 0.0, 0.0, 1.0],
                [0.999969, 0.001721, 0.007577, -0.0, -0.00168, 0.999979, -0.005686, 0.33, -0.007581, 0.005673, 0.999962, 0.0, 0.0, 0.0, 0.0, 1.0]
            ]
        },
        {
            "name": "Tool_L",
            "time": [0.0, 0.2, 0.25, 0.3, 0.5167, 0.85],
            "transform": [
                [0.999998, 0.000692, -0.001775, -0.0, 0.000697, -0.999994, 0.003278, 0.291204, -0.001773, -0.00328, -0.999993, 0.0, 0.0, 0.0, 0.0, 1.0],
                [0.999993, 0.001377, -0.003553, 0.0, 0.001401, -0.999977, 0.006555, 0.291204, -0.003544, -0.00656, -0.999972, 0.0, 0.0, 0.0, 0.0, 1.0],
                [0.999993, 0.001377, -0.003553, -0.0, 0.001401, -0.999977, 0.006556, 0.291204, -0.003544, -0.00656, -0.999972, 0.0, 0.0, 0.0, 0.0, 1.0],
                [0.999993, 0.001377, -0.003553, 0.0, 0.001401, -0.999977, 0.006556, 0.291204, -0.003544, -0.00656, -0.999972, 0.0, 0.0, 0.0, 0.0, 1.0],
                [0.999993, 0.001377, -0.003553, 0.0, 0.001401, -0.999977, 0.006556, 0.291204, -0.003544, -0.00656, -0.999972, 0.0, 0.0, 0.0, 0.0, 1.0],
                [0.999993, 0.001377, -0.003553, 0.0, 0.001401, -0.999977, 0.006555, 0.291204, -0.003544, -0.00656, -0.999972, 0.0, 0.0, 0.0, 0.0, 1.0]
            ]
        },
        {
            "name": "Elbow_L",
            "time": [0.0, 0.2, 0.25, 0.3, 0.5167, 0.85],
            "transform": [
                [-1.0, 0.0, -0.0, 0.0, 0.0, -0.0, -1.0, 0.33, -0.0, -1.0, 0.0, 0.0, 0.0, 0.0, 0.0, 1.0],
                [-1.0, 0.0, -0.0, 0.0, 0.0, -0.0, -1.0, 0.33, -0.0, -1.0, 0.0, -0.0, 0.0, 0.0, 0.0, 1.0],
                [-1.0, 0.0, -0.0, 0.0, 0.0, -0.0, -1.0, 0.33, -0.0, -1.0, 0.0, 0.0, 0.0, 0.0, 0.0, 1.0],
                [-1.0, 0.0, -0.0, 0.0, 0.0, -0.0, -1.0, 0.33, -0.0, -1.0, 0.0, 0.0, 0.0, 0.0, 0.0, 1.0],
                [-1.0, 0.0, -0.0, 0.0, 0.0, -0.0, -1.0, 0.33, -0.0, -1.0, 0.0, 0.0, 0.0, 0.0, 0.0, 1.0],
                [-1.0, 0.0, -0.0, 0.0, 0.0, -0.0, -1.0, 0.33, -0.0, -1.0, 0.0, 0.0, 0.0, 0.0, 0.0, 1.0]
            ]
        }
    ]
}