{

    "animation": [
        {
            "name": "Root",
            "time": [0.0, 0.1667, 0.25, 0.3, 0.35, 0.45, 0.7],
            "transform": [
                [0.64512, -0.014696, -0.76394, -5e-06, -0.706493, 0.369322, -0.603713, 0.000946, 0.291012, 0.929185, 0.227874, 0.773972, 0.0, 0.0, 0.0, 1.0],
                [0.855574, -0.014696, -0.517472, -5e-06, -0.476286, 0.369322, -0.797968, 0.000946, 0.20284, 0.929185, 0.308983, 0.773972, 0.0, 0.0, 0.0, 1.0],
                [0.967151, 0.0, 0.254201, -5e-06, 0.236229, 0.369322, -0.898775, 0.000946, -0.093882, 0.929302, 0.35719, 0.673972, 0.0, 0.0, 0.0, 1.0],
                [0.863631, -0.013626, 0.50394, -5e-06, 0.475356, 0.354865, -0.805051, 0.000946, -0.167861, 0.934818, 0.31295, 0.553548, 0.0, 0.0, 0.0, 1.0],
                [0.70049, -0.022483, 0.713308, -5e-06, 0.676861, 0.337749, -0.654052, 0.000946, -0.226215, 0.940968, 0.251808, 0.433125, 0.0, 0.0, 0.0, 1.0],
                [0.70049, -0.022483, 0.713308, -5e-06, 0.676861, 0.337749, -0.654052, 0.000946, -0.226215, 0.940968, 0.251808, 0.505375, 0.0, 0.0, 0.0, 1.0],
                [0.916726, 0.032435, 0.398197, -5e-06, 0.378523, 0.248326, -0.891658, 0.000946, -0.127803, 0.968133, 0.21537, 0.563091, 0.0, 0.0, 0.0, 1.0]
            ]
        },
        {
            "name": "Thigh_R",
            "time": [0.0, 0.1667, 0.25, 0.3, 0.35, 0.45, 0.7],
            "transform": [
                [0.996254, -0.006533, -0.086222, 0.124994, 0.085715, -0.056776, 0.994701, -0.002831, -0.011394, -0.998366, -0.056003, -1.2e-05, 0.0, 0.0, 0.0, 1.0],
                [0.992687, 0.094163, -0.075546, 0.124994, 0.097752, -0.259754, 0.960715, -0.002831, 0.070841, -0.961073, -0.267059, -1.2e-05, 0.0, 0.0, 0.0, 1.0],
                [0.971599, 0.233881, 0.035978, 0.124994, 0.085891, -0.490237, 0.867347, -0.002831, 0.220494, -0.839623, -0.496402, -1.2e-05, 0.0, 0.0, 0.0, 1.0],
                [0.865313, 0.358118, 0.350692, 0.124994, 0.103834, -0.812557, 0.573559, -0.002831, 0.490359, -0.459894, -0.740301, -1.2e-05, 0.0, 0.0, 0.0, 1.0],
                [0.692718, 0.301301, 0.655255, 0.124994, 0.240807, -0.953039, 0.183653, -0.002831, 0.679819, 0.03057, -0.732742, -1.2e-05, 0.0, 0.0, 0.0, 1.0],
                [0.690042, 0.311333, 0.653387, 0.124994, 0.22488, -0.950299, 0.215314, -0.002831, 0.687947, -0.001642, -0.725759, -1.2e-05, 0.0, 0.0, 0.0, 1.0],
                [0.754239, 0.344313, 0.559082, 0.126925, 0.26015, -0.9385, 0.22702, 0.000169, 0.602865, -0.025782, -0.797427, -0.002308, 0.0, 0.0, 0.0, 1.0]
            ]
        },
        {
            "name": "Leg_R",
            "time": [0.0, 0.1667, 0.25, 0.3, 0.35, 0.45, 0.7],
            "transform": [
                [0.995617, -0.089263, -0.027904, -0.0, 0.017377, -0.116598, 0.993026, 0.37472, -0.091894, -0.989158, -0.114536, 0.0, 0.0, 0.0, 0.0, 1.0],
                [0.989794, -0.132617, -0.052167, 0.0, 0.054121, 0.011169, 0.99847, 0.37472, -0.131832, -0.991104, 0.018232, 0.0, 0.0, 0.0, 0.0, 1.0],
                [0.999702, 0.003931, -0.024112, -0.0, 0.023475, 0.118843, 0.992634, 0.37472, 0.006767, -0.992906, 0.118715, -0.0, 0.0, 0.0, 0.0, 1.0],
                [0.999256, -0.017505, -0.034361, 0.0, 0.037427, 0.225519, 0.973519, 0.37472, -0.009293, -0.974082, 0.226006, -0.0, 0.0, 0.0, 0.0, 1.0],
                [0.99831, -0.039916, -0.042212, -0.0, 0.053026, 0.329206, 0.942768, 0.37472, -0.023735, -0.943414, 0.330766, 0.0, 0.0, 0.0, 0.0, 1.0],
                [0.998231, -0.048331, -0.034615, -0.0, 0.053724, 0.484111, 0.873356, 0.37472, -0.025453, -0.87367, 0.485852, 0.0, 0.0, 0.0, 0.0, 1.0],
                [0.998725, -0.020238, -0.046237, 0.0, 0.048902, 0.614729, 0.787222, 0.37472, 0.012491, -0.788479, 0.614935, 0.0, 0.0, 0.0, 0.0, 1.0]
            ]
        },
        {
            "name": "Knee_R",
            "time": [0.0, 0.1667, 0.25, 0.3, 0.35, 0.45, 0.7],
            "transform": [
                [1.0, 0.0, -1e-06, -0.0, -1e-06, 0.0, -1.0, 0.37472, -0.0, 1.0, 0.0, 0.0, 0.0, 0.0, 0.0, 1.0],
                [1.0, 0.0, -1e-06, 0.0, -1e-06, 0.0, -1.0, 0.37472, -0.0, 1.0, 0.0, 0.0, 0.0, 0.0, 0.0, 1.0],
                [1.0, 0.0, -1e-06, -0.0, -1e-06, 0.0, -1.0, 0.37472, -0.0, 1.0, 0.0, -0.0, 0.0, 0.0, 0.0, 1.0],
                [1.0, 0.0, -1e-06, 0.0, -1e-06, 0.0, -1.0, 0.37472, -0.0, 1.0, 0.0, -0.0, 0.0, 0.0, 0.0, 1.0],
                [1.0, 0.0, -1e-06, -0.0, -1e-06, 0.0, -1.0, 0.37472, -0.0, 1.0, 0.0, 0.0, 0.0, 0.0, 0.0, 1.0],
                [1.0, 0.0, -1e-06, -0.0, -1e-06, 0.0, -1.0, 0.37472, -0.0, 1.0, 0.0, 0.0, 0.0, 0.0, 0.0, 1.0],
                [1.0, 0.0, -1e-06, 0.0, -1e-06, 0.0, -1.0, 0.37472, -0.0, 1.0, 0.0, 0.0, 0.0, 0.0, 0.0, 1.0]
            ]
        },
        {
            "name": "Thigh_L",
            "time": [0.0, 0.1667, 0.25, 0.3, 0.35, 0.45, 0.7],
            "transform": [
                [0.994757, -0.014686, -0.1012, -0.125006, 0.004982, -0.981498, 0.191406, -0.002831, -0.102138, -0.190907, -0.976278, -1.2e-05, 0.0, 0.0, 0.0, 1.0],
                [0.976661, -0.192432, -0.095412, -0.125006, -0.035574, -0.583006, 0.811687, -0.002831, -0.211821, -0.789349, -0.576245, -1.2e-05, 0.0, 0.0, 0.0, 1.0],
                [0.999953, -0.009451, -0.001678, -0.125006, -0.00147, -0.323555, 0.946207, -0.002831, -0.009485, -0.946161, -0.323553, -1.2e-05, 0.0, 0.0, 0.0, 1.0],
                [0.933511, 0.34976, 0.078888, -0.125006, -0.019533, -0.170087, 0.985234, -0.002831, 0.358014, -0.921269, -0.151946, -1.2e-05, 0.0, 0.0, 0.0, 1.0],
                [0.914489, 0.403809, 0.025444, -0.125006, -0.023225, -0.010392, 0.999676, -0.002831, 0.403943, -0.914784, -0.000125, -1.2e-05, 0.0, 0.0, 0.0, 1.0],
                [0.908619, 0.412295, 0.066512, -0.125006, 0.025108, -0.212903, 0.97675, -0.002831, 0.41687, -0.885823, -0.203799, -1.2e-05, 0.0, 0.0, 0.0, 1.0],
                [0.959259, 0.204328, 0.195122, -0.128868, -0.08702, -0.443374, 0.892102, 0.000169, 0.268794, -0.872737, -0.40753, 0.00458, 0.0, 0.0, 0.0, 1.0]
            ]
        },
        {
            "name": "Leg_L",
            "time": [0.0, 0.1667, 0.25, 0.3, 0.35, 0.45, 0.7],
            "transform": [
                [0.999498, 4.7e-05, 0.031669, -0.0, -0.025539, 0.592501, 0.805164, 0.37472, -0.018726, -0.80557, 0.592205, 0.0, 0.0, 0.0, 0.0, 1.0],
                [0.999373, 0.0191, 0.029819, 0.0, -0.018874, -0.425198, 0.904903, 0.37472, 0.029963, -0.904897, -0.424571, 0.0, 0.0, 0.0, 0.0, 1.0],
                [0.999818, -0.006526, 0.017898, 0.0, -0.019035, -0.303964, 0.952493, 0.37472, -0.000775, -0.952662, -0.304033, 0.0, 0.0, 0.0, 0.0, 1.0],
                [0.996644, 0.081854, 0.000965, 0.0, -0.017396, 0.200265, 0.979587, 0.37472, 0.07999, -0.976317, 0.201017, -0.0, 0.0, 0.0, 0.0, 1.0],
                [0.986965, 0.134666, -0.088123, 0.0, -0.022029, 0.655452, 0.754916, 0.37472, 0.159422, -0.743134, 0.649875, -0.0, 0.0, 0.0, 0.0, 1.0],
                [0.986981, 0.109322, -0.117969, 0.0, -0.022595, 0.820452, 0.571269, 0.37472, 0.15924, -0.561167, 0.812241, 0.0, 0.0, 0.0, 0.0, 1.0],
                [0.993842, 0.078003, -0.078701, -0.0, -0.019586, 0.822728, 0.568098, 0.37472, 0.109063, -0.563058, 0.81919, -0.0, 0.0, 0.0, 0.0, 1.0]
            ]
        },
        {
            "name": "Knee_L",
            "time": [0.0, 0.1667, 0.25, 0.3, 0.35, 0.45, 0.7],
            "transform": [
                [1.0, -0.0, 0.0, -0.0, 0.0, 0.0, -1.0, 0.37472, 0.0, 1.0, 0.0, 0.0, 0.0, 0.0, 0.0, 1.0],
                [1.0, -0.0, 0.0, 0.0, 0.0, 0.0, -1.0, 0.37472, 0.0, 1.0, 0.0, 0.0, 0.0, 0.0, 0.0, 1.0],
                [1.0, -0.0, 0.0, 0.0, 0.0, 0.0, -1.0, 0.37472, 0.0, 1.0, 0.0, 0.0, 0.0, 0.0, 0.0, 1.0],
                [1.0, -0.0, 0.0, 0.0, 0.0, 0.0, -1.0, 0.37472, 0.0, 1.0, 0.0, -0.0, 0.0, 0.0, 0.0, 1.0],
                [1.0, -0.0, 0.0, 0.0, 0.0, 0.0, -1.0, 0.37472, 0.0, 1.0, 0.0, -0.0, 0.0, 0.0, 0.0, 1.0],
                [1.0, -0.0, 0.0, 0.0, 0.0, 0.0, -1.0, 0.37472, 0.0, 1.0, 0.0, 0.0, 0.0, 0.0, 0.0, 1.0],
                [1.0, -0.0, 0.0, -0.0, 0.0, 0.0, -1.0, 0.37472, 0.0, 1.0, 0.0, -0.0, 0.0, 0.0, 0.0, 1.0]
            ]
        },
        {
            "name": "Torso",
            "time": [0.0, 0.1667, 0.25, 0.3, 0.35, 0.45, 0.7],
            "transform": [
                [0.996302, -0.085916, -0.000112, 0.0, 0.085916, 0.996302, 0.001294, 0.05, 0.0, -0.001299, 0.999999, -0.0, 0.0, 0.0, 0.0, 1.0],
                [0.9952, -0.097824, -0.002746, -0.0, 0.097862, 0.994808, 0.027922, 0.05, -0.0, -0.028057, 0.999606, -0.0, 0.0, 0.0, 0.0, 1.0],
                [0.993178, -0.116541, -0.003961, -0.0, 0.116609, 0.992605, 0.033736, 0.05, 0.0, -0.033967, 0.999423, 0.0, 0.0, 0.0, 0.0, 1.0],
                [0.999262, -0.037065, -0.010058, 0.0, 0.038406, 0.964383, 0.261707, 0.05, -0.0, -0.261901, 0.965095, -0.0, 0.0, 0.0, 0.0, 1.0],
                [0.962684, 0.250537, 0.102328, 0.0, -0.270628, 0.891214, 0.364002, 0.05, 0.0, -0.378112, 0.92576, 0.0, 0.0, 0.0, 0.0, 1.0],
                [0.964124, 0.255102, 0.073406, 0.0, -0.265453, 0.926527, 0.266612, 0.05, 0.0, -0.276533, 0.961005, 0.0, 0.0, 0.0, 0.0, 1.0],
                [0.997872, 0.063443, 0.01507, 0.0, -0.065209, 0.970857, 0.230619, 0.05, 0.0, -0.231111, 0.972927, -0.0, 0.0, 0.0, 0.0, 1.0]
            ]
        },
        {
            "name": "Chest",
            "time": [0.0, 0.1667, 0.25, 0.3, 0.35, 0.45, 0.7],
            "transform": [
                [0.667783, 0.105215, -0.736882, -0.0, -0.23252, 0.969906, -0.072229, 0.3, 0.707106, 0.219573, 0.672152, -0.0, 0.0, 0.0, 0.0, 1.0],
                [0.626805, 0.020302, -0.778911, 0.0, -0.327284, 0.914058, -0.239548, 0.3, 0.707106, 0.405076, 0.579581, -0.0, 0.0, 0.0, 0.0, 1.0],
                [0.878211, -0.095568, -0.468628, 0.0, 0.071161, 0.995036, -0.069561, 0.3, 0.47295, 0.027741, 0.880652, 0.0, 0.0, 0.0, 0.0, 1.0],
                [0.98509, -0.016545, -0.171246, 0.0, 0.028302, 0.997389, 0.066444, 0.3, 0.169699, -0.0703, 0.982985, 0.0, 0.0, 0.0, 0.0, 1.0],
                [0.988432, 0.027417, 0.149167, 0.0, -0.054456, 0.982097, 0.180333, 0.3, -0.141552, -0.186369, 0.972229, 0.0, 0.0, 0.0, 0.0, 1.0],
                [0.98229, 0.088222, 0.1653, -0.0, -0.125136, 0.965513, 0.22831, 0.3, -0.139457, -0.244951, 0.959453, 0.0, 0.0, 0.0, 0.0, 1.0],
                [0.996269, 0.075758, 0.041326, 0.0, -0.081734, 0.982017, 0.170185, 0.3, -0.02769, -0.172927, 0.984545, -0.0, 0.0, 0.0, 0.0, 1.0]
            ]
        },
        {
            "name": "Head",
            "time": [0.0, 0.1667, 0.25, 0.3, 0.35, 0.45, 0.7],
            "transform": [
                [0.038282, -0.153844, 0.987353, 0.0, -0.223972, 0.961617, 0.158518, 0.4, -0.973843, -0.227208, 0.002356, 0.0, 0.0, 0.0, 0.0, 1.0],
                [0.269371, -0.153844, 0.950669, 0.0, -0.180419, 0.961618, 0.206737, 0.4, -0.945986, -0.227208, 0.231275, 0.0, 0.0, 0.0, 0.0, 1.0],
                [0.989071, 0.027166, 0.144913, 0.0, -0.04986, 0.9866, 0.155351, 0.4, -0.13875, -0.160879, 0.977173, 0.0, 0.0, 0.0, 0.0, 1.0],
                [0.917505, 0.094436, -0.38635, 0.0, -0.124301, 0.990828, -0.053, 0.4, 0.377801, 0.096651, 0.920828, -0.0, 0.0, 0.0, 0.0, 1.0],
                [0.57858, -0.142722, -0.803041, 0.0, -0.159089, 0.945913, -0.282735, 0.4, 0.79996, 0.291339, 0.524581, 0.0, 0.0, 0.0, 0.0, 1.0],
                [0.566113, -0.173526, -0.805856, 0.0, -0.093963, 0.957636, -0.272219, 0.4, 0.818954, 0.229828, 0.525826, 0.0, 0.0, 0.0, 0.0, 1.0],
                [0.892491, -0.121393, -0.434423, 0.0, 0.029495, 0.97675, -0.212343, 0.4, 0.450099, 0.176701, 0.875321, 0.0, 0.0, 0.0, 0.0, 1.0]
            ]
        },
        {
            "name": "Shoulder_R",
            "time": [0.0, 0.1667, 0.25, 0.3, 0.35, 0.45, 0.7],
            "transform": [
                [-0.090774, 0.904263, 0.417213, 0.0, 0.024298, -0.416807, 0.90867, 0.4, 0.995575, 0.092621, 0.015863, -0.0, 0.0, 0.0, 0.0, 1.0],
                [-0.070112, 0.99271, 0.098036, 0.0, 0.018768, -0.096947, 0.995112, 0.4, 0.997363, 0.07161, -0.011834, -0.0, 0.0, 0.0, 0.0, 1.0],
                [0.482998, 0.863476, 0.145335, 0.0, -0.129279, -0.093839, 0.987158, 0.4, 0.866026, -0.495584, 0.066305, 0.0, 0.0, 0.0, 0.0, 1.0],
                [0.22153, 0.968802, 0.111119, 0.0, -0.059294, -0.100357, 0.993183, 0.4, 0.97335, -0.226608, 0.035212, 0.0, 0.0, 0.0, 0.0, 1.0],
                [-0.081322, 0.991455, 0.101992, 0.0, 0.021768, -0.100539, 0.994695, 0.4, 0.996451, 0.08311, -0.013406, 0.0, 0.0, 0.0, 0.0, 1.0],
                [-0.081322, 0.991455, 0.101992, 0.0, 0.021768, -0.100539, 0.994695, 0.4, 0.996451, 0.08311, -0.013406, -0.0, 0.0, 0.0, 0.0, 1.0],
                [-0.037403, 0.977183, 0.209078, 0.0, 0.010013, -0.208848, 0.977897, 0.4, 0.999251, 0.03867, -0.001973, 0.0, 0.0, 0.0, 0.0, 1.0]
            ]
        },
        {
            "name": "Arm_R",
            "time": [0.0, 0.1667, 0.25, 0.3, 0.35, 0.45, 0.7],
            "transform": [
                [0.331377, -0.745978, 0.577672, -0.0, 0.019911, 0.617659, 0.786193, 0.388385, -0.943288, -0.249024, 0.219532, 0.0, 0.0, 0.0, 0.0, 1.0],
                [0.144066, -0.921464, 0.360762, 0.0, 0.333891, 0.38845, 0.858849, 0.388385, -0.931537, -0.003275, 0.363631, -0.0, 0.0, 0.0, 0.0, 1.0],
                [0.206413, -0.501266, 0.840313, 0.0, 0.880208, 0.470215, 0.064281, 0.388385, -0.427349, 0.726381, 0.538277, 0.0, 0.0, 0.0, 0.0, 1.0],
                [0.146079, -0.767923, 0.623661, 0.0, 0.901424, 0.363038, 0.235876, 0.388385, -0.407548, 0.527727, 0.745256, 0.0, 0.0, 0.0, 0.0, 1.0],
                [0.547872, -0.807305, -0.219302, -0.0, 0.747808, 0.355111, 0.560962, 0.388385, -0.374991, -0.471331, 0.798265, -0.0, 0.0, 0.0, 0.0, 1.0],
                [0.537441, -0.790258, -0.294362, 0.0, 0.777316, 0.328872, 0.536304, 0.388385, -0.327012, -0.517044, 0.791029, 0.0, 0.0, 0.0, 0.0, 1.0],
                [0.259698, -0.653977, -0.710542, -0.0, 0.958687, 0.263042, 0.108291, 0.388385, 0.116083, -0.70931, 0.695271, -0.0, 0.0, 0.0, 0.0, 1.0]
            ]
        },
        {
            "name": "Hand_R",
            "time": [0.0, 0.1667, 0.25, 0.3, 0.35, 0.45, 0.7],
            "transform": [
                [0.810861, -0.392989, 0.433665, -0.0, 0.477836, 0.872405, -0.102875, 0.33, -0.337903, 0.290638, 0.895182, -0.0, 0.0, 0.0, 0.0, 1.0],
                [0.589245, -0.668162, 0.454258, 0.0, 0.746825, 0.664956, 0.009323, 0.33, -0.308291, 0.333758, 0.890821, -0.0, 0.0, 0.0, 0.0, 1.0],
                [0.988707, -0.149414, -0.01158, 0.0, 0.105046, 0.746073, -0.657526, 0.33, 0.106883, 0.648885, 0.753342, -0.0, 0.0, 0.0, 0.0, 1.0],
                [0.99909, -0.037251, -0.020771, -0.0, 0.034, 0.989645, -0.139458, 0.33, 0.025751, 0.138625, 0.99001, -0.0, 0.0, 0.0, 0.0, 1.0],
                [0.993472, -0.100877, -0.053269, 0.0, 0.099122, 0.994473, -0.03462, 0.33, 0.056467, 0.029114, 0.99798, 0.0, 0.0, 0.0, 0.0, 1.0],
                [0.991013, -0.109098, -0.0774, 0.0, 0.097915, 0.985868, -0.135935, 0.33, 0.091137, 0.127135, 0.987689, 0.0, 0.0, 0.0, 0.0, 1.0],
                [0.991581, -0.05393, -0.117721, 0.0, 0.027748, 0.976521, -0.213628, 0.33, 0.126478, 0.208563, 0.969796, 0.0, 0.0, 0.0, 0.0, 1.0]
            ]
        },
        {
            "name": "Tool_R",
            "time": [0.0, 0.1667, 0.25, 0.3, 0.35, 0.45, 0.7],
            "transform": [
                [1.0, -0.0, 0.0, 0.0, 0.0, -0.991813, 0.127702, 0.291204, 0.0, -0.127702, -0.991813, 0.0, 0.0, 0.0, 0.0, 1.0],
                [1.0, 0.0, 0.0, -0.0, 0.0, -0.761226, 0.648487, 0.291204, 0.0, -0.648487, -0.761226, 0.0, 0.0, 0.0, 0.0, 1.0],
                [1.0, 0.0, 0.0, 0.0, 0.0, -0.998766, -0.049674, 0.291204, 0.0, 0.049674, -0.998766, -0.0, 0.0, 0.0, 0.0, 1.0],
                [1.0, -0.0, 0.0, -0.0, 0.0, -0.660058, -0.751215, 0.291204, 0.0, 0.751215, -0.660058, 0.0, 0.0, 0.0, 0.0, 1.0],
                [1.0, -0.0, 0.0, -0.0, -0.0, -0.978815, -0.204747, 0.291204, 0.0, 0.204747, -0.978815, 0.0, 0.0, 0.0, 0.0, 1.0],
                [1.0, -0.0, 0.0, -0.0, -0.0, -0.992691, -0.120687, 0.291204, 0.0, 0.120687, -0.992691, -0.0, 0.0, 0.0, 0.0, 1.0],
                [1.0, -0.0, 0.0, 0.0, -0.0, -0.849955, -0.526856, 0.291204, 0.0, 0.526856, -0.849955, 0.0, 0.0, 0.0, 0.0, 1.0]
            ]
        },
        {
            "name": "Elbow_R",
            "time": [0.0, 0.1667, 0.25, 0.3, 0.35, 0.45, 0.7],
            "transform": [
                [-1.0, 0.0, 0.0, -0.0, -0.0, 0.0, -1.0, 0.33, -0.0, -1.0, -0.0, 0.0, 0.0, 0.0, 0.0, 1.0],
                [-1.0, 0.0, 0.0, 0.0, -0.0, -0.0, -1.0, 0.33, -0.0, -1.0, -0.0, 0.0, 0.0, 0.0, 0.0, 1.0],
                [-1.0, 0.0, 0.0, -0.0, -0.0, -0.0, -1.0, 0.33, -0.0, -1.0, 0.0, -0.0, 0.0, 0.0, 0.0, 1.0],
                [-1.0, 0.0, 0.0, -0.0, -0.0, 0.0, -1.0, 0.33, -0.0, -1.0, -0.0, 0.0, 0.0, 0.0, 0.0, 1.0],
                [-1.0, 0.0, 0.0, 0.0, -0.0, 0.0, -1.0, 0.33, -0.0, -1.0, -0.0, 0.0, 0.0, 0.0, 0.0, 1.0],
                [-1.0, 0.0, 0.0, 0.0, -0.0, 0.0, -1.0, 0.33, -0.0, -1.0, -0.0, 0.0, 0.0, 0.0, 0.0, 1.0],
                [-1.0, 0.0, 0.0, 0.0, -0.0, 0.0, -1.0, 0.33, -0.0, -1.0, -0.0, 0.0, 0.0, 0.0, 0.0, 1.0]
            ]
        },
        {
            "name": "Shoulder_L",
            "time": [0.0, 0.1667, 0.25, 0.3, 0.35, 0.45, 0.7],
            "transform": [
                [0.482996, -0.77896, -0.399921, 0.0, 0.129288, -0.388278, 0.912428, 0.4, -0.866025, -0.492404, -0.086826, 0.0, 0.0, 0.0, 0.0, 1.0],
                [0.482996, -0.77896, -0.399921, -0.0, 0.129288, -0.388278, 0.912428, 0.4, -0.866025, -0.492404, -0.086826, 0.0, 0.0, 0.0, 0.0, 1.0],
                [0.482996, -0.868764, -0.109383, -0.0, 0.129288, -0.052794, 0.990201, 0.4, -0.866025, -0.492405, 0.086822, 0.0, 0.0, 0.0, 0.0, 1.0],
                [0.482996, -0.868764, -0.109383, 0.0, 0.129288, -0.052794, 0.9902, 0.4, -0.866025, -0.492405, 0.086822, 0.0, 0.0, 0.0, 0.0, 1.0],
                [0.482995, -0.825868, -0.290958, 0.0, 0.129288, -0.261381, 0.956537, 0.4, -0.866025, -0.499621, -0.019471, 0.0, 0.0, 0.0, 0.0, 1.0],
                [0.482996, -0.825868, -0.290958, 0.0, 0.129288, -0.261381, 0.956538, 0.4, -0.866025, -0.499621, -0.019471, 0.0, 0.0, 0.0, 0.0, 1.0],
                [0.482996, -0.77896, -0.399921, 0.0, 0.129288, -0.388278, 0.912428, 0.4, -0.866025, -0.492404, -0.086826, 0.0, 0.0, 0.0, 0.0, 1.0]
            ]
        },
        {
            "name": "Arm_L",
            "time": [0.0, 0.1667, 0.25, 0.3, 0.35, 0.45, 0.7],
            "transform": [
                [-0.614701, 0.788624, 0.014641, 0.0, -0.085357, -0.048056, -0.99519, 0.388354, -0.784127, -0.612995, 0.096854, 0.0, 0.0, 0.0, 0.0, 1.0],
                [0.074352, 0.994758, 0.070199, -0.0, 0.066888, 0.065261, -0.995624, 0.388354, -0.994986, 0.078722, -0.061685, 0.0, 0.0, 0.0, 0.0, 1.0],
                [0.276363, 0.958419, 0.071109, -0.0, -0.155234, 0.117536, -0.980861, 0.388354, -0.948433, 0.260036, 0.181261, 0.0, 0.0, 0.0, 0.0, 1.0],
                [-0.083205, 0.951425, -0.296425, 0.0, 0.028661, -0.295049, -0.955052, 0.388354, -0.99612, -0.08796, -0.00272, 0.0, 0.0, 0.0, 0.0, 1.0],
                [-0.483234, 0.635958, -0.6017, 0.0, 0.516485, -0.347857, -0.782457, 0.388354, -0.706915, -0.688879, -0.160366, 0.0, 0.0, 0.0, 0.0, 1.0],
                [-0.486387, 0.633782, -0.601455, 0.0, 0.517664, -0.345518, -0.782714, 0.388355, -0.703883, -0.692054, -0.160031, -0.0, 0.0, 0.0, 0.0, 1.0],
                [-0.660049, 0.590189, -0.46477, -0.0, 0.451815, -0.182398, -0.873267, 0.388355, -0.600166, -0.786389, -0.146265, 0.0, 0.0, 0.0, 0.0, 1.0]
            ]
        },
        {
            "name": "Hand_L",
            "time": [0.0, 0.1667, 0.25, 0.3, 0.35, 0.45, 0.7],
            "transform": [
                [0.999556, -0.025315, 0.015772, 0.0, 0.028644, 0.962139, -0.271049, 0.33, -0.008314, 0.27138, 0.962437, -0.0, 0.0, 0.0, 0.0, 1.0],
                [0.994962, -0.087332, 0.049238, 0.0, 0.096504, 0.701161, -0.706442, 0.33, 0.027171, 0.707634, 0.706056, -0.0, 0.0, 0.0, 0.0, 1.0],
                [0.954336, 0.019619, -0.29809, 0.0, -0.248686, 0.605058, -0.756346, 0.33, 0.165523, 0.795939, 0.582307, 0.0, 0.0, 0.0, 0.0, 1.0],
                [0.984706, -0.000669, -0.174223, -0.0, -0.000206, 0.999988, -0.005006, 0.33, 0.174224, 0.004964, 0.984693, -0.0, 0.0, 0.0, 0.0, 1.0],
                [0.999984, -0.005549, -0.001222, -0.0, 0.005545, 0.999979, -0.003287, 0.33, 0.00124, 0.00328, 0.999994, 0.0, 0.0, 0.0, 0.0, 1.0],
                [0.999985, -0.005445, -0.00121, 0.0, 0.005442, 0.99998, -0.003262, 0.33, 0.001228, 0.003255, 0.999994, -0.0, 0.0, 0.0, 0.0, 1.0],
                [0.999557, -0.000405, 0.029743, -0.0, 0.000562, 0.999986, -0.005244, 0.33, -0.02974, 0.005258, 0.999543, -0.0, 0.0, 0.0, 0.0, 1.0]
            ]
        },
        {
            "name": "Tool_L",
            "time": [0.0, 0.1667, 0.25, 0.3, 0.35, 0.45, 0.7],
            "transform": [
                [1.0, 0.0, 0.0, 0.0, 0.0, -1.0, 0.0, 0.291204, 0.0, 0.0, -1.0, 0.0, 0.0, 0.0, 0.0, 1.0],
                [1.0, 0.0, 0.0, 0.0, 0.0, -1.0, 0.0, 0.291204, 0.0, -0.0, -1.0, 0.0, 0.0, 0.0, 0.0, 1.0],
                [1.0, 0.0, 0.0, 0.0, 0.0, -1.0, 0.0, 0.291204, 0.0, -0.0, -1.0, -0.0, 0.0, 0.0, 0.0, 1.0],
                [1.0, 0.0, 0.0, 0.0, 0.0, -1.0, -0.0, 0.291204, 0.0, -0.0, -1.0, 0.0, 0.0, 0.0, 0.0, 1.0],
                [1.0, 0.0, 0.0, 0.0, 0.0, -1.0, -0.0, 0.291204, 0.0, -0.0, -1.0, 0.0, 0.0, 0.0, 0.0, 1.0],
                [1.0, 0.0, 0.0, -0.0, 0.0, -1.0, -0.0, 0.291204, 0.0, 0.0, -1.0, 0.0, 0.0, 0.0, 0.0, 1.0],
                [1.0, 0.0, 0.0, 0.0, 0.0, -1.0, 0.0, 0.291204, 0.0, 0.0, -1.0, 0.0, 0.0, 0.0, 0.0, 1.0]
            ]
        },
        {
            "name": "Elbow_L",
            "time": [0.0, 0.1667, 0.25, 0.3, 0.35, 0.45, 0.7],
            "transform": [
                [-1.0, 0.0, -0.0, 0.0, 0.0, -0.0, -1.0, 0.33, -0.0, -1.0, 0.0, 0.0, 0.0, 0.0, 0.0, 1.0],
                [-1.0, 0.0, -0.0, 0.0, 0.0, -0.0, -1.0, 0.33, -0.0, -1.0, 0.0, 0.0, 0.0, 0.0, 0.0, 1.0],
                [-1.0, 0.0, -0.0, 0.0, 0.0, -0.0, -1.0, 0.33, -0.0, -1.0, 0.0, 0.0, 0.0, 0.0, 0.0, 1.0],
                [-1.0, 0.0, -0.0, 0.0, 0.0, -0.0, -1.0, 0.33, -0.0, -1.0, 0.0, 0.0, 0.0, 0.0, 0.0, 1.0],
                [-1.0, 0.0, -0.0, 0.0, 0.0, -0.0, -1.0, 0.33, -0.0, -1.0, 0.0, 0.0, 0.0, 0.0, 0.0, 1.0],
                [-1.0, 0.0, -0.0, 0.0, 0.0, -0.0, -1.0, 0.33, -0.0, -1.0, 0.0, 0.0, 0.0, 0.0, 0.0, 1.0],
                [-1.0, 0.0, -0.0, 0.0, 0.0, -0.0, -1.0, 0.33, -0.0, -1.0, 0.0, 0.0, 0.0, 0.0, 0.0, 1.0]
            ]
        }
    ]
}