{"animation": [{"name": "Root", "time": [0.0, 0.1, 0.2, 0.25, 0.3, 0.4, 0.6, 1.4], "transform": [[0.534995, 0.020891, -0.844597, -5e-06, -0.844735, 0.030113, -0.534337, 0.000946, 0.01427, 0.999328, 0.033757, 0.47175, 0.0, 0.0, 0.0, 1.0], [0.838581, 0.024057, -0.544245, -5e-06, -0.544661, 0.01641, -0.838496, 0.660946, -0.011241, 0.999576, 0.026864, 0.631191, 0.0, 0.0, 0.0, 1.0], [0.989728, 0.034382, 0.138766, -5e-06, 0.137811, 0.028766, -0.990041, 0.869787, -0.038031, 0.998995, 0.023732, 0.531461, 0.0, 0.0, 0.0, 1.0], [0.815864, 0.036236, 0.577108, -5e-06, 0.575493, 0.046358, -0.816492, 0.960946, -0.05634, 0.998267, 0.016968, 0.486032, 0.0, 0.0, 0.0, 1.0], [0.434475, 0.025412, 0.900325, -5e-06, 0.898965, 0.049496, -0.435215, 1.000946, -0.055622, 0.998451, -0.001339, 0.472955, 0.0, 0.0, 0.0, 1.0], [0.13323, 0.002724, 0.991081, -5e-06, 0.989644, 0.053534, -0.133184, 1.000946, -0.05342, 0.998562, 0.004437, 0.4468, 0.0, 0.0, 0.0, 1.0], [-0.12782, 0.002724, 0.991793, -5e-06, 0.990394, 0.053534, 0.127492, 1.001572, -0.052748, 0.998562, -0.009541, 0.392853, 0.0, 0.0, 0.0, 1.0], [0.643669, 0.0, -0.765304, -5e-06, -0.765304, 0.0, -0.643669, 1.000946, 0.0, 1.0, 0.0, 0.613972, 0.0, 0.0, 0.0, 1.0]]}, {"name": "Thigh_R", "time": [0.0, 0.1, 0.2, 0.25, 0.3, 0.4, 0.6, 0.8, 0.9, 1.0, 1.4], "transform": [[0.762424, 0.628865, -0.152435, 0.124994, 0.592885, -0.584541, 0.553893, -0.002831, 0.25922, -0.512679, -0.818514, -1.2e-05, 0.0, 0.0, 0.0, 1.0], [0.995223, 0.071906, -0.066048, 0.124994, 0.094429, -0.536913, 0.838337, -0.002831, 0.02482, -0.840569, -0.541137, -1.2e-05, 0.0, 0.0, 0.0, 1.0], [0.974403, 0.224701, 0.007095, 0.124994, 0.112997, -0.516798, 0.848617, -0.002831, 0.194352, -0.826092, -0.528959, -1.2e-05, 0.0, 0.0, 0.0, 1.0], [0.788226, 0.61533, 0.008319, 0.124994, 0.242124, -0.322528, 0.91507, -0.002831, 0.565753, -0.719267, -0.403211, -1.2e-05, 0.0, 0.0, 0.0, 1.0], [0.546117, 0.824252, 0.149545, 0.124994, 0.500292, -0.464094, 0.730974, -0.002831, 0.67191, -0.324381, -0.665817, -1.2e-05, 0.0, 0.0, 0.0, 1.0], [0.618446, 0.760537, 0.197756, 0.124994, 0.641639, -0.634005, 0.431667, -0.002831, 0.453677, -0.140074, -0.880089, -1.2e-05, 0.0, 0.0, 0.0, 1.0], [0.586165, 0.735712, 0.339319, 0.124994, 0.678597, -0.674632, 0.290476, -0.002831, 0.442622, 0.059994, -0.894698, -1.2e-05, 0.0, 0.0, 0.0, 1.0], [0.742976, 0.667312, -0.051767, 0.126603, 0.461486, -0.454719, 0.761748, -0.000331, 0.484785, -0.589851, -0.6458, -0.001925, 0.0, 0.0, 0.0, 1.0], [0.790889, 0.611865, -0.010745, 0.128212, 0.344905, -0.431179, 0.833741, 0.002169, 0.505504, -0.663103, -0.552051, -0.003838, 0.0, 0.0, 0.0, 1.0], [0.907019, 0.42104, 0.006365, 0.129822, 0.178131, -0.397344, 0.900215, 0.004669, 0.381556, -0.815379, -0.435399, -0.005752, 0.0, 0.0, 0.0, 1.0], [0.881738, 0.400439, 0.249374, 0.131431, 0.272642, -0.863974, 0.42334, 0.007169, 0.384974, -0.305285, -0.870974, -0.007665, 0.0, 0.0, 0.0, 1.0]]}, {"name": "Leg_R", "time": [0.0, 0.1, 0.2, 0.25, 0.3, 0.4, 0.6, 0.8, 0.9, 1.0, 1.4], "transform": [[0.978835, 0.07931, -0.188654, -0.0, 0.108292, 0.581475, 0.806324, 0.37472, 0.173647, -0.809689, 0.56058, 0.0, 0.0, 0.0, 0.0, 1.0], [0.982325, -0.148091, -0.114481, -0.0, 0.166662, 0.413564, 0.895091, 0.37472, -0.08521, -0.89835, 0.430936, 0.0, 0.0, 0.0, 0.0, 1.0], [0.999274, -0.019875, -0.032532, -0.0, 0.033131, 0.874901, 0.483167, 0.37472, 0.018859, -0.483894, 0.874923, -0.0, 0.0, 0.0, 0.0, 1.0], [0.994907, 0.071198, -0.07134, -0.0, 0.025494, 0.507024, 0.861554, 0.37472, 0.097512, -0.858986, 0.502627, -0.0, 0.0, 0.0, 0.0, 1.0], [0.989312, 0.127286, -0.071126, -0.0, 0.033861, 0.273911, 0.961159, 0.37472, 0.141825, -0.953294, 0.266674, 0.0, 0.0, 0.0, 0.0, 1.0], [0.990155, 0.109316, -0.087418, 0.0, 0.050129, 0.306164, 0.950656, 0.37472, 0.130686, -0.94568, 0.29767, 0.0, 0.0, 0.0, 0.0, 1.0], [0.990747, 0.119769, -0.063832, -0.0, 0.035056, 0.228531, 0.972903, 0.37472, 0.131111, -0.966139, 0.222218, 0.0, 0.0, 0.0, 0.0, 1.0], [0.984865, 0.169548, -0.03596, 0.0, 0.021125, 0.088507, 0.99585, 0.37472, 0.172027, -0.981538, 0.083586, -0.0, 0.0, 0.0, 0.0, 1.0], [0.984658, 0.161188, -0.066836, 0.0, 0.017186, 0.291579, 0.956393, 0.37472, 0.173647, -0.942868, 0.284336, 0.0, 0.0, 0.0, 0.0, 1.0], [0.99299, 0.089901, -0.076739, 0.0, 0.017332, 0.531473, 0.8469, 0.37472, 0.116922, -0.842292, 0.52619, -0.0, 0.0, 0.0, 0.0, 1.0], [0.997908, 0.030698, -0.056914, 0.0, 0.017418, 0.720001, 0.693756, 0.37472, 0.062275, -0.693294, 0.71796, 0.0, 0.0, 0.0, 0.0, 1.0]]}, {"name": "Knee_R", "time": [0.0, 0.1, 0.2, 0.25, 0.3, 0.4, 0.6, 1.4], "transform": [[1.0, 0.0, -1e-06, -0.0, -1e-06, 0.0, -1.0, 0.37472, -0.0, 1.0, 0.0, 0.0, 0.0, 0.0, 0.0, 1.0], [1.0, 0.0, -1e-06, -0.0, -1e-06, 0.0, -1.0, 0.37472, -0.0, 1.0, 0.0, 0.0, 0.0, 0.0, 0.0, 1.0], [1.0, 0.0, -1e-06, -0.0, -1e-06, 0.0, -1.0, 0.37472, -0.0, 1.0, 0.0, -0.0, 0.0, 0.0, 0.0, 1.0], [1.0, 0.0, -1e-06, -0.0, -1e-06, 0.0, -1.0, 0.37472, -0.0, 1.0, 0.0, -0.0, 0.0, 0.0, 0.0, 1.0], [1.0, 0.0, -1e-06, -0.0, -1e-06, 0.0, -1.0, 0.37472, -0.0, 1.0, 0.0, 0.0, 0.0, 0.0, 0.0, 1.0], [1.0, 0.0, -1e-06, 0.0, -1e-06, 0.0, -1.0, 0.37472, -0.0, 1.0, 0.0, 0.0, 0.0, 0.0, 0.0, 1.0], [1.0, 0.0, -1e-06, -0.0, -1e-06, 0.0, -1.0, 0.37472, -0.0, 1.0, 0.0, 0.0, 0.0, 0.0, 0.0, 1.0], [1.0, 0.0, -1e-06, 0.0, -1e-06, 0.0, -1.0, 0.37472, -0.0, 1.0, 0.0, 0.0, 0.0, 0.0, 0.0, 1.0]]}, {"name": "Thigh_L", "time": [0.0, 0.1, 0.2, 0.25, 0.3, 0.4, 0.6, 0.8, 0.9, 1.4], "transform": [[0.804695, -0.541039, 0.244424, -0.125006, -0.555936, -0.54223, 0.630017, -0.002831, -0.208329, -0.642856, -0.737113, -1.2e-05, 0.0, 0.0, 0.0, 1.0], [0.997447, 0.068011, -0.021815, -0.125006, 0.060439, -0.966458, -0.249613, -0.002831, -0.03806, 0.247658, -0.9681, -1.2e-05, 0.0, 0.0, 0.0, 1.0], [0.959616, -0.276909, -0.04959, -0.125006, -0.280003, -0.923185, -0.263302, -0.002831, 0.02713, 0.266554, -0.963437, -1.2e-05, 0.0, 0.0, 0.0, 1.0], [0.797826, -0.596078, -0.090331, -0.125006, -0.58097, -0.800177, 0.148954, -0.002831, -0.161069, -0.06636, -0.98471, -1.2e-05, 0.0, 0.0, 0.0, 1.0], [0.761677, -0.637565, 0.115573, -0.125006, -0.610545, -0.646463, 0.457514, -0.002831, -0.216981, -0.419041, -0.881659, -1.2e-05, 0.0, 0.0, 0.0, 1.0], [0.843344, -0.481831, 0.237928, -0.161843, -0.490299, -0.508709, 0.707688, 0.024985, -0.21995, -0.713479, -0.665259, 0.019207, 0.0, 0.0, 0.0, 1.0], [0.880358, -0.362523, 0.305851, -0.161843, -0.437022, -0.369366, 0.820109, 0.024985, -0.184338, -0.855654, -0.483605, 0.019207, 0.0, 0.0, 0.0, 1.0], [0.973476, -0.189142, 0.128722, -0.146643, -0.195756, -0.397368, 0.896536, 0.013577, -0.118422, -0.897954, -0.423854, 0.013424, 0.0, 0.0, 0.0, 1.0], [0.986152, 0.067829, 0.151336, -0.131443, -0.109583, -0.418427, 0.901615, 0.002169, 0.124479, -0.905714, -0.4052, 0.007641, 0.0, 0.0, 0.0, 1.0], [0.899453, -0.380837, -0.214355, -0.137879, -0.174983, -0.763305, 0.621889, 0.007169, -0.400457, -0.521851, -0.753197, 0.015294, 0.0, 0.0, 0.0, 1.0]]}, {"name": "Leg_L", "time": [0.0, 0.1, 0.2, 0.25, 0.3, 0.4, 0.6, 0.8, 0.9, 1.4], "transform": [[0.987287, -0.036212, 0.154779, 0.0, -0.141, 0.250088, 0.957901, 0.37472, -0.073396, -0.967546, 0.241802, 0.0, 0.0, 0.0, 0.0, 1.0], [0.998266, 0.057552, 0.012365, 0.0, -0.057033, 0.89364, 0.445145, 0.37472, 0.014569, -0.445078, 0.895373, 0.0, 0.0, 0.0, 0.0, 1.0], [0.991569, -0.060138, 0.114779, 0.0, -0.023543, 0.787427, 0.615958, 0.37472, -0.127423, -0.613467, 0.779372, -0.0, 0.0, 0.0, 0.0, 1.0], [0.995422, -0.058173, 0.075831, -0.0, -0.017375, 0.670056, 0.742107, 0.37472, -0.093982, -0.740023, 0.665982, 0.0, 0.0, 0.0, 0.0, 1.0], [0.9945, -0.064932, 0.082186, -0.0, -0.017359, 0.671631, 0.740682, 0.37472, -0.103293, -0.738034, 0.66681, -0.0, 0.0, 0.0, 0.0, 1.0], [0.999328, -0.01057, 0.035136, 0.0, -0.020634, 0.629953, 0.77636, 0.37472, -0.03034, -0.776561, 0.629311, 0.0, 0.0, 0.0, 0.0, 1.0], [0.99882, 0.032467, 0.036137, 0.0, -0.048472, 0.616374, 0.785961, 0.37472, 0.003244, -0.786784, 0.617221, 0.0, 0.0, 0.0, 0.0, 1.0], [0.980247, 0.176376, 0.089481, 0.0, -0.094666, 0.021191, 0.995283, 0.37472, 0.173648, -0.984095, 0.03747, 0.0, 0.0, 0.0, 0.0, 1.0], [0.980807, 0.192405, 0.0316, -0.0, -0.088684, 0.295867, 0.951103, 0.37472, 0.173648, -0.93565, 0.307252, -0.0, 0.0, 0.0, 0.0, 1.0], [0.999816, 0.006525, 0.018006, 0.0, -0.017452, 0.697688, 0.716189, 0.37472, -0.007889, -0.716372, 0.697674, -0.0, 0.0, 0.0, 0.0, 1.0]]}, {"name": "Knee_L", "time": [0.0, 0.1, 0.2, 0.25, 0.3, 0.4, 0.6, 1.4], "transform": [[1.0, -0.0, 0.0, 0.0, 0.0, 0.0, -1.0, 0.37472, 0.0, 1.0, 0.0, 0.0, 0.0, 0.0, 0.0, 1.0], [1.0, -0.0, 0.0, 0.0, 0.0, 0.0, -1.0, 0.37472, 0.0, 1.0, 0.0, 0.0, 0.0, 0.0, 0.0, 1.0], [1.0, -0.0, 0.0, 0.0, 0.0, 0.0, -1.0, 0.37472, 0.0, 1.0, 0.0, -0.0, 0.0, 0.0, 0.0, 1.0], [1.0, -0.0, 0.0, -0.0, 0.0, 0.0, -1.0, 0.37472, 0.0, 1.0, 0.0, 0.0, 0.0, 0.0, 0.0, 1.0], [1.0, -0.0, 0.0, -0.0, 0.0, 0.0, -1.0, 0.37472, 0.0, 1.0, 0.0, -0.0, 0.0, 0.0, 0.0, 1.0], [1.0, -0.0, 0.0, 0.0, 0.0, 0.0, -1.0, 0.37472, 0.0, 1.0, 0.0, 0.0, 0.0, 0.0, 0.0, 1.0], [1.0, -0.0, 0.0, 0.0, 0.0, 0.0, -1.0, 0.37472, 0.0, 1.0, 0.0, 0.0, 0.0, 0.0, 0.0, 1.0], [1.0, -0.0, 0.0, 0.0, 0.0, 0.0, -1.0, 0.37472, 0.0, 1.0, 0.0, -0.0, 0.0, 0.0, 0.0, 1.0]]}, {"name": "Torso", "time": [0.0, 0.1, 0.2, 0.25, 0.3, 0.4, 0.6, 0.9, 1.0, 1.2, 1.4], "transform": [[0.96997, -0.240926, 0.033385, -0.0, 0.243228, 0.960789, -0.133136, 0.05, 0.0, 0.137258, 0.990535, 0.0, 0.0, 0.0, 0.0, 1.0], [0.931738, -0.3628, -0.015508, 0.0, 0.363131, 0.930888, 0.039792, 0.05, 0.0, -0.042707, 0.999088, 0.0, 0.0, 0.0, 0.0, 1.0], [0.999866, -0.015617, -0.004918, -0.0, 0.016373, 0.953701, 0.300309, 0.05, 0.0, -0.300349, 0.95383, -0.0, 0.0, 0.0, 0.0, 1.0], [0.939054, 0.308999, 0.150654, -0.0, -0.343769, 0.844075, 0.411533, 0.05, -0.0, -0.438242, 0.898857, -0.0, 0.0, 0.0, 0.0, 1.0], [0.866026, 0.494858, 0.071526, 0.0, -0.5, 0.857118, 0.123886, 0.05, -0.0, -0.143051, 0.989715, 0.0, 0.0, 0.0, 0.0, 1.0], [0.866026, 0.495128, -0.069629, 0.0, -0.5, 0.857587, -0.120601, 0.05, 0.0, 0.139259, 0.990256, -0.0, 0.0, 0.0, 0.0, 1.0], [0.866026, 0.495128, -0.069629, -0.0, -0.5, 0.857587, -0.120601, 0.05, 0.0, 0.139259, 0.990256, 0.0, 0.0, 0.0, 0.0, 1.0], [0.995846, 0.083907, 0.035377, 0.0, -0.09106, 0.917619, 0.386888, 0.05, 0.0, -0.388502, 0.921447, 0.0, 0.0, 0.0, 0.0, 1.0], [0.967367, -0.249235, -0.045641, 0.0, 0.253379, 0.951544, 0.17425, 0.05, -0.0, -0.180128, 0.983643, -0.0, 0.0, 0.0, 0.0, 1.0], [0.982835, -0.182855, -0.0245, -0.0, 0.184489, 0.97413, 0.130518, 0.05, -0.0, -0.132798, 0.991143, -0.0, 0.0, 0.0, 0.0, 1.0], [0.998982, -0.044772, -0.005534, 0.0, 0.045113, 0.991437, 0.122547, 0.05, 0.0, -0.122672, 0.992447, 0.0, 0.0, 0.0, 0.0, 1.0]]}, {"name": "Chest", "time": [0.0, 0.1, 0.2, 0.25, 0.3, 0.4, 0.6, 0.9, 1.0, 1.4], "transform": [[0.635191, -0.088222, -0.767301, -0.0, 0.310699, 0.938715, 0.149274, 0.3, 0.707107, -0.333217, 0.623673, -0.0, 0.0, 0.0, 0.0, 1.0], [0.697541, 0.129327, -0.704778, 0.0, -0.115917, 0.990988, 0.067119, 0.3, 0.707107, 0.034877, 0.706247, -0.0, 0.0, 0.0, 0.0, 1.0], [0.766371, -0.092828, -0.635657, 0.0, 0.018995, 0.992346, -0.122016, 0.3, 0.642118, 0.081435, 0.762269, 0.0, 0.0, 0.0, 0.0, 1.0], [0.974113, -0.129713, 0.185145, 0.0, 0.141615, 0.988527, -0.052523, 0.3, -0.176208, 0.077383, 0.981306, -0.0, 0.0, 0.0, 0.0, 1.0], [0.957624, 0.026133, 0.286833, -0.0, -0.08784, 0.974929, 0.20444, 0.3, -0.2743, -0.220972, 0.935911, -0.0, 0.0, 0.0, 0.0, 1.0], [0.821423, 0.166733, 0.545402, -0.0, -0.408981, 0.83872, 0.359558, 0.3, -0.39749, -0.518408, 0.757135, -0.0, 0.0, 0.0, 0.0, 1.0], [0.780172, 0.166733, 0.602936, 0.0, -0.433727, 0.83872, 0.329286, 0.3, -0.450792, -0.518409, 0.726662, -0.0, 0.0, 0.0, 0.0, 1.0], [0.928085, -0.004314, -0.372345, -0.0, 0.010194, 0.999852, 0.013823, 0.3, 0.372231, -0.016624, 0.927991, -0.0, 0.0, 0.0, 0.0, 1.0], [0.754123, 0.047305, -0.655027, 0.0, -0.016813, 0.998466, 0.052752, 0.3, 0.656518, -0.028769, 0.753761, -0.0, 0.0, 0.0, 0.0, 1.0], [0.969214, -0.000275, -0.246218, -0.0, 0.00095, 0.999996, 0.002621, 0.3, 0.246216, -0.002774, 0.969211, 0.0, 0.0, 0.0, 0.0, 1.0]]}, {"name": "Head", "time": [0.0, 0.1, 0.2, 0.3, 0.4, 0.6, 0.9, 1.0, 1.4], "transform": [[-0.028472, 0.120684, 0.992282, 0.0, 0.053622, 0.99144, -0.119043, 0.4, -0.998155, 0.049819, -0.0347, 0.0, 0.0, 0.0, 0.0, 1.0], [0.349839, 0.170451, 0.921173, 0.0, -0.003016, 0.983508, -0.18084, 0.4, -0.936805, 0.060486, 0.344583, 0.0, 0.0, 0.0, 0.0, 1.0], [0.807285, 0.170129, 0.565109, 0.0, -0.116518, 0.984646, -0.129982, 0.4, -0.578546, 0.039087, 0.814713, 0.0, 0.0, 0.0, 0.0, 1.0], [0.452876, -0.211218, -0.866192, 0.0, 0.00188, 0.971757, -0.235977, 0.4, 0.891573, 0.105239, 0.440483, -0.0, 0.0, 0.0, 0.0, 1.0], [0.050569, -0.248483, -0.967314, 0.0, -0.013952, 0.968284, -0.249462, 0.4, 0.998624, 0.02611, 0.0455, 0.0, 0.0, 0.0, 0.0, 1.0], [-0.213509, -0.248484, -0.944811, 0.0, -0.081045, 0.968285, -0.236343, 0.4, 0.973575, 0.02611, -0.226875, -0.0, 0.0, 0.0, 0.0, 1.0], [0.991007, -0.055779, -0.121624, 0.0, 0.039964, 0.990866, -0.128793, 0.4, 0.127698, 0.122775, 0.984185, 0.0, 0.0, 0.0, 0.0, 1.0], [0.876468, 0.080901, 0.474615, 0.0, -0.06354, 0.996596, -0.052537, 0.4, -0.47725, 0.01589, 0.878624, 0.0, 0.0, 0.0, 0.0, 1.0], [0.478288, -0.003673, 0.878195, 0.0, 0.078967, 0.99612, -0.038841, 0.4, -0.874645, 0.087926, 0.476722, -0.0, 0.0, 0.0, 0.0, 1.0]]}, {"name": "Shoulder_R", "time": [0.0, 0.05, 0.1, 0.2, 0.25, 0.3, 0.4, 0.6, 1.0, 1.4], "transform": [[0.405456, 0.829873, 0.383296, 0.0, -0.108524, -0.372642, 0.921607, 0.4, 0.907653, -0.415266, -0.061029, 0.0, 0.0, 0.0, 0.0, 1.0], [0.362362, 0.836953, 0.410127, 0.0, -0.096989, -0.403782, 0.9097, 0.4, 0.92698, -0.369417, -0.06514, -0.0, 0.0, 0.0, 0.0, 1.0], [0.375668, 0.900904, 0.217363, 0.0, -0.100551, -0.193536, 0.975928, 0.4, 0.921286, -0.38848, 0.017881, -0.0, 0.0, 0.0, 0.0, 1.0], [0.482999, 0.868766, 0.109362, 0.0, -0.129279, -0.052775, 0.990204, 0.4, 0.866028, -0.492404, 0.086823, 0.0, 0.0, 0.0, 0.0, 1.0], [0.482998, 0.853813, 0.194205, 0.0, -0.129279, -0.149826, 0.980224, 0.4, 0.866027, -0.498552, 0.038014, -0.0, 0.0, 0.0, 0.0, 1.0], [0.482998, 0.811844, 0.328061, 0.0, -0.129279, -0.304438, 0.943719, 0.4, 0.866025, -0.498226, -0.042088, -0.0, 0.0, 0.0, 0.0, 1.0], [0.482998, 0.787918, 0.381967, 0.0, -0.129279, -0.367275, 0.921084, 0.4, 0.866026, -0.494262, -0.075532, 0.0, 0.0, 0.0, 0.0, 1.0], [0.482998, 0.787918, 0.381967, 0.0, -0.129279, -0.367275, 0.921084, 0.4, 0.866026, -0.494262, -0.075532, 0.0, 0.0, 0.0, 0.0, 1.0], [0.255448, 0.959459, 0.119111, 0.0, -0.068372, -0.104963, 0.992124, 0.4, 0.964404, -0.26158, 0.038788, 0.0, 0.0, 0.0, 0.0, 1.0], [0.075495, 0.903513, 0.421863, 0.0, -0.020206, -0.421598, 0.90656, 0.4, 0.996943, -0.076965, -0.013572, 0.0, 0.0, 0.0, 0.0, 1.0]]}, {"name": "Arm_R", "time": [0.0, 0.05, 0.1, 0.2, 0.25, 0.3, 0.4, 0.6, 0.9, 1.2, 1.4], "transform": [[0.308271, -0.750207, -0.584939, 0.0, 0.903179, 0.423884, -0.06766, 0.388385, 0.298703, -0.507446, 0.808255, 0.0, 0.0, 0.0, 0.0, 1.0], [0.447819, -0.86419, -0.229401, 0.0, 0.893101, 0.444571, 0.068674, 0.388385, 0.042638, -0.235632, 0.970908, 0.0, 0.0, 0.0, 0.0, 1.0], [0.370638, -0.828272, 0.420221, -0.0, 0.698475, -0.049641, -0.713908, 0.388385, 0.612171, 0.558115, 0.560132, 0.0, 0.0, 0.0, 0.0, 1.0], [0.93707, -0.327468, 0.121068, -0.0, 0.297138, 0.565966, -0.769018, 0.388385, 0.183308, 0.756597, 0.627657, -0.0, 0.0, 0.0, 0.0, 1.0], [-0.176863, -0.664859, -0.725727, -0.0, 0.878674, 0.225548, -0.420776, 0.388385, 0.443441, -0.712095, 0.544311, 0.0, 0.0, 0.0, 0.0, 1.0], [-0.233247, -0.548805, -0.802751, 0.0, 0.96237, -0.011944, -0.271464, 0.388385, 0.139392, -0.83586, 0.530945, 0.0, 0.0, 0.0, 0.0, 1.0], [0.0501, -0.514621, -0.855952, -0.0, 0.995552, 0.094177, 0.001649, 0.388385, 0.079762, -0.852226, 0.517054, 0.0, 0.0, 0.0, 0.0, 1.0], [0.029596, -0.482842, -0.875207, 0.0, 0.998192, 0.060056, 0.000623, 0.388385, 0.05226, -0.873643, 0.48375, 0.0, 0.0, 0.0, 0.0, 1.0], [0.120711, -0.905134, -0.407625, 0.0, 0.81819, 0.323244, -0.475476, 0.388385, 0.562132, -0.276118, 0.779593, 0.0, 0.0, 0.0, 0.0, 1.0], [0.607812, 0.113712, -0.785896, -0.0, 0.515972, 0.695737, 0.499721, 0.388385, 0.603602, -0.709236, 0.364206, -0.0, 0.0, 0.0, 0.0, 1.0], [0.120311, -0.403094, -0.907214, -0.0, 0.976511, 0.212599, 0.035039, 0.388385, 0.178749, -0.890119, 0.419205, 0.0, 0.0, 0.0, 0.0, 1.0]]}, {"name": "Hand_R", "time": [0.0, 0.05, 0.1, 0.2, 0.25, 0.3, 0.4, 0.6, 0.9, 1.0, 1.2, 1.3, 1.4], "transform": [[0.973004, -0.22512, -0.050812, 0.0, 0.187117, 0.898419, -0.39728, 0.33, 0.135086, 0.377048, 0.916289, 0.0, 0.0, 0.0, 0.0, 1.0], [0.959012, -0.275477, 0.066368, 0.0, 0.277793, 0.867834, -0.411943, 0.33, 0.055884, 0.413496, 0.90879, 0.0, 0.0, 0.0, 0.0, 1.0], [0.122528, 0.724319, 0.678493, 0.0, 0.140873, 0.664029, -0.734318, 0.33, -0.982412, 0.185556, -0.020675, -0.0, 0.0, 0.0, 0.0, 1.0], [0.062925, -0.063295, 0.996008, -0.0, 0.32262, 0.945694, 0.039716, 0.33, -0.944434, 0.318833, 0.079928, -0.0, 0.0, 0.0, 0.0, 1.0], [0.098466, 0.134549, 0.986006, 0.0, 0.059616, 0.988234, -0.140809, 0.33, -0.993354, 0.072646, 0.089287, -0.0, 0.0, 0.0, 0.0, 1.0], [0.085626, 0.115849, 0.989572, -0.0, 0.218355, 0.966881, -0.132089, 0.33, -0.972109, 0.227385, 0.057494, 0.0, 0.0, 0.0, 0.0, 1.0], [0.384319, -0.233922, 0.893074, -0.0, 0.295713, 0.947585, 0.120948, 0.33, -0.87456, 0.21761, 0.433351, 0.0, 0.0, 0.0, 0.0, 1.0], [0.384319, -0.233922, 0.893074, -0.0, 0.295713, 0.947585, 0.120948, 0.33, -0.87456, 0.21761, 0.43335, 0.0, 0.0, 0.0, 0.0, 1.0], [0.995116, 0.072854, -0.066618, -0.0, -0.074359, 0.99702, -0.020398, 0.33, 0.064934, 0.025252, 0.997571, 0.0, 0.0, 0.0, 0.0, 1.0], [0.943975, -0.326712, 0.046587, 0.0, 0.329819, 0.938849, -0.098886, 0.33, -0.011431, 0.108711, 0.994008, -0.0, 0.0, 0.0, 0.0, 1.0], [0.980674, -0.195323, 0.011263, 0.0, 0.193453, 0.959463, -0.204949, 0.33, 0.029225, 0.203166, 0.978709, 0.0, 0.0, 0.0, 0.0, 1.0], [0.117135, -0.02709, 0.992747, 0.0, 0.24012, 0.97074, -0.001842, 0.33, -0.96365, 0.238594, 0.120213, -0.0, 0.0, 0.0, 0.0, 1.0], [7.1e-05, 0.098596, 0.995129, 0.0, 0.155788, 0.982976, -0.097404, 0.33, -0.987791, 0.155035, -0.01529, 0.0, 0.0, 0.0, 0.0, 1.0]]}, {"name": "Tool_R", "time": [0.0, 0.1, 0.2, 0.25, 0.3, 0.4, 0.6, 0.9, 1.2, 1.3, 1.4], "transform": [[1.0, -0.0, 0.0, -0.0, 0.0, -0.651156, -0.758945, 0.291204, 0.0, 0.75894, -0.651161, -0.0, 0.0, 0.0, 0.0, 1.0], [1.0, 0.0, 0.0, -0.0, 0.0, -0.93494, 0.354806, 0.291204, 0.0, -0.354806, -0.93494, -0.0, 0.0, 0.0, 0.0, 1.0], [0.999999, 0.0, 0.0, 0.0, 0.0, -0.896843, 0.442347, 0.291204, 0.0, -0.442345, -0.896846, 0.0, 0.0, 0.0, 0.0, 1.0], [0.999999, 0.0, 0.0, -0.0, 0.0, -0.993261, -0.115872, 0.291204, 0.0, 0.115871, -0.993269, 0.0, 0.0, 0.0, 0.0, 1.0], [0.999999, -0.0, 0.0, -0.0, 0.0, -0.930956, -0.365127, 0.291203, 0.0, 0.365125, -0.930961, 0.0, 0.0, 0.0, 0.0, 1.0], [1.0, 0.0, 0.0, 0.0, 0.0, -0.983853, 0.178981, 0.291204, 0.0, -0.178981, -0.983852, 0.0, 0.0, 0.0, 0.0, 1.0], [0.999999, 0.0, 0.0, 0.0, -0.0, -0.97056, 0.240862, 0.291204, 0.0, -0.240862, -0.970559, 0.0, 0.0, 0.0, 0.0, 1.0], [1.0, -0.0, 0.0, 0.0, -0.0, -0.5, -0.866025, 0.291204, 0.0, 0.866026, -0.5, -0.0, 0.0, 0.0, 0.0, 1.0], [1.0, -0.0, 0.0, 0.0, 0.0, -0.5, -0.866026, 0.291204, 0.0, 0.866026, -0.5, 0.0, 0.0, 0.0, 0.0, 1.0], [1.0, -0.0, 0.0, 0.0, 0.0, -0.680102, -0.733118, 0.291204, 0.0, 0.733117, -0.680102, 0.0, 0.0, 0.0, 0.0, 1.0], [1.0, -0.0, 0.0, 0.0, -0.0, -0.96684, -0.255383, 0.291204, 0.0, 0.255383, -0.96684, 0.0, 0.0, 0.0, 0.0, 1.0]]}, {"name": "Elbow_R", "time": [0.0, 0.1, 0.2, 0.3, 0.4, 0.6, 1.4], "transform": [[-1.0, 0.0, 0.0, 0.0, -0.0, 0.0, -1.0, 0.33, -0.0, -1.0, 0.0, 0.0, 0.0, 0.0, 0.0, 1.0], [-1.0, 0.0, 0.0, -0.0, -0.0, -0.0, -1.0, 0.33, -0.0, -1.0, 0.0, 0.0, 0.0, 0.0, 0.0, 1.0], [-1.0, 0.0, 0.0, -0.0, -0.0, 0.0, -1.0, 0.33, -0.0, -1.0, 0.0, 0.0, 0.0, 0.0, 0.0, 1.0], [-1.0, 0.0, 0.0, -0.0, -0.0, -0.0, -1.0, 0.33, -0.0, -1.0, -0.0, 0.0, 0.0, 0.0, 0.0, 1.0], [-1.0, 0.0, 0.0, -0.0, -0.0, -0.0, -1.0, 0.33, -0.0, -1.0, -0.0, 0.0, 0.0, 0.0, 0.0, 1.0], [-1.0, 0.0, 0.0, -0.0, -0.0, 0.0, -1.0, 0.33, -0.0, -1.0, -0.0, 0.0, 0.0, 0.0, 0.0, 1.0], [-1.0, 0.0, 0.0, 0.0, -0.0, -0.0, -1.0, 0.33, -0.0, -1.0, -0.0, 0.0, 0.0, 0.0, 0.0, 1.0]]}, {"name": "Shoulder_L", "time": [0.0, 0.1, 0.2, 0.25, 0.3, 0.4, 0.6, 1.4], "transform": [[0.482996, -0.868761, -0.109383, -0.0, 0.129288, -0.052794, 0.990199, 0.4, -0.866026, -0.492403, 0.086822, 0.0, 0.0, 0.0, 0.0, 1.0], [0.482995, -0.868762, -0.109383, 0.0, 0.129288, -0.052794, 0.990199, 0.4, -0.866024, -0.492404, 0.086822, 0.0, 0.0, 0.0, 0.0, 1.0], [0.482995, -0.868762, -0.109383, 0.0, 0.129288, -0.052794, 0.990198, 0.4, -0.866024, -0.492404, 0.086822, 0.0, 0.0, 0.0, 0.0, 1.0], [0.482995, -0.778958, -0.39992, 0.0, 0.129288, -0.388278, 0.912425, 0.4, -0.866024, -0.492403, -0.086826, -0.0, 0.0, 0.0, 0.0, 1.0], [0.482995, -0.778958, -0.39992, 0.0, 0.129288, -0.388278, 0.912426, 0.4, -0.866024, -0.492403, -0.086826, -0.0, 0.0, 0.0, 0.0, 1.0], [0.259172, -0.871532, -0.416244, -0.0, 0.069374, -0.413058, 0.908058, 0.4, -0.963336, -0.264219, -0.046591, 0.0, 0.0, 0.0, 0.0, 1.0], [0.259172, -0.871533, -0.416244, 0.0, 0.069374, -0.413058, 0.908058, 0.4, -0.963336, -0.264219, -0.046591, -0.0, 0.0, 0.0, 0.0, 1.0], [0.292303, -0.861814, -0.41453, -0.0, 0.078243, -0.410457, 0.908517, 0.4, -0.95312, -0.297996, -0.052547, -0.0, 0.0, 0.0, 0.0, 1.0]]}, {"name": "Arm_L", "time": [0.0, 0.1, 0.2, 0.25, 0.3, 0.4, 0.6, 1.4], "transform": [[-0.520996, 0.803558, 0.287847, -0.0, -0.702285, -0.211889, -0.679623, 0.388354, -0.485126, -0.556233, 0.674725, 0.0, 0.0, 0.0, 0.0, 1.0], [0.406663, 0.743497, -0.530878, -0.0, -0.001592, -0.580522, -0.814239, 0.388354, -0.913571, 0.331966, -0.234893, -0.0, 0.0, 0.0, 0.0, 1.0], [0.223613, 0.68557, -0.69281, -0.0, -0.319409, -0.620011, -0.716629, 0.388355, -0.92085, 0.381537, 0.080333, -0.0, 0.0, 0.0, 0.0, 1.0], [-0.507094, 0.829909, 0.232586, -0.0, -0.47892, -0.046961, -0.876601, 0.388354, -0.716575, -0.555906, 0.42128, 0.0, 0.0, 0.0, 0.0, 1.0], [-0.584699, 0.4955, 0.642341, 0.0, -0.391805, 0.52084, -0.758425, 0.388354, -0.710357, -0.695122, -0.110396, 0.0, 0.0, 0.0, 0.0, 1.0], [-0.688646, 0.680861, 0.249378, 0.0, -0.052461, 0.296239, -0.953669, 0.388354, -0.723194, -0.669824, -0.168285, 0.0, 0.0, 0.0, 0.0, 1.0], [-0.695582, 0.652537, 0.300588, -0.0, -0.044494, 0.378459, -0.924545, 0.388355, -0.717064, -0.656473, -0.234216, -0.0, 0.0, 0.0, 0.0, 1.0], [-0.857607, 0.393586, 0.331058, -0.0, -0.451334, -0.267326, -0.851371, 0.388355, -0.246587, -0.879561, 0.406899, 0.0, 0.0, 0.0, 0.0, 1.0]]}, {"name": "Hand_L", "time": [0.0, 0.1, 0.2, 0.25, 0.3, 0.4, 0.6, 1.4], "transform": [[0.993442, 0.003269, 0.114273, -0.0, -0.002595, 0.999976, -0.006039, 0.33, -0.11429, 0.005698, 0.993436, 0.0, 0.0, 0.0, 0.0, 1.0], [0.999172, 0.000342, 0.040677, 0.0, -0.000126, 0.999989, -0.005296, 0.33, -0.040678, 0.005287, 0.999157, 0.0, 0.0, 0.0, 0.0, 1.0], [0.997129, -0.000586, -0.075703, 0.0, 0.000203, 0.999979, -0.005058, 0.33, 0.075705, 0.005032, 0.997126, 0.0, 0.0, 0.0, 0.0, 1.0], [0.996683, 4.5e-05, -0.081351, -0.0, -0.000475, 0.99997, -0.005252, 0.33, 0.081351, 0.005284, 0.996688, -0.0, 0.0, 0.0, 0.0, 1.0], [0.981173, 0.144115, -0.128554, -0.0, -0.191625, 0.643896, -0.740725, 0.33, -0.023974, 0.751415, 0.659404, -0.0, 0.0, 0.0, 0.0, 1.0], [0.98379, 0.153584, -0.092549, 0.0, -0.179266, 0.830492, -0.527396, 0.33, -0.004139, 0.535441, 0.844565, 0.0, 0.0, 0.0, 0.0, 1.0], [0.968876, 0.21433, -0.123847, -0.0, -0.242514, 0.721561, -0.648486, 0.33, -0.049627, 0.658342, 0.751085, 0.0, 0.0, 0.0, 0.0, 1.0], [0.989799, 0.003634, 0.142428, -0.0, -0.00274, 0.999976, -0.00648, 0.33, -0.142448, 0.006023, 0.989783, -0.0, 0.0, 0.0, 0.0, 1.0]]}, {"name": "Tool_L", "time": [0.0, 0.1, 0.2, 0.25, 0.3, 0.4, 0.6, 1.4], "transform": [[1.0, 0.000239, -0.000612, -0.0, 0.00024, -1.0, 0.001131, 0.291204, -0.000612, -0.001131, -0.999999, 0.0, 0.0, 0.0, 0.0, 1.0], [0.999999, 0.000478, -0.001225, 0.0, 0.000481, -0.999997, 0.002262, 0.291204, -0.001223, -0.002263, -0.999997, 0.0, 0.0, 0.0, 0.0, 1.0], [0.999999, 0.000455, -0.001165, 0.0, 0.000457, -0.999998, 0.002153, 0.291204, -0.001164, -0.002153, -0.999997, 0.0, 0.0, 0.0, 0.0, 1.0], [0.999999, 0.000432, -0.001106, -0.0, 0.000434, -0.999998, 0.002043, 0.291204, -0.001105, -0.002044, -0.999998, 0.0, 0.0, 0.0, 0.0, 1.0], [0.999999, 0.000427, -0.001093, 0.0, 0.000429, -0.999998, 0.002019, 0.291204, -0.001092, -0.002019, -0.999997, 0.0, 0.0, 0.0, 0.0, 1.0], [0.999999, 0.000416, -0.001067, 0.0, 0.000418, -0.999998, 0.001971, 0.291204, -0.001066, -0.001971, -0.999998, 0.0, 0.0, 0.0, 0.0, 1.0], [1.0, 0.000416, -0.001067, 0.0, 0.000418, -0.999998, 0.001971, 0.291204, -0.001066, -0.001971, -0.999998, 0.0, 0.0, 0.0, 0.0, 1.0], [1.0, 0.0, 0.0, -0.0, 0.0, -1.0, -0.0, 0.291204, 0.0, -0.0, -1.0, 0.0, 0.0, 0.0, 0.0, 1.0]]}, {"name": "Elbow_L", "time": [0.0, 0.1, 0.4, 0.6, 1.4], "transform": [[-1.0, 0.0, -0.0, 0.0, 0.0, -0.0, -1.0, 0.33, -0.0, -1.0, 0.0, 0.0, 0.0, 0.0, 0.0, 1.0], [-1.0, 0.0, -0.0, 0.0, 0.0, -0.0, -1.0, 0.33, -0.0, -1.0, 0.0, 0.0, 0.0, 0.0, 0.0, 1.0], [-1.0, 0.0, -0.0, 0.0, 0.0, -0.0, -1.0, 0.33, -0.0, -1.0, 0.0, 0.0, 0.0, 0.0, 0.0, 1.0], [-1.0, 0.0, -0.0, 0.0, 0.0, -0.0, -1.0, 0.33, -0.0, -1.0, 0.0, 0.0, 0.0, 0.0, 0.0, 1.0], [-1.0, 0.0, -0.0, 0.0, 0.0, -0.0, -1.0, 0.33, -0.0, -1.0, 0.0, 0.0, 0.0, 0.0, 0.0, 1.0]]}]}