{

    "animation": [
        {
            "name": "Root",
            "time": [0.0, 0.1833, 0.2167, 0.2667, 0.3, 0.6, 0.7],
            "transform": [
                [0.238122, -0.195846, -0.951285, -5e-06, -0.929509, 0.238054, -0.281681, 0.000946, 0.281623, 0.951302, -0.125355, 0.773972, 0.0, 0.0, 0.0, 1.0],
                [-0.102381, -0.24808, -0.963314, -5e-06, -0.902487, 0.430458, -0.014938, 0.000946, 0.418373, 0.867849, -0.26796, 0.673972, 0.0, 0.0, 0.0, 1.0],
                [0.885108, -0.124036, -0.448553, -5e-06, -0.429169, 0.155235, -0.889785, 0.000946, 0.179996, 0.98006, 0.084167, 0.573972, 0.0, 0.0, 0.0, 1.0],
                [0.985343, -0.024325, 0.168839, -5e-06, 0.170507, 0.169916, -0.970596, 0.200946, -0.005079, 0.985158, 0.171573, 0.773972, 0.0, 0.0, 0.0, 1.0],
                [0.786454, -0.215053, 0.579002, -5e-06, 0.613125, 0.385076, -0.689778, 0.400946, -0.074621, 0.897479, 0.434699, 0.973972, 0.0, 0.0, 0.0, 1.0],
                [0.503289, 0.038337, 0.863267, -5e-06, 0.837724, 0.223381, -0.498317, 0.600946, -0.211941, 0.973977, 0.080309, 1.033972, 0.0, 0.0, 0.0, 1.0],
                [0.768192, 0.038337, 0.639071, -5e-06, 0.637212, 0.050858, -0.769008, 0.600946, -0.061983, 0.99797, 0.01464, 0.773972, 0.0, 0.0, 0.0, 1.0]
            ]
        },
        {
            "name": "Thigh_R",
            "time": [0.0, 0.1833, 0.2167, 0.2667, 0.3, 0.6, 0.7],
            "transform": [
                [0.961085, 0.257871, -0.099034, 0.124994, 0.233442, -0.566549, 0.790268, -0.00283, 0.147679, -0.782641, -0.604701, -1.2e-05, 0.0, 0.0, 0.0, 1.0],
                [0.96568, 0.22149, -0.135621, 0.124994, 0.23848, -0.549441, 0.800774, -0.002831, 0.102848, -0.805638, -0.583409, -1.2e-05, 0.0, 0.0, 0.0, 1.0],
                [0.993188, 0.104546, 0.051406, 0.124994, 0.074065, -0.907222, 0.414075, -0.00283, 0.089926, -0.407448, -0.908789, -1.2e-05, 0.0, 0.0, 0.0, 1.0],
                [0.99296, 0.012927, 0.117735, 0.124994, -0.005444, -0.987991, 0.1544, -0.00283, 0.118317, -0.153954, -0.980968, -1.2e-05, 0.0, 0.0, 0.0, 1.0],
                [0.985115, -0.086786, 0.148385, 0.124994, -0.070925, -0.991503, -0.109036, -0.002831, 0.156587, 0.096888, -0.982901, -1.2e-05, 0.0, 0.0, 0.0, 1.0],
                [0.950516, -0.293912, 0.100681, 0.124994, -0.299927, -0.952616, 0.050642, -0.00283, 0.081026, -0.078333, -0.993628, -1.2e-05, 0.0, 0.0, 0.0, 1.0],
                [0.996809, 0.040504, 0.068778, 0.124994, 0.023268, -0.97171, 0.235018, -0.00283, 0.076351, -0.232667, -0.969554, -1.2e-05, 0.0, 0.0, 0.0, 1.0]
            ]
        },
        {
            "name": "Leg_R",
            "time": [0.0, 0.1833, 0.2167, 0.2667, 0.3, 0.6, 0.7],
            "transform": [
                [0.999818, 8e-06, -0.019081, 0.0, 0.019072, 0.0309, 0.999344, 0.37472, 0.000597, -0.99952, 0.030894, -0.0, 0.0, 0.0, 0.0, 1.0],
                [0.999815, 0.00269, -0.019059, 0.0, 0.01902, 0.013992, 0.999719, 0.37472, 0.002956, -0.999901, 0.013938, -0.0, 0.0, 0.0, 0.0, 1.0],
                [0.999402, -0.026266, -0.022482, 0.0, 0.032478, 0.490291, 0.870953, 0.37472, -0.011854, -0.871165, 0.490849, 0.0, 0.0, 0.0, 0.0, 1.0],
                [0.998998, -0.04069, -0.018663, -0.0, 0.041665, 0.692694, 0.720027, 0.37472, -0.01637, -0.720084, 0.693694, 0.0, 0.0, 0.0, 0.0, 1.0],
                [0.99851, -0.053315, -0.011624, -0.0, 0.051369, 0.846536, 0.529847, 0.37472, -0.018408, -0.529654, 0.848014, -0.0, 0.0, 0.0, 0.0, 1.0],
                [0.998358, -0.040612, -0.040391, -0.0, 0.052639, 0.372529, 0.926528, 0.37472, -0.022582, -0.92713, 0.374056, 0.0, 0.0, 0.0, 0.0, 1.0],
                [0.999797, 0.016492, -0.011555, -0.0, 0.008972, 0.148895, 0.988812, 0.37472, 0.018029, -0.988716, 0.148717, -0.0, 0.0, 0.0, 0.0, 1.0]
            ]
        },
        {
            "name": "Knee_R",
            "time": [0.0, 0.1833, 0.2167, 0.2667, 0.3, 0.6, 0.7],
            "transform": [
                [0.999947, -0.003858, -0.009547, 0.0, -0.004169, 0.696091, -0.717939, 0.37472, 0.009415, 0.717943, 0.696041, -0.0, 0.0, 0.0, 0.0, 1.0],
                [0.999946, -0.002559, -0.010086, 0.0, -0.005385, 0.702147, -0.712013, 0.37472, 0.008904, 0.712028, 0.702094, -0.0, 0.0, 0.0, 0.0, 1.0],
                [0.999839, -0.016176, -0.00769, 0.0, 0.001523, 0.504575, -0.863367, 0.37472, 0.017847, 0.863216, 0.504518, 0.0, 0.0, 0.0, 0.0, 1.0],
                [0.999739, -0.02225, -0.00519, -0.0, 0.003933, 0.391356, -0.920231, 0.37472, 0.022507, 0.91997, 0.391341, 0.0, 0.0, 0.0, 0.0, 1.0],
                [0.99962, -0.027483, -0.002069, -0.0, 0.005588, 0.27564, -0.961245, 0.37472, 0.026989, 0.960868, 0.275689, -0.0, 0.0, 0.0, 0.0, 1.0],
                [0.999551, -0.026495, -0.01399, -0.0, 0.00323, 0.559498, -0.828826, 0.37472, 0.029787, 0.828408, 0.559332, 0.0, 0.0, 0.0, 0.0, 1.0],
                [0.999942, 0.006106, -0.008843, -0.0, -0.010686, 0.652327, -0.757863, 0.37472, 0.001141, 0.757913, 0.652354, -0.0, 0.0, 0.0, 0.0, 1.0]
            ]
        },
        {
            "name": "Thigh_L",
            "time": [0.0, 0.1833, 0.2167, 0.2667, 0.3, 0.6, 0.7],
            "transform": [
                [0.99869, 0.017797, -0.047977, -0.125006, 0.034967, -0.92188, 0.385894, -0.002831, -0.037361, -0.387066, -0.921294, -1.2e-05, 0.0, 0.0, 0.0, 1.0],
                [0.992988, 0.062752, -0.100073, -0.125006, 0.109441, -0.807602, 0.57947, -0.002831, -0.044464, -0.586359, -0.808821, -1.2e-05, 0.0, 0.0, 0.0, 1.0],
                [0.999046, -0.00379, -0.043491, -0.125006, 0.025682, -0.754584, 0.6557, -0.00283, -0.035302, -0.656192, -0.753767, -1.2e-05, 0.0, 0.0, 0.0, 1.0],
                [0.999582, -0.009924, -0.027143, -0.125006, 0.013808, -0.661048, 0.750216, -0.002831, -0.025388, -0.750278, -0.660635, -1.2e-05, 0.0, 0.0, 0.0, 1.0],
                [0.99981, -0.015537, -0.011712, -0.125006, 0.001078, -0.556789, 0.830653, -0.002831, -0.019427, -0.830508, -0.556667, -1.2e-05, 0.0, 0.0, 0.0, 1.0],
                [0.997161, -0.070124, 0.027222, -0.125006, -0.060194, -0.526723, 0.847898, -0.00283, -0.045116, -0.847129, -0.529453, -1.2e-05, 0.0, 0.0, 0.0, 1.0],
                [0.999877, -0.015612, 0.001203, -0.125006, -0.013163, -0.796427, 0.604591, -0.00283, -0.008481, -0.604532, -0.796535, -1.2e-05, 0.0, 0.0, 0.0, 1.0]
            ]
        },
        {
            "name": "Leg_L",
            "time": [0.0, 0.1833, 0.2167, 0.2667, 0.3, 0.6, 0.7],
            "transform": [
                [0.999185, -0.040289, 0.002242, -0.0, 0.008479, 0.263961, 0.964496, 0.37472, -0.039451, -0.963692, 0.264087, -0.0, 0.0, 0.0, 0.0, 1.0],
                [0.99996, 0.005693, -0.006757, 0.0, 0.00761, -0.166381, 0.986032, 0.37472, 0.004489, -0.986045, -0.166418, 0.0, 0.0, 0.0, 0.0, 1.0],
                [0.999947, -0.010303, 0.000294, -0.0, 0.000907, 0.116358, 0.993208, 0.37472, -0.010267, -0.993153, 0.116361, -0.0, 0.0, 0.0, 0.0, 1.0],
                [0.999996, 0.002295, 0.001754, 0.0, -0.001961, 0.093561, 0.995613, 0.37472, 0.002121, -0.995611, 0.093565, -0.0, 0.0, 0.0, 0.0, 1.0],
                [0.999884, 0.014852, 0.003501, -0.0, -0.004543, 0.070689, 0.997489, 0.37472, 0.014567, -0.997388, 0.070749, -0.0, 0.0, 0.0, 0.0, 1.0],
                [0.999608, -0.026322, -0.009534, -0.0, 0.007669, -0.070088, 0.997511, 0.37472, -0.026924, -0.997194, -0.069858, -0.0, 0.0, 0.0, 0.0, 1.0],
                [0.99999, 0.004046, -0.001481, 0.0, -0.001092, 0.570351, 0.8214, 0.37472, 0.004168, -0.821391, 0.570351, 0.0, 0.0, 0.0, 0.0, 1.0]
            ]
        },
        {
            "name": "Knee_L",
            "time": [0.0, 0.1833, 0.2167, 0.2667, 0.3, 0.6, 0.7],
            "transform": [
                [0.999773, -0.019768, 0.007929, -0.0, 0.018294, 0.606341, -0.794994, 0.37472, 0.010908, 0.794959, 0.606566, -0.0, 0.0, 0.0, 0.0, 1.0],
                [0.999989, 0.00128, -0.004702, 0.0, -0.004013, 0.763677, -0.645595, 0.37472, 0.002761, 0.645601, 0.763664, 0.0, 0.0, 0.0, 0.0, 1.0],
                [0.999985, -0.005094, 0.002105, -0.0, 0.004959, 0.664679, -0.747113, 0.37472, 0.002406, 0.747112, 0.664694, -0.0, 0.0, 0.0, 0.0, 1.0],
                [0.999999, 0.001488, 0.000431, 0.0, -0.000683, 0.673215, -0.739446, 0.37472, -0.001391, 0.739445, 0.673215, -0.0, 0.0, 0.0, 0.0, 1.0],
                [0.999967, 0.008117, -0.001174, -0.0, -0.006392, 0.68161, -0.731687, 0.37472, -0.005139, 0.73167, 0.68164, -0.0, 0.0, 0.0, 0.0, 1.0],
                [0.999883, -0.015233, 0.000956, -0.0, 0.011793, 0.731317, -0.68194, 0.37472, 0.009691, 0.681869, 0.731406, -0.0, 0.0, 0.0, 0.0, 1.0],
                [0.999998, 0.001842, -0.001239, 0.0, -0.001952, 0.463489, -0.8861, 0.37472, -0.001058, 0.886101, 0.463491, 0.0, 0.0, 0.0, 0.0, 1.0]
            ]
        },
        {
            "name": "Torso",
            "time": [0.0, 0.1833, 0.2167, 0.2667, 0.3, 0.6, 0.7],
            "transform": [
                [0.998333, -0.057683, 0.001953, 0.0, 0.05771, 0.997169, -0.048202, 0.05, 0.000833, 0.048234, 0.998836, -0.0, 0.0, 0.0, 0.0, 1.0],
                [0.997646, -0.058191, 0.036289, -0.0, 0.059383, 0.9977, -0.032695, 0.05, -0.034303, 0.034773, 0.998806, 0.0, 0.0, 0.0, 0.0, 1.0],
                [0.996204, -0.007431, 0.086731, -0.0, 0.006994, 0.999961, 0.005343, 0.05, -0.086767, -0.004716, 0.996217, -0.0, 0.0, 0.0, 0.0, 1.0],
                [0.997182, 0.007833, 0.074608, 0.0, -0.023002, 0.978554, 0.204702, 0.05, -0.071405, -0.205841, 0.975977, 0.0, 0.0, 0.0, 0.0, 1.0],
                [0.994744, 0.07463, 0.070104, 0.0, -0.07764, 0.996128, 0.041241, 0.05, -0.066754, -0.046467, 0.996687, -0.0, 0.0, 0.0, 0.0, 1.0],
                [0.997852, -0.03738, 0.053793, -0.0, 0.033707, 0.99714, 0.067649, 0.05, -0.056168, -0.065691, 0.996258, 0.0, 0.0, 0.0, 0.0, 1.0],
                [0.995556, 0.062533, 0.070411, 0.0, -0.064608, 0.99753, 0.027583, 0.05, -0.068512, -0.03201, 0.997137, -0.0, 0.0, 0.0, 0.0, 1.0]
            ]
        },
        {
            "name": "Chest",
            "time": [0.0, 0.1833, 0.2167, 0.2667, 0.3, 0.6, 0.7],
            "transform": [
                [0.869915, 0.125198, -0.477047, -0.0, 0.040423, 0.945891, 0.321955, 0.3, 0.491543, -0.299357, 0.817784, -0.0, 0.0, 0.0, 0.0, 1.0],
                [0.904064, 0.42503, -0.044921, 0.0, -0.148005, 0.409937, 0.900025, 0.3, 0.400953, -0.807032, 0.433516, 0.0, 0.0, 0.0, 0.0, 1.0],
                [0.695346, 0.574903, -0.431255, -0.0, 0.052067, 0.558194, 0.828076, 0.3, 0.716786, -0.598253, 0.358205, -0.0, 0.0, 0.0, 0.0, 1.0],
                [0.688571, -0.057532, -0.722883, 0.0, -0.053667, 0.990071, -0.129917, 0.3, 0.72318, 0.128253, 0.678647, -0.0, 0.0, 0.0, 0.0, 1.0],
                [0.721878, -0.024633, 0.691581, 0.0, 0.030237, 0.999534, 0.00404, 0.3, -0.691359, 0.017995, 0.722288, -0.0, 0.0, 0.0, 0.0, 1.0],
                [0.745667, -0.322076, 0.583309, -0.0, 0.311488, 0.942367, 0.122143, 0.3, -0.58903, 0.090616, 0.803015, -0.0, 0.0, 0.0, 0.0, 1.0],
                [0.749025, -0.08236, 0.657402, 0.0, 0.036398, 0.99586, 0.083291, 0.3, -0.661541, -0.038458, 0.748922, -0.0, 0.0, 0.0, 0.0, 1.0]
            ]
        },
        {
            "name": "Head",
            "time": [0.0, 0.1833, 0.2167, 0.2667, 0.3, 0.6, 0.7],
            "transform": [
                [0.075203, 0.01855, 0.996996, 0.0, -0.03749, 0.999173, -0.015762, 0.4, -0.996463, -0.036192, 0.075836, 0.0, 0.0, 0.0, 0.0, 1.0],
                [-0.03457, -0.13396, 0.990384, 0.0, 0.393941, 0.908915, 0.136691, 0.400001, -0.918485, 0.394878, 0.021351, 0.0, 0.0, 0.0, 0.0, 1.0],
                [0.537067, -0.031175, 0.842963, 0.0, 0.617001, 0.695955, -0.367364, 0.400001, -0.575211, 0.717408, 0.39301, 0.0, 0.0, 0.0, 0.0, 1.0],
                [0.841528, 0.132932, 0.523602, -0.0, -0.092637, 0.990404, -0.102559, 0.4, -0.532211, 0.037801, 0.845767, 0.0, 0.0, 0.0, 0.0, 1.0],
                [0.116364, -0.254063, -0.960162, -0.0, -0.18949, 0.943293, -0.272564, 0.400001, 0.974963, 0.213658, 0.061623, -0.0, 0.0, 0.0, 0.0, 1.0],
                [-0.063655, 0.274398, -0.959507, 0.0, -0.091967, 0.955753, 0.279425, 0.400001, 0.993725, 0.106029, -0.035603, 0.0, 0.0, 0.0, 0.0, 1.0],
                [0.198521, 0.050247, -0.978808, 0.0, -0.014345, 0.998727, 0.04836, 0.4, 0.979992, 0.00444, 0.198989, -0.0, 0.0, 0.0, 0.0, 1.0]
            ]
        },
        {
            "name": "Shoulder_R",
            "time": [0.0, 0.1833, 0.2167, 0.2667, 0.3, 0.6, 0.7],
            "transform": [
                [-0.077752, 0.903284, 0.421938, 0.0, 0.020818, -0.421656, 0.906517, 0.4, 0.996755, 0.079268, 0.01398, 0.0, 0.0, 0.0, 0.0, 1.0],
                [-0.077752, 0.903284, 0.421938, 0.0, 0.020818, -0.421656, 0.906517, 0.400001, 0.996755, 0.079268, 0.01398, 0.0, 0.0, 0.0, 0.0, 1.0],
                [0.165568, 0.892293, 0.42, 0.0, -0.04434, -0.418712, 0.907036, 0.400001, 0.985201, -0.168799, -0.029761, 0.0, 0.0, 0.0, 0.0, 1.0],
                [0.280574, 0.873355, 0.398158, -0.0, -0.075137, -0.393563, 0.916222, 0.4, 0.956887, -0.286984, -0.044802, 0.0, 0.0, 0.0, 0.0, 1.0],
                [0.393648, 0.860128, 0.324379, -0.0, -0.105417, -0.308303, 0.945429, 0.400001, 0.913196, -0.406361, -0.030691, -0.0, 0.0, 0.0, 0.0, 1.0],
                [0.393648, 0.860128, 0.324379, 0.0, -0.105417, -0.308303, 0.94543, 0.400001, 0.913197, -0.406361, -0.030691, 0.0, 0.0, 0.0, 0.0, 1.0],
                [0.393648, 0.860128, 0.324379, 0.0, -0.105417, -0.308303, 0.94543, 0.4, 0.913197, -0.406361, -0.030691, -0.0, 0.0, 0.0, 0.0, 1.0]
            ]
        },
        {
            "name": "Arm_R",
            "time": [0.0, 0.1833, 0.2167, 0.2667, 0.3, 0.6, 0.7],
            "transform": [
                [-0.018077, -0.896133, 0.443416, -0.0, 0.321549, 0.414718, 0.851243, 0.388213, -0.94672, 0.157968, 0.280654, 0.0, 0.0, 0.0, 0.0, 1.0],
                [-0.018077, -0.624291, 0.780982, 0.0, 0.321549, 0.735984, 0.595763, 0.388213, -0.94672, 0.261894, 0.187435, 0.0, 0.0, 0.0, 0.0, 1.0],
                [-0.182417, -0.660689, 0.728158, -0.0, 0.002726, 0.740242, 0.672335, 0.388213, -0.983217, 0.12463, -0.133232, -0.0, 0.0, 0.0, 0.0, 1.0],
                [-0.045519, -0.998026, 0.043261, 0.0, -0.18146, 0.050846, 0.982083, 0.388213, -0.982344, 0.036853, -0.183417, 0.0, 0.0, 0.0, 0.0, 1.0],
                [-0.500829, -0.617958, 0.606051, -0.0, 0.741235, 0.055331, 0.668961, 0.388213, -0.446923, 0.784262, 0.430341, 0.0, 0.0, 0.0, 0.0, 1.0],
                [-0.513918, -0.808884, 0.28565, 0.0, 0.426788, 0.047761, 0.90309, 0.388213, -0.744137, 0.586026, 0.320677, 0.0, 0.0, 0.0, 0.0, 1.0],
                [-0.647803, -0.712277, 0.270208, 0.0, 0.42269, -0.040979, 0.905347, 0.388213, -0.633785, 0.700701, 0.327618, 0.0, 0.0, 0.0, 0.0, 1.0]
            ]
        },
        {
            "name": "Hand_R",
            "time": [0.0, 0.1833, 0.2167, 0.2667, 0.3, 0.6, 0.7],
            "transform": [
                [0.991849, 0.12632, -0.01669, 0.0, -0.127398, 0.980833, -0.147434, 0.329779, -0.002254, 0.148358, 0.988931, 0.0, 0.0, 0.0, 0.0, 1.0],
                [0.838977, -0.542105, 0.047322, -0.0, 0.527498, 0.831556, 0.173955, 0.329779, -0.133653, -0.120982, 0.983616, -0.0, 0.0, 0.0, 0.0, 1.0],
                [0.999999, 0.00076, 0.001029, -0.0, -0.000523, 0.976996, -0.213255, 0.329779, -0.001168, 0.213254, 0.976996, -0.0, 0.0, 0.0, 0.0, 1.0],
                [1.0, 0.000364, 0.000527, 0.0, -0.00028, 0.988615, -0.150471, 0.329779, -0.000575, 0.15047, 0.988614, 0.0, 0.0, 0.0, 0.0, 1.0],
                [1.0, 0.0, 0.0, 0.0, -0.0, 0.984808, -0.173648, 0.329779, -0.0, 0.173649, 0.984808, -0.0, 0.0, 0.0, 0.0, 1.0],
                [1.0, 0.0, 0.0, -0.0, -0.0, 0.996195, -0.087156, 0.329779, -0.0, 0.087156, 0.996195, 0.0, 0.0, 0.0, 0.0, 1.0],
                [1.0, 0.0, 0.0, 0.0, -0.0, 0.984808, -0.173648, 0.329779, -1e-06, 0.173648, 0.984808, 0.0, 0.0, 0.0, 0.0, 1.0]
            ]
        },
        {
            "name": "Tool_R",
            "time": [0.0, 0.1833, 0.2167, 0.2667, 0.3, 0.6, 0.7],
            "transform": [
                [1.0, 0.0, 0.0, -0.02, 0.0, -0.941046, -0.338278, 0.291425, 0.0, 0.338278, -0.941046, -0.0, 0.0, 0.0, 0.0, 1.0],
                [1.0, -0.0, 0.0, -0.02, 0.0, -0.881893, -0.47145, 0.291425, 0.0, 0.47145, -0.881893, -0.0, 0.0, 0.0, 0.0, 1.0],
                [1.0, -0.0, 0.0, -0.02, 0.0, -0.639544, -0.768755, 0.291425, 0.0, 0.768755, -0.639544, -0.0, 0.0, 0.0, 0.0, 1.0],
                [1.0, 0.0, 0.0, -0.02, 0.0, -0.865653, -0.500644, 0.291425, 0.0, 0.500644, -0.865654, -0.0, 0.0, 0.0, 0.0, 1.0],
                [1.0, -0.0, 0.0, -0.02, -0.0, -0.830726, -0.556682, 0.291425, 0.0, 0.556681, -0.830726, -0.0, 0.0, 0.0, 0.0, 1.0],
                [1.0, 0.0, 0.0, -0.02, 0.0, -0.950593, -0.310441, 0.291426, 0.0, 0.310441, -0.950593, -0.0, 0.0, 0.0, 0.0, 1.0],
                [1.0, 0.0, 0.0, -0.02, 0.0, -0.92394, -0.382537, 0.291425, 0.0, 0.382537, -0.92394, -0.0, 0.0, 0.0, 0.0, 1.0]
            ]
        },
        {
            "name": "Elbow_R",
            "time": [0.0, 0.1833, 0.2167, 0.2667, 0.3, 0.6, 0.7],
            "transform": [
                [-1.0, 0.0, -1e-06, 0.0, 1e-06, 0.074385, -0.997229, 0.329779, 0.0, -0.99723, -0.074385, 0.0, 0.0, 0.0, 0.0, 1.0],
                [-1.0, 0.0, -0.0, -0.0, 0.0, -0.061153, -0.998128, 0.329779, 0.0, -0.998128, 0.061153, -0.0, 0.0, 0.0, 0.0, 1.0],
                [-1.0, -0.0, -1e-06, -0.0, 1e-06, 0.107246, -0.994232, 0.329779, 0.0, -0.994232, -0.107246, -0.0, 0.0, 0.0, 0.0, 1.0],
                [-1.0, -0.0, -1e-06, 0.0, 1e-06, 0.07545, -0.997149, 0.329779, 0.0, -0.997149, -0.07545, 0.0, 0.0, 0.0, 0.0, 1.0],
                [-1.0, 0.0, -1e-06, 0.0, 0.0, 0.087156, -0.996194, 0.329779, 0.0, -0.996194, -0.087156, -0.0, 0.0, 0.0, 0.0, 1.0],
                [-1.0, -0.0, -0.0, -0.0, 0.0, 0.04362, -0.999048, 0.329779, 0.0, -0.999047, -0.04362, 0.0, 0.0, 0.0, 0.0, 1.0],
                [-1.0, -0.0, -0.0, 0.0, 0.0, 0.087156, -0.996195, 0.329779, 0.0, -0.996195, -0.087156, 0.0, 0.0, 0.0, 0.0, 1.0]
            ]
        },
        {
            "name": "Shoulder_L",
            "time": [0.0, 0.1833, 0.2167, 0.2667, 0.3, 0.6, 0.7],
            "transform": [
                [0.410798, -0.869008, -0.275807, 0.0, 0.110006, -0.253058, 0.961176, 0.4, -0.905066, -0.425189, -0.008359, 0.0, 0.0, 0.0, 0.0, 1.0],
                [0.410798, -0.869008, -0.275807, 0.0, 0.110006, -0.253058, 0.961176, 0.400001, -0.905066, -0.425189, -0.008359, 0.0, 0.0, 0.0, 0.0, 1.0],
                [0.217496, -0.881944, -0.418174, 0.0, 0.058242, -0.41594, 0.907525, 0.400001, -0.974322, -0.221738, -0.039099, 0.0, 0.0, 0.0, 0.0, 1.0],
                [-0.25001, -0.963793, -0.092721, -0.0, -0.06695, -0.078325, 0.994677, 0.4, -0.965926, 0.254887, -0.044944, 0.0, 0.0, 0.0, 0.0, 1.0],
                [-0.146899, -0.895307, -0.420531, -0.0, -0.039338, -0.419519, 0.906894, 0.400001, -0.988369, 0.149765, 0.026407, -0.0, 0.0, 0.0, 0.0, 1.0],
                [-0.179132, -0.897359, -0.40331, 0.0, -0.04797, -0.401486, 0.914608, 0.400001, -0.982655, 0.183182, 0.028873, 0.0, 0.0, 0.0, 0.0, 1.0],
                [-0.179132, -0.897359, -0.40331, 0.0, -0.04797, -0.401486, 0.914608, 0.4, -0.982655, 0.183182, 0.028873, -0.0, 0.0, 0.0, 0.0, 1.0]
            ]
        },
        {
            "name": "Arm_L",
            "time": [0.0, 0.1833, 0.2167, 0.2667, 0.3, 0.6, 0.7],
            "transform": [
                [-0.164866, 0.955166, 0.245921, -0.0, 0.284408, 0.28478, -0.91543, 0.388212, -0.944421, -0.080981, -0.318608, 1e-06, 0.0, 0.0, 0.0, 1.0],
                [-0.078337, 0.996226, -0.037382, -0.0, 0.284303, -0.013615, -0.958638, 0.388212, -0.955529, -0.085725, -0.282164, 1e-06, 0.0, 0.0, 0.0, 1.0],
                [0.369361, 0.792816, 0.484783, -0.0, 0.929199, -0.322216, -0.181012, 0.388212, 0.012695, 0.517318, -0.855699, 0.0, 0.0, 0.0, 0.0, 1.0],
                [0.477445, 0.032847, 0.878047, 0.0, 0.830747, 0.30861, -0.46327, 0.388212, -0.286192, 0.950621, 0.120057, 0.0, 0.0, 0.0, 0.0, 1.0],
                [0.290616, 0.78208, 0.551264, -0.0, 0.133639, 0.537306, -0.832732, 0.388212, -0.947461, 0.315675, 0.051633, 0.0, 0.0, 0.0, 0.0, 1.0],
                [0.57399, 0.793879, 0.200725, 0.0, 0.311404, 0.015088, -0.950158, 0.388212, -0.757339, 0.607888, -0.238556, -0.0, 0.0, 0.0, 0.0, 1.0],
                [0.679864, 0.552558, 0.482146, -0.000488, 0.126826, 0.558968, -0.819433, 0.394042, -0.722288, 0.618251, 0.309943, -0.0172, 0.0, 0.0, 0.0, 1.0]
            ]
        },
        {
            "name": "Hand_L",
            "time": [0.0, 0.1833, 0.2167, 0.2667, 0.3, 0.6, 0.7],
            "transform": [
                [0.999123, -0.033772, -0.024769, 0.0, 0.029497, 0.987269, -0.156305, 0.329779, 0.029733, 0.155437, 0.987399, 0.0, 0.0, 0.0, 0.0, 1.0],
                [0.995671, -0.065777, -0.065665, 0.0, 0.03319, 0.911549, -0.40985, 0.329779, 0.086815, 0.405897, 0.909787, 0.0, 0.0, 0.0, 0.0, 1.0],
                [0.990361, -0.12881, -0.050913, -0.0, 0.12172, 0.984806, -0.123865, 0.329779, 0.066094, 0.116474, 0.990992, 0.0, 0.0, 0.0, 0.0, 1.0],
                [0.999314, -0.029443, -0.022475, 0.0, 0.013619, 0.856317, -0.51627, 0.329779, 0.034446, 0.51561, 0.85613, 0.0, 0.0, 0.0, 0.0, 1.0],
                [1.0, 0.0, -0.0, 0.0, -0.0, 0.642788, -0.766044, 0.329779, -0.0, 0.766044, 0.642788, 0.0, 0.0, 0.0, 0.0, 1.0],
                [1.0, 0.0, 0.0, 0.0, -0.0, 0.984808, -0.173647, 0.329779, -0.0, 0.173648, 0.984808, -0.0, 0.0, 0.0, 0.0, 1.0],
                [1.0, 0.0, -0.0, -0.0, -0.0, 0.766045, -0.642787, 0.329779, -0.0, 0.642787, 0.766045, 0.0, 0.0, 0.0, 0.0, 1.0]
            ]
        },
        {
            "name": "Tool_L",
            "time": [0.0, 0.1833, 0.2167, 0.2667, 0.3, 0.6, 0.7],
            "transform": [
                [1.0, -0.0, 0.0, 0.02, -0.0, -1.0, 0.0, 0.291426, 0.0, -0.0, -1.0, -0.0, 0.0, 0.0, 0.0, 1.0],
                [1.0, -0.0, 0.0, 0.02, -0.0, -1.0, 0.0, 0.291426, 0.0, -0.0, -1.0, -0.0, 0.0, 0.0, 0.0, 1.0],
                [1.0, -0.0, 0.0, 0.02, -0.0, -0.906308, -0.422626, 0.291426, 0.0, 0.422618, -0.906325, -0.0, 0.0, 0.0, 0.0, 1.0],
                [1.0, -0.0, 0.0, 0.02, 0.0, -0.766044, -0.6428, 0.291426, 0.0, 0.642788, -0.766059, -0.0, 0.0, 0.0, 0.0, 1.0],
                [1.0, -0.0, 0.0, 0.02, 0.0, -0.906308, -0.422626, 0.291426, 0.0, 0.422618, -0.906325, -0.0, 0.0, 0.0, 0.0, 1.0],
                [1.0, -0.0, 0.0, 0.02, 0.0, -1.0, 0.0, 0.291426, 0.0, -0.0, -1.000019, -0.0, 0.0, 0.0, 0.0, 1.0],
                [1.0, -0.0, 0.0, 0.02, -0.0, -1.0, -0.0, 0.291426, 0.0, -0.0, -1.000019, -0.0, 0.0, 0.0, 0.0, 1.0]
            ]
        },
        {
            "name": "Elbow_L",
            "time": [0.0, 0.1833, 0.2167, 0.2667, 0.3, 0.6, 0.7],
            "transform": [
                [-1.0, 0.0, -0.0, 0.0, 0.0, 0.07799, -0.996954, 0.329779, 0.0, -0.996954, -0.07799, 0.0, 0.0, 0.0, 0.0, 1.0],
                [-1.0, -0.0, -0.0, 0.0, 0.0, 0.208285, -0.978068, 0.329779, 0.0, -0.978068, -0.208285, 0.0, 0.0, 0.0, 0.0, 1.0],
                [-1.0, -0.0, -0.0, -0.0, 0.0, 0.058464, -0.998289, 0.329779, -0.0, -0.998289, -0.058464, 0.0, 0.0, 0.0, 0.0, 1.0],
                [-1.0, 0.0, -0.0, 0.0, 0.0, 0.267732, -0.963493, 0.329779, -0.0, -0.963493, -0.267732, 0.0, 0.0, 0.0, 0.0, 1.0],
                [-1.0, -0.0, -0.0, 0.0, 0.0, 0.422618, -0.906308, 0.329779, 0.0, -0.906308, -0.422618, 0.0, 0.0, 0.0, 0.0, 1.0],
                [-1.0, -0.0, -1e-06, 0.0, 0.0, 0.087155, -0.996194, 0.329779, 0.0, -0.996194, -0.087156, -0.0, 0.0, 0.0, 0.0, 1.0],
                [-1.0, 1e-06, -0.0, -0.0, 1e-06, 0.34202, -0.939693, 0.329779, -0.0, -0.939693, -0.34202, 0.0, 0.0, 0.0, 0.0, 1.0]
            ]
        }
    ]
}