{

    "animation": [
        {
            "name": "Root",
            "time": [0.0, 0.1667, 0.2, 0.2333, 0.3333, 0.5, 0.7],
            "transform": [
                [0.074847, 0.023681, -0.996914, -5e-06, -0.98004, 0.186383, -0.069153, 0.000946, 0.18417, 0.982192, 0.037159, 0.487602, 0.0, 0.0, 0.0, 1.0],
                [0.623481, 0.003262, -0.781832, -5e-06, -0.759066, 0.24212, -0.604316, 0.489323, 0.187326, 0.970241, 0.153433, 0.525179, 0.0, 0.0, 0.0, 1.0],
                [0.968858, -0.024142, -0.246438, -5e-06, -0.238358, 0.178687, -0.954598, 0.800946, 0.067081, 0.98361, 0.167368, 0.513968, 0.0, 0.0, 0.0, 1.0],
                [0.964299, 0.004194, 0.264783, -5e-06, 0.23299, 0.461815, -0.855829, 1.522781, -0.125871, 0.886966, 0.44435, 0.472178, 0.0, 0.0, 0.0, 1.0],
                [0.927904, 0.007774, 0.372737, -5e-06, 0.332291, 0.436084, -0.83631, 1.548836, -0.169046, 0.899872, 0.402061, 0.468444, 0.0, 0.0, 0.0, 1.0],
                [0.818776, 0.024751, 0.573579, -5e-06, 0.521669, 0.38509, -0.761293, 1.600946, -0.239723, 0.922547, 0.302391, 0.460976, 0.0, 0.0, 0.0, 1.0],
                [0.985661, 0.037088, 0.164614, -5e-06, 0.155393, 0.180756, -0.971175, 1.600946, -0.065774, 0.982828, 0.172401, 0.521307, 0.0, 0.0, 0.0, 1.0]
            ]
        },
        {
            "name": "Thigh_R",
            "time": [0.0, 0.1667, 0.2, 0.2333, 0.3333, 0.5, 0.7],
            "transform": [
                [0.975975, 0.156115, -0.151981, 0.124994, 0.202021, -0.38719, 0.899594, -0.002831, 0.081595, -0.908685, -0.409427, -1.2e-05, 0.0, 0.0, 0.0, 1.0],
                [0.987502, -0.114635, 0.108151, 0.124994, -0.139848, -0.320964, 0.936708, -0.00283, -0.072667, -0.940127, -0.332984, -1.2e-05, 0.0, 0.0, 0.0, 1.0],
                [0.972137, 0.152418, -0.178093, 0.124994, 0.234408, -0.628435, 0.7417, -0.00283, 0.001128, -0.762781, -0.646653, -1.2e-05, 0.0, 0.0, 0.0, 1.0],
                [0.964337, 0.208318, 0.163269, 0.124994, 0.191231, -0.97486, 0.114352, -0.002831, 0.182986, -0.079052, -0.979931, -1.2e-05, 0.0, 0.0, 0.0, 1.0],
                [0.980857, 0.178789, 0.077149, 0.124994, 0.175026, -0.983129, 0.053116, -0.002831, 0.085345, -0.038596, -0.995603, -1.2e-05, 0.0, 0.0, 0.0, 1.0],
                [0.990599, 0.130683, 0.040444, 0.124994, 0.132467, -0.99016, -0.045111, -0.00283, 0.034151, 0.050045, -0.998163, -1.2e-05, 0.0, 0.0, 0.0, 1.0],
                [0.97954, 0.161947, -0.119457, 0.124994, 0.166553, -0.985579, 0.029589, -0.00283, -0.112943, -0.04888, -0.992389, -1.2e-05, 0.0, 0.0, 0.0, 1.0]
            ]
        },
        {
            "name": "Leg_R",
            "time": [0.0, 0.1667, 0.2, 0.2333, 0.3333, 0.5, 0.7],
            "transform": [
                [0.994042, 0.106086, -0.024975, 0.0, 0.008671, 0.151446, 0.988427, 0.37472, 0.108641, -0.982756, 0.149624, -0.0, 0.0, 0.0, 0.0, 1.0],
                [0.999138, -0.01936, -0.036679, 0.0, 0.041474, 0.470633, 0.881354, 0.37472, 0.000199, -0.882117, 0.471031, 0.0, 0.0, 0.0, 0.0, 1.0],
                [0.999307, -0.024835, -0.02766, -0.0, 0.031112, 0.151563, 0.987958, 0.37472, -0.020343, -0.988135, 0.152231, 0.0, 0.0, 0.0, 0.0, 1.0],
                [0.999449, 0.018002, -0.027822, -0.0, 0.010178, 0.632235, 0.774709, 0.37472, 0.031536, -0.774567, 0.631705, -0.0, 0.0, 0.0, 0.0, 1.0],
                [0.999311, -0.034658, 0.013137, 0.0, 0.011168, 0.619521, 0.784899, 0.37472, -0.035342, -0.784213, 0.619483, 0.0, 0.0, 0.0, 0.0, 1.0],
                [0.985666, -0.141308, 0.092145, -0.0, 0.009873, 0.593597, 0.8047, 0.37472, -0.168408, -0.792258, 0.586484, 0.0, 0.0, 0.0, 0.0, 1.0],
                [0.99714, -0.067962, 0.033007, 0.0, 0.008698, 0.537222, 0.843397, 0.37472, -0.075051, -0.840699, 0.536278, -0.0, 0.0, 0.0, 0.0, 1.0]
            ]
        },
        {
            "name": "Knee_R",
            "time": [0.0, 0.1667, 0.2333, 0.3333, 0.5, 0.7],
            "transform": [
                [0.998305, 0.048479, -0.032202, 0.0, -0.056006, 0.649766, -0.758068, 0.37472, -0.015827, 0.758587, 0.65138, -0.0, 0.0, 0.0, 0.0, 1.0],
                [0.999768, -0.014757, -0.015667, 0.0, -0.005848, 0.514272, -0.857607, 0.37472, 0.020713, 0.8575, 0.514067, 0.0, 0.0, 0.0, 0.0, 1.0],
                [0.999856, 0.00587, -0.015946, -0.0, -0.016923, 0.428792, -0.903245, 0.37472, 0.001536, 0.903384, 0.42883, -0.0, 0.0, 0.0, 0.0, 1.0],
                [0.999819, -0.015821, 0.010542, 0.0, 0.016386, 0.43589, -0.899851, 0.37472, 0.009642, 0.899861, 0.43607, 0.0, 0.0, 0.0, 0.0, 1.0],
                [0.996208, -0.059871, 0.063125, -0.0, 0.083304, 0.447128, -0.890582, 0.37472, 0.025095, 0.892464, 0.45042, 0.0, 0.0, 0.0, 0.0, 1.0],
                [0.999238, -0.029768, 0.025225, 0.0, 0.036429, 0.480174, -0.876417, 0.37472, 0.013976, 0.876668, 0.480892, -0.0, 0.0, 0.0, 0.0, 1.0]
            ]
        },
        {
            "name": "Thigh_L",
            "time": [0.0, 0.1667, 0.2, 0.2333, 0.3333, 0.5, 0.7],
            "transform": [
                [0.942152, -0.331114, 0.052054, -0.125006, -0.335136, -0.928055, 0.162465, -0.002831, -0.005485, -0.170512, -0.98534, -1.2e-05, 0.0, 0.0, 0.0, 1.0],
                [0.99856, 0.018727, 0.05022, -0.125006, 0.015149, -0.997382, 0.070705, -0.002831, 0.051412, -0.069842, -0.996232, -1.2e-05, 0.0, 0.0, 0.0, 1.0],
                [0.969433, -0.184053, 0.162238, -0.125006, -0.244445, -0.781296, 0.574299, -0.002831, 0.021054, -0.596404, -0.802407, -1.2e-05, 0.0, 0.0, 0.0, 1.0],
                [0.998996, -0.012243, 0.042698, -0.125006, -0.041895, 0.059824, 0.997303, -0.002831, -0.014764, -0.998103, 0.059252, -1.2e-05, 0.0, 0.0, 0.0, 1.0],
                [0.999979, -0.003956, -0.000587, -0.125006, 0.00063, 0.010868, 0.999921, -0.002831, -0.00395, -0.999911, 0.01087, -1.2e-05, 0.0, 0.0, 0.0, 1.0],
                [0.997915, 0.043292, -0.047724, -0.125006, 0.050288, -0.060212, 0.996911, -0.002831, 0.040285, -0.997237, -0.062264, -1.2e-05, 0.0, 0.0, 0.0, 1.0],
                [0.988774, -0.147219, 0.025421, -0.125471, -0.075658, -0.346708, 0.934913, -0.001631, -0.128823, -0.926344, -0.353955, 0.000974, 0.0, 0.0, 0.0, 1.0]
            ]
        },
        {
            "name": "Leg_L",
            "time": [0.0, 0.1667, 0.2, 0.2333, 0.3333, 0.5, 0.7],
            "transform": [
                [0.986459, 0.155898, 0.050911, 0.0, -0.083268, 0.20867, 0.974435, 0.37472, 0.141289, -0.965481, 0.218826, 0.0, 0.0, 0.0, 0.0, 1.0],
                [0.97688, 0.182846, 0.110757, 0.0, -0.18426, 0.457496, 0.86991, 0.37472, 0.108389, -0.870208, 0.480611, -0.0, 0.0, 0.0, 0.0, 1.0],
                [0.990351, 0.123414, 0.063006, 0.0, -0.061247, -0.018002, 0.99796, 0.37472, 0.124297, -0.992188, -0.010269, 0.0, 0.0, 0.0, 0.0, 1.0],
                [0.995658, 0.090138, -0.023345, -0.0, 0.002549, 0.224237, 0.97452, 0.37472, 0.093077, -0.970357, 0.22303, 0.0, 0.0, 0.0, 0.0, 1.0],
                [0.993347, 0.114219, -0.014739, 0.0, -0.011956, 0.229567, 0.973211, 0.37472, 0.114544, -0.966566, 0.229404, 0.0, 0.0, 0.0, 0.0, 1.0],
                [0.983806, 0.178815, 0.012178, 0.0, -0.044873, 0.179959, 0.982645, 0.37472, 0.173521, -0.967284, 0.185068, 0.0, 0.0, 0.0, 0.0, 1.0],
                [0.991465, 0.129442, -0.015451, -0.0, -0.070628, 0.632998, 0.770923, 0.37472, 0.10957, -0.763252, 0.636739, 0.0, 0.0, 0.0, 0.0, 1.0]
            ]
        },
        {
            "name": "Knee_L",
            "time": [0.0, 0.1667, 0.2333, 0.3333, 0.5, 0.7],
            "transform": [
                [0.99619, 0.087187, -0.002044, 0.0, -0.056129, 0.623034, -0.780179, 0.37472, -0.066748, 0.77732, 0.625553, 0.0, 0.0, 0.0, 0.0, 1.0],
                [0.993764, 0.107319, 0.030248, 0.0, -0.028864, 0.509642, -0.859902, 0.37472, -0.107699, 0.853667, 0.509562, -0.0, 0.0, 0.0, 0.0, 1.0],
                [0.99878, 0.041028, -0.027459, -0.0, -0.047031, 0.621587, -0.781934, 0.37472, -0.015012, 0.782269, 0.622757, 0.0, 0.0, 0.0, 0.0, 1.0],
                [0.998134, 0.054626, -0.027286, 0.0, -0.055275, 0.618418, -0.783904, 0.37472, -0.025947, 0.783948, 0.620282, 0.0, 0.0, 0.0, 0.0, 1.0],
                [0.995416, 0.091936, -0.026355, 0.0, -0.078923, 0.633983, -0.769311, 0.37472, -0.054019, 0.767863, 0.638332, 0.0, 0.0, 0.0, 0.0, 1.0],
                [0.997758, 0.063121, -0.022252, -0.0, -0.046982, 0.423766, -0.904552, 0.37472, -0.047667, 0.90357, 0.425781, 0.0, 0.0, 0.0, 0.0, 1.0]
            ]
        },
        {
            "name": "Torso",
            "time": [0.0, 0.1667, 0.2, 0.2333, 0.3333, 0.5, 0.7],
            "transform": [
                [0.996281, -0.085699, -0.008902, 0.0, 0.07737, 0.935317, -0.345248, 0.05, 0.037914, 0.343276, 0.938469, 0.0, 0.0, 0.0, 0.0, 1.0],
                [0.998461, -0.019784, -0.051812, 0.0, 0.010658, 0.985244, -0.170826, 0.05, 0.054427, 0.170011, 0.983938, -0.0, 0.0, 0.0, 0.0, 1.0],
                [0.999313, -0.027327, -0.025054, -0.0, 0.028995, 0.997209, 0.068807, 0.05, 0.023104, -0.069486, 0.997315, -0.0, 0.0, 0.0, 0.0, 1.0],
                [0.99981, 0.019097, 0.003848, -0.0, -0.019342, 0.996662, 0.079312, 0.05, -0.002321, -0.079371, 0.996842, 0.0, 0.0, 0.0, 0.0, 1.0],
                [0.993481, 0.042804, 0.105658, 0.0, -0.054071, 0.992876, 0.106182, 0.05, -0.10036, -0.111203, 0.988717, -0.0, 0.0, 0.0, 0.0, 1.0],
                [0.985426, 0.085472, 0.147074, 0.0, -0.109482, 0.980401, 0.16379, 0.05, -0.130192, -0.177505, 0.97547, 0.0, 0.0, 0.0, 0.0, 1.0],
                [0.99227, -0.021068, 0.122293, -0.0, 0.018675, 0.999612, 0.020686, 0.05, -0.122682, -0.018242, 0.992278, 0.0, 0.0, 0.0, 0.0, 1.0]
            ]
        },
        {
            "name": "Chest",
            "time": [0.0, 0.1667, 0.2, 0.2333, 0.3333, 0.5, 0.7],
            "transform": [
                [0.886713, 0.09829, -0.451752, -0.0, 0.086688, 0.92446, 0.371293, 0.3, 0.454121, -0.368392, 0.81121, -0.0, 0.0, 0.0, 0.0, 1.0],
                [0.945589, 0.014798, -0.325028, -0.0, 0.051021, 0.979862, 0.193046, 0.3, 0.321339, -0.199125, 0.925792, 0.0, 0.0, 0.0, 0.0, 1.0],
                [0.988833, -0.044264, 0.142305, 0.0, 0.012965, 0.976804, 0.213743, 0.3, -0.148465, -0.209511, 0.966469, 0.0, 0.0, 0.0, 0.0, 1.0],
                [0.639619, -0.188533, 0.745214, -0.0, 0.112703, 0.98198, 0.151701, 0.3, -0.760386, -0.013043, 0.649341, -0.0, 0.0, 0.0, 0.0, 1.0],
                [0.682849, -0.171493, 0.710147, -0.0, 0.084581, 0.984079, 0.156315, 0.3, -0.725647, -0.046675, 0.686482, 0.0, 0.0, 0.0, 0.0, 1.0],
                [0.832875, -0.13922, 0.535665, -0.0, 0.053499, 0.983565, 0.172447, 0.3, -0.550869, -0.114969, 0.826635, -0.0, 0.0, 0.0, 0.0, 1.0],
                [0.987428, -0.060006, 0.146239, -0.0, 0.02184, 0.968062, 0.24976, 0.3, -0.156556, -0.243426, 0.957201, 0.0, 0.0, 0.0, 0.0, 1.0]
            ]
        },
        {
            "name": "Head",
            "time": [0.0, 0.1667, 0.2333, 0.3333, 0.5, 0.7],
            "transform": [
                [-0.201812, 0.017045, 0.979276, 0.0, -0.062601, 0.99758, -0.030264, 0.4, -0.977421, -0.067411, -0.200256, 0.0, 0.0, 0.0, 0.0, 1.0],
                [0.299773, 0.135597, 0.944325, 0.0, -0.025198, 0.990627, -0.134247, 0.4, -0.953678, 0.016449, 0.30038, -0.0, 0.0, 0.0, 0.0, 1.0],
                [0.395222, -0.289548, -0.871758, -0.0, -0.163124, 0.911815, -0.376808, 0.4, 0.903986, 0.291127, 0.313137, -0.0, 0.0, 0.0, 0.0, 1.0],
                [0.25275, -0.335963, -0.907329, -0.0, -0.150848, 0.912626, -0.379945, 0.400001, 0.9557, 0.2329, 0.179987, 0.0, 0.0, 0.0, 0.0, 1.0],
                [0.240091, -0.373587, -0.895985, 0.0, -0.166498, 0.893457, -0.417149, 0.4, 0.956366, 0.249333, 0.15231, -0.0, 0.0, 0.0, 0.0, 1.0],
                [0.907915, -0.023275, -0.418509, -0.0, -0.092914, 0.962442, -0.255094, 0.4, 0.408728, 0.270489, 0.871652, -0.0, 0.0, 0.0, 0.0, 1.0]
            ]
        },
        {
            "name": "Shoulder_R",
            "time": [0.0, 0.1667, 0.2333, 0.3333, 0.5, 0.7],
            "transform": [
                [-0.129771, 0.95182, 0.277846, 0.0, 0.034748, -0.275678, 0.960622, 0.4, 0.990935, 0.134316, 0.002701, 0.0, 0.0, 0.0, 0.0, 1.0],
                [-0.122467, 0.929581, 0.347678, 0.0, 0.032792, -0.346334, 0.937538, 0.4, 0.991931, 0.126218, 0.011931, -0.0, 0.0, 0.0, 0.0, 1.0],
                [-0.107423, 0.925317, 0.363661, -0.0, 0.028764, -0.362732, 0.931449, 0.4, 0.993797, 0.11052, 0.01235, -0.0, 0.0, 0.0, 0.0, 1.0],
                [-0.107423, 0.925317, 0.363661, -0.0, 0.028764, -0.362731, 0.931449, 0.400001, 0.993797, 0.11052, 0.01235, 0.0, 0.0, 0.0, 0.0, 1.0],
                [-0.107423, 0.925317, 0.363661, 0.0, 0.028764, -0.362731, 0.931449, 0.4, 0.993797, 0.11052, 0.01235, -0.0, 0.0, 0.0, 0.0, 1.0],
                [-0.042838, 0.977462, 0.206718, -0.0, 0.011469, -0.206413, 0.978398, 0.4, 0.999016, 0.044284, -0.002368, -0.0, 0.0, 0.0, 0.0, 1.0]
            ]
        },
        {
            "name": "Arm_R",
            "time": [0.0, 0.1667, 0.2, 0.2333, 0.3333, 0.5, 0.7],
            "transform": [
                [0.144872, 0.010401, -0.989396, 0.0, -0.435765, 0.898417, -0.054362, 0.388213, 0.888325, 0.439019, 0.134688, 0.0, 0.0, 0.0, 0.0, 1.0],
                [0.097006, 0.459652, -0.882785, -0.0, -0.282116, 0.863289, 0.4185, 0.388213, 0.954463, 0.208451, 0.21342, 0.0, 0.0, 0.0, 0.0, 1.0],
                [0.436967, 0.735759, -0.517416, 0.013847, -0.317105, 0.664318, 0.67685, 0.382446, 0.841727, -0.131686, 0.523597, 0.025981, 0.0, 0.0, 0.0, 1.0],
                [0.304578, -0.219311, -0.926895, -0.015803, -0.731814, 0.568988, -0.375102, 0.336705, 0.609656, 0.792562, 0.012807, 0.048854, 0.0, 0.0, 0.0, 1.0],
                [0.392658, -0.077429, -0.916419, 0.006128, -0.725401, 0.586457, -0.360362, 0.376648, 0.565343, 0.80627, 0.17411, 0.03084, 0.0, 0.0, 0.0, 1.0],
                [0.558596, -0.038299, -0.828555, 0.018067, -0.648293, 0.602951, -0.464937, 0.360611, 0.517385, 0.796858, 0.311977, 0.074798, 0.0, 0.0, 0.0, 1.0],
                [0.490867, -0.301529, -0.817392, -0.030713, -0.071709, 0.921034, -0.382825, 0.371683, 0.868278, 0.24653, 0.430482, 0.009138, 0.0, 0.0, 0.0, 1.0]
            ]
        },
        {
            "name": "Hand_R",
            "time": [0.0, 0.1667, 0.2, 0.2333, 0.3333, 0.5, 0.7],
            "transform": [
                [0.999999, -0.001628, 0.000533, -0.0, 0.001566, 0.742867, -0.669437, 0.329779, 0.000694, 0.669437, 0.742869, 0.0, 0.0, 0.0, 0.0, 1.0],
                [1.0, -5.3e-05, 0.000682, 0.0, 0.000672, -0.114642, -0.993407, 0.329779, 0.000131, 0.993407, -0.114642, -0.0, 0.0, 0.0, 0.0, 1.0],
                [1.0, 2.2e-05, 0.000343, 0.0, 0.000343, -0.065133, -0.997877, 0.329779, -0.0, 0.997877, -0.065133, 0.0, 0.0, 0.0, 0.0, 1.0],
                [1.0, 0.0, 0.0, 0.0, -0.0, 0.999983, 0.005892, 0.329779, -0.0, -0.005892, 0.999983, -0.0, 0.0, 0.0, 0.0, 1.0],
                [1.0, 0.0, 0.0, 0.0, -0.0, 0.999983, 0.005892, 0.329779, -0.0, -0.005892, 0.999983, 0.0, 0.0, 0.0, 0.0, 1.0],
                [1.0, 0.0, 0.0, -0.0, -0.0, 0.999983, 0.005892, 0.329779, -0.0, -0.005892, 0.999983, 0.0, 0.0, 0.0, 0.0, 1.0],
                [1.0, 0.0, 0.0, -0.0, -0.0, 0.951361, -0.308079, 0.329779, -0.0, 0.308079, 0.951361, 0.0, 0.0, 0.0, 0.0, 1.0]
            ]
        },
        {
            "name": "Tool_R",
            "time": [0.0, 0.1667, 0.2, 0.2333, 0.3333, 0.5, 0.7],
            "transform": [
                [0.999928, 0.008534, -0.008461, -0.02, 0.008462, -0.999928, -0.008534, 0.291425, -0.008534, 0.008461, -0.999928, -0.0, 0.0, 0.0, 0.0, 1.0],
                [0.984925, 0.129622, -0.114546, -0.02, 0.114547, -0.984925, -0.129621, 0.291425, -0.129621, 0.114546, -0.984925, -0.0, 0.0, 0.0, 0.0, 1.0],
                [1.0, 0.0, 0.0, -0.02, 0.0, -0.906308, -0.422618, 0.206902, 0.0, 0.422618, -0.906308, -0.181261, 0.0, 0.0, 0.0, 1.0],
                [1.0, 0.0, 0.0, -0.02, 0.0, -0.235699, -0.971826, 0.475098, -0.0, 0.971826, -0.235699, 0.044546, 0.0, 0.0, 0.0, 1.0],
                [1.0, 0.0, 0.0, -0.02, 0.0, -0.235699, -0.971827, 0.572281, -0.0, 0.971826, -0.235699, 0.068116, 0.0, 0.0, 0.0, 1.0],
                [1.0, 0.0, 0.0, -0.02, 0.0, -0.235699, -0.971826, 0.766646, -0.0, 0.971826, -0.235699, 0.115256, 0.0, 0.0, 0.0, 1.0],
                [1.0, -0.0, 0.0, -0.02, 0.0, -0.573576, -0.819152, 0.291425, 0.0, 0.819152, -0.573576, -0.0, 0.0, 0.0, 0.0, 1.0]
            ]
        },
        {
            "name": "Elbow_R",
            "time": [0.0, 0.1667, 0.2333, 0.3333, 0.5, 0.7],
            "transform": [
                [-1.0, 0.0, -1e-06, -0.0, 1e-06, 0.35856, -0.933507, 0.329779, 0.0, -0.933506, -0.35856, 0.0, 0.0, 0.0, 0.0, 1.0],
                [-1.0, 0.0, -0.0, 0.0, 0.0, 0.746539, -0.665341, 0.329779, 0.0, -0.665341, -0.746539, -0.0, 0.0, 0.0, 0.0, 1.0],
                [-0.999998, -0.0, 2e-06, 0.0, 1e-06, -0.002944, -0.999993, 0.329779, -2e-06, -0.999993, 0.002946, -0.0, 0.0, 0.0, 0.0, 1.0],
                [-0.999998, -0.0, 2e-06, 0.0, 1e-06, -0.002944, -0.999994, 0.329779, -2e-06, -0.999993, 0.002946, 0.0, 0.0, 0.0, 0.0, 1.0],
                [-0.999997, -0.0, 2e-06, -0.0, 1e-06, -0.002944, -0.999993, 0.329779, -2e-06, -0.999993, 0.002946, 0.0, 0.0, 0.0, 0.0, 1.0],
                [-1.0, -0.0, -0.0, -0.0, 1e-06, 0.155948, -0.987765, 0.329779, 0.0, -0.987765, -0.155948, 0.0, 0.0, 0.0, 0.0, 1.0]
            ]
        },
        {
            "name": "Shoulder_L",
            "time": [0.0, 0.1667, 0.2333, 0.3333, 0.5, 0.7],
            "transform": [
                [-0.089298, -0.953687, -0.287242, 0.0, -0.023913, -0.286258, 0.957854, 0.4, -0.995718, 0.092403, 0.002757, 0.0, 0.0, 0.0, 0.0, 1.0],
                [-0.106255, -0.947724, -0.300882, 0.0, -0.028454, -0.299573, 0.953649, 0.4, -0.993932, 0.109891, 0.004865, -0.0, 0.0, 0.0, 0.0, 1.0],
                [0.039321, -0.966578, -0.253339, -0.0, 0.01053, -0.25312, 0.967377, 0.4, -0.999171, -0.040706, 0.000225, -0.0, 0.0, 0.0, 0.0, 1.0],
                [0.070263, -0.965031, -0.252544, -0.0, 0.018815, -0.251843, 0.967585, 0.400001, -0.997351, -0.072737, 0.000462, 0.0, 0.0, 0.0, 0.0, 1.0],
                [0.125148, -0.966714, -0.223164, 0.0, 0.033513, -0.220685, 0.974769, 0.4, -0.991572, -0.129469, 0.004779, -0.0, 0.0, 0.0, 0.0, 1.0],
                [-0.059199, -0.95679, -0.28469, -0.0, -0.015853, -0.284253, 0.958618, 0.4, -0.99812, 0.061263, 0.001659, -0.0, 0.0, 0.0, 0.0, 1.0]
            ]
        },
        {
            "name": "Arm_L",
            "time": [0.0, 0.1667, 0.2333, 0.3333, 0.5, 0.7],
            "transform": [
                [0.061572, 0.175011, 0.982639, -0.0, -0.643532, 0.759508, -0.094947, 0.388212, -0.762939, -0.626514, 0.15939, 1e-06, 0.0, 0.0, 0.0, 1.0],
                [-0.100891, 0.024844, 0.994587, -0.0, -0.379532, 0.923128, -0.061559, 0.388212, -0.919661, -0.383689, -0.083706, 0.0, 0.0, 0.0, 0.0, 1.0],
                [-0.220429, -0.106144, 0.969611, 0.0, -0.528752, 0.848336, -0.027337, 0.388212, -0.819654, -0.51871, -0.243122, 0.0, 0.0, 0.0, 0.0, 1.0],
                [-0.220429, -0.027345, 0.97502, 0.0, -0.528753, 0.843342, -0.095887, 0.388212, -0.819654, -0.53668, -0.200356, 0.0, 0.0, 0.0, 0.0, 1.0],
                [-0.220429, 0.130826, 0.96659, -0.0, -0.528753, 0.816703, -0.231121, 0.388212, -0.819654, -0.562032, -0.11085, -0.0, 0.0, 0.0, 0.0, 1.0],
                [-0.167128, 0.311045, 0.935585, -0.0, -0.474114, 0.806657, -0.352875, 0.388212, -0.864456, -0.502549, 0.012656, -0.0, 0.0, 0.0, 0.0, 1.0]
            ]
        },
        {
            "name": "Hand_L",
            "time": [0.0, 0.1667, 0.2333, 0.3333, 0.5, 0.7],
            "transform": [
                [0.842061, -0.00543, -0.539356, 0.0, -0.443003, 0.563486, -0.697304, 0.329779, 0.307706, 0.826108, 0.472084, -0.0, 0.0, 0.0, 0.0, 1.0],
                [0.834117, -0.183407, -0.520203, 0.0, -0.461737, 0.283746, -0.840409, 0.329779, 0.301742, 0.941196, 0.151992, 0.0, 0.0, 0.0, 0.0, 1.0],
                [0.608294, -0.383889, -0.694699, 0.0, -0.735621, 0.056003, -0.675074, 0.329779, 0.298059, 0.921679, -0.248331, 0.0, 0.0, 0.0, 0.0, 1.0],
                [0.608294, -0.340699, -0.71687, 0.0, -0.735622, 0.097171, -0.670388, 0.329779, 0.298059, 0.935138, -0.191517, 0.0, 0.0, 0.0, 0.0, 1.0],
                [0.608294, -0.250476, -0.753153, -0.0, -0.735621, 0.178423, -0.653473, 0.329779, 0.298059, 0.951539, -0.075722, 0.0, 0.0, 0.0, 0.0, 1.0],
                [0.613351, -0.172946, -0.770643, -0.0, -0.744567, 0.198888, -0.637231, 0.329779, 0.263478, 0.964642, -0.006781, -0.0, 0.0, 0.0, 0.0, 1.0]
            ]
        },
        {
            "name": "Tool_L",
            "time": [0.0, 0.1667, 0.2333, 0.3333, 0.5, 0.7],
            "transform": [
                [1.0, -0.0, 0.0, 0.02, -0.0, -1.0, 0.0, 0.291426, 0.0, -0.0, -1.0, -0.0, 0.0, 0.0, 0.0, 1.0],
                [1.0, -0.0, 0.0, 0.02, -0.0, -1.0, 0.0, 0.291426, 0.0, -0.0, -1.0, -0.0, 0.0, 0.0, 0.0, 1.0],
                [1.0, -0.0, 0.0, 0.02, -0.0, -1.0, 0.0, 0.291426, 0.0, 0.0, -1.0, -0.0, 0.0, 0.0, 0.0, 1.0],
                [1.0, -0.0, 0.0, 0.02, -0.0, -1.0, 0.0, 0.291426, 0.0, 0.0, -1.0, -0.0, 0.0, 0.0, 0.0, 1.0],
                [1.0, -0.0, 0.0, 0.02, -0.0, -1.0, 0.0, 0.291426, 0.0, -0.0, -1.0, 0.0, 0.0, 0.0, 0.0, 1.0],
                [1.0, -0.0, 0.0, 0.02, -0.0, -1.0, -0.0, 0.291426, 0.0, 0.0, -1.0, -0.0, 0.0, 0.0, 0.0, 1.0]
            ]
        },
        {
            "name": "Elbow_L",
            "time": [0.0, 0.1667, 0.2333, 0.3333, 0.5, 0.7],
            "transform": [
                [-1.0, 0.0, -0.0, 0.0, 0.0, 0.501918, -0.864915, 0.329779, -0.0, -0.864915, -0.501918, -0.0, 0.0, 0.0, 0.0, 1.0],
                [-1.0, -0.0, -0.0, 0.0, 0.0, 0.648297, -0.761388, 0.329779, 0.0, -0.761388, -0.648297, 0.0, 0.0, 0.0, 0.0, 1.0],
                [-1.0, -0.0, -1e-06, 0.0, 1e-06, 0.793775, -0.608213, 0.329779, 0.0, -0.608212, -0.793774, 0.0, 0.0, 0.0, 0.0, 1.0],
                [-1.0, 0.0, -0.0, 0.0, 0.0, 0.774802, -0.632204, 0.329779, 0.0, -0.632204, -0.774802, 0.0, 0.0, 0.0, 0.0, 1.0],
                [-1.0, -0.0, -0.0, -0.0, -1e-06, 0.734618, -0.67848, 0.329779, 1e-06, -0.67848, -0.734618, 0.0, 0.0, 0.0, 0.0, 1.0],
                [-1.0, -1e-06, -2e-06, -0.0, 0.0, 0.709588, -0.704617, 0.329779, 2e-06, -0.704617, -0.709587, -0.0, 0.0, 0.0, 0.0, 1.0]
            ]
        }
    ]
}