{

    "animation": [
        {
            "name": "Root",
            "time": [0.0, 0.05, 0.0833, 0.1167, 0.15, 0.2, 0.3, 0.4, 0.6],
            "transform": [
                [0.937058, -0.082407, -0.339309, -5e-06, -0.339874, 0.007504, -0.940441, 0.000946, 0.080045, 0.99657, -0.020976, 0.609424, 0.0, 0.0, 0.0, 1.0],
                [0.996946, 0.060595, 0.049256, -5e-06, 0.033671, 0.235557, -0.971277, 0.464636, -0.070457, 0.96997, 0.232797, 0.550354, 0.0, 0.0, 0.0, 1.0],
                [0.940822, 0.046306, 0.335722, -5e-06, 0.316482, 0.234268, -0.919216, 0.672791, -0.121214, 0.971069, 0.20575, 0.636871, 0.0, 0.0, 0.0, 1.0],
                [0.801771, 0.032895, 0.596726, -5e-06, 0.575142, 0.228865, -0.785387, 0.901695, -0.162404, 0.972902, 0.164578, 0.551215, 0.0, 0.0, 0.0, 1.0],
                [0.498896, 0.010761, 0.866595, -5e-06, 0.845805, 0.212004, -0.48956, 0.900946, -0.18899, 0.977209, 0.096667, 0.506267, 0.0, 0.0, 0.0, 1.0],
                [0.392673, -0.000805, 0.919678, -5e-06, 0.901461, 0.198386, -0.384722, 0.900946, -0.182142, 0.980124, 0.078626, 0.496777, 0.0, 0.0, 0.0, 1.0],
                [0.163089, -0.018685, 0.986434, -5e-06, 0.973222, 0.167208, -0.157737, 0.900946, -0.161992, 0.985745, 0.045454, 0.477798, 0.0, 0.0, 0.0, 1.0],
                [0.033977, -0.025051, 0.999109, -5e-06, 0.98842, 0.148769, -0.029884, 0.900946, -0.147888, 0.988555, 0.029816, 0.467445, 0.0, 0.0, 0.0, 1.0],
                [0.531607, 0.010151, 0.846931, -5e-06, 0.841556, 0.106769, -0.529513, 0.900946, -0.095801, 0.994232, 0.048217, 0.593726, 0.0, 0.0, 0.0, 1.0]
            ]
        },
        {
            "name": "Thigh_R",
            "time": [0.0, 0.05, 0.0833, 0.1167, 0.15, 0.2, 0.3, 0.4, 0.6],
            "transform": [
                [0.956711, 0.28837, 0.03933, 0.124994, 0.274948, -0.939836, 0.202759, -0.00283, 0.095434, -0.183168, -0.978438, -1.2e-05, 0.0, 0.0, 0.0, 1.0],
                [0.9585, 0.27952, 0.056103, 0.135085, 0.209157, -0.823168, 0.527872, 0.008947, 0.193733, -0.49423, -0.84747, -0.047546, 0.0, 0.0, 0.0, 1.0],
                [0.911998, 0.401757, -0.082763, 0.132562, 0.353887, -0.668605, 0.654011, 0.006003, 0.207418, -0.625746, -0.751943, -0.035662, 0.0, 0.0, 0.0, 1.0],
                [0.842009, 0.484082, -0.23808, 0.130039, 0.48249, -0.478382, 0.733723, 0.003059, 0.241289, -0.732674, -0.636368, -0.023779, 0.0, 0.0, 0.0, 1.0],
                [0.733079, 0.656614, -0.177338, 0.124994, 0.55693, -0.429847, 0.710674, -0.002831, 0.390411, -0.619746, -0.680802, -1.2e-05, 0.0, 0.0, 0.0, 1.0],
                [0.704029, 0.698275, -0.129434, 0.124994, 0.588876, -0.472134, 0.655982, -0.00283, 0.396946, -0.538051, -0.743594, -1.2e-05, 0.0, 0.0, 0.0, 1.0],
                [0.645234, 0.763774, -0.017905, 0.124994, 0.65026, -0.536734, 0.537659, -0.002831, 0.40104, -0.358559, -0.842972, -1.2e-05, 0.0, 0.0, 0.0, 1.0],
                [0.614107, 0.787678, 0.049333, 0.124994, 0.681264, -0.560623, 0.470722, -0.002831, 0.398435, -0.255465, -0.880901, -1.2e-05, 0.0, 0.0, 0.0, 1.0],
                [0.779815, 0.624985, -0.035786, 0.124994, 0.529758, -0.628381, 0.569644, -0.00283, 0.333532, -0.463175, -0.821112, -1.2e-05, 0.0, 0.0, 0.0, 1.0]
            ]
        },
        {
            "name": "Leg_R",
            "time": [0.0, 0.05, 0.0833, 0.1167, 0.15, 0.2, 0.3, 0.4, 0.6],
            "transform": [
                [0.999467, 0.020671, -0.0253, 0.0, 0.008718, 0.577551, 0.816308, 0.37472, 0.031486, -0.816093, 0.577062, 0.0, 0.0, 0.0, 0.0, 1.0],
                [0.998071, -0.037342, -0.049575, -0.0, 0.054782, 0.154615, 0.986455, 0.37472, -0.029171, -0.987269, 0.156362, 0.0, 0.0, 0.0, 0.0, 1.0],
                [0.998237, 0.021029, -0.055488, -0.0, 0.03936, 0.465117, 0.884373, 0.37472, 0.044406, -0.884999, 0.46347, -0.0, 0.0, 0.0, 0.0, 1.0],
                [0.994007, 0.068756, -0.084971, -0.0, 0.008671, 0.725327, 0.688349, 0.37472, 0.10896, -0.684962, 0.720385, 0.0, 0.0, 0.0, 0.0, 1.0],
                [0.992881, 0.095878, -0.070655, 0.0, 0.038237, 0.305224, 0.951512, 0.37472, 0.112795, -0.947441, 0.299386, 0.0, 0.0, 0.0, 0.0, 1.0],
                [0.992795, 0.095553, -0.072289, 0.0, 0.041574, 0.291126, 0.955781, 0.37472, 0.112373, -0.9519, 0.285057, -0.0, 0.0, 0.0, 0.0, 1.0],
                [0.992607, 0.094974, -0.075568, -0.0, 0.048226, 0.262732, 0.963663, 0.37472, 0.111377, -0.960182, 0.25621, 0.0, 0.0, 0.0, 0.0, 1.0],
                [0.992495, 0.0947, -0.077364, -0.0, 0.051841, 0.247144, 0.967591, 0.37472, 0.11075, -0.964339, 0.240381, 0.0, 0.0, 0.0, 0.0, 1.0],
                [0.997088, 0.007887, -0.075846, 0.0, 0.053161, 0.641195, 0.765534, 0.37472, 0.05467, -0.767336, 0.638909, 0.0, 0.0, 0.0, 0.0, 1.0]
            ]
        },
        {
            "name": "Knee_R",
            "time": [0.0, 0.05, 0.0833, 0.1167, 0.15, 0.2, 0.3, 0.4, 0.6],
            "transform": [
                [0.999858, 0.00726, -0.015173, 0.0, -0.016812, 0.459552, -0.887991, 0.37472, 0.000526, 0.888121, 0.459609, 0.0, 0.0, 0.0, 0.0, 1.0],
                [0.999452, -0.027831, -0.017905, -0.0, 0.004467, 0.649558, -0.760299, 0.37472, 0.03279, 0.759803, 0.649327, 0.0, 0.0, 0.0, 0.0, 1.0],
                [0.999525, 0.002783, -0.030693, -0.0, -0.027708, 0.517205, -0.855413, 0.37472, 0.013494, 0.855857, 0.517037, -0.0, 0.0, 0.0, 0.0, 1.0],
                [0.998445, 0.026244, -0.049176, -0.0, -0.0554, 0.369797, -0.927459, 0.37472, -0.006155, 0.928742, 0.370676, 0.0, 0.0, 0.0, 0.0, 1.0],
                [0.998029, 0.036453, -0.051084, 0.0, -0.062753, 0.588562, -0.806013, 0.37472, 0.000684, 0.807629, 0.589689, 0.0, 0.0, 0.0, 0.0, 1.0],
                [0.998, 0.035873, -0.052048, 0.0, -0.063175, 0.59457, -0.801558, 0.37472, 0.002191, 0.803243, 0.595647, -0.0, 0.0, 0.0, 0.0, 1.0],
                [0.997938, 0.034726, -0.053991, -0.0, -0.063982, 0.606489, -0.792514, 0.37472, 0.005224, 0.794333, 0.60746, 0.0, 0.0, 0.0, 0.0, 1.0],
                [0.9979, 0.034108, -0.055061, -0.0, -0.064402, 0.612932, -0.787507, 0.37472, 0.006888, 0.789398, 0.613842, 0.0, 0.0, 0.0, 0.0, 1.0],
                [0.999236, -0.004491, -0.038832, 0.0, -0.033275, 0.423613, -0.905232, 0.37472, 0.020515, 0.905832, 0.423139, 0.0, 0.0, 0.0, 0.0, 1.0]
            ]
        },
        {
            "name": "Thigh_L",
            "time": [0.0, 0.05, 0.0833, 0.1167, 0.15, 0.2, 0.3, 0.4, 0.6],
            "transform": [
                [0.959576, -0.253322, 0.122651, -0.123669, -0.26319, -0.653212, 0.709961, -0.026767, -0.099732, -0.713541, -0.693477, 0.00451, 0.0, 0.0, 0.0, 1.0],
                [0.996165, -0.031382, 0.081681, -0.131061, -0.083173, -0.629625, 0.772407, -0.009897, 0.027189, -0.776238, -0.62982, 0.028508, 0.0, 0.0, 0.0, 1.0],
                [0.982338, -0.171632, 0.074499, -0.132703, -0.185985, -0.939221, 0.288512, -0.009191, 0.020453, -0.297273, -0.954556, 0.025108, 0.0, 0.0, 0.0, 1.0],
                [0.937797, -0.338182, 0.078556, -0.134346, -0.345315, -0.932012, 0.110045, -0.008484, 0.036, -0.130326, -0.990818, 0.021708, 0.0, 0.0, 0.0, 1.0],
                [0.881779, -0.338917, 0.328025, -0.137632, -0.469063, -0.703024, 0.534543, -0.007071, 0.049444, -0.625213, -0.778886, 0.014908, 0.0, 0.0, 0.0, 1.0],
                [0.869998, -0.296276, 0.39411, -0.135231, -0.484143, -0.664612, 0.569117, -0.006264, 0.093315, -0.685937, -0.721652, 0.012072, 0.0, 0.0, 0.0, 1.0],
                [0.834518, -0.195045, 0.515302, -0.13043, -0.521758, -0.580279, 0.625335, -0.004652, 0.177051, -0.790716, -0.58602, 0.006398, 0.0, 0.0, 0.0, 1.0],
                [0.808742, -0.13196, 0.57317, -0.127812, -0.545764, -0.531667, 0.647667, -0.003773, 0.219269, -0.83661, -0.502, 0.003304, 0.0, 0.0, 0.0, 1.0],
                [0.948269, -0.054324, 0.312778, -0.125006, -0.2619, -0.690689, 0.674057, -0.002831, 0.179415, -0.721105, -0.669188, -1.2e-05, 0.0, 0.0, 0.0, 1.0]
            ]
        },
        {
            "name": "Leg_L",
            "time": [0.0, 0.05, 0.0833, 0.1167, 0.15, 0.2, 0.3, 0.4, 0.6],
            "transform": [
                [0.999695, -0.001115, 0.024782, -0.0, -0.011857, 0.856022, 0.516803, 0.37472, -0.021791, -0.516939, 0.855745, 0.0, 0.0, 0.0, 0.0, 1.0],
                [0.986466, 0.127068, 0.103663, 0.0, -0.139267, 0.31537, 0.938695, 0.37472, 0.086587, -0.940421, 0.328798, -0.0, 0.0, 0.0, 0.0, 1.0],
                [0.997948, 0.049178, 0.041059, -0.0, -0.062374, 0.892103, 0.4475, 0.37472, -0.014622, -0.44914, 0.893341, -0.0, 0.0, 0.0, 0.0, 1.0],
                [0.998491, 0.014304, 0.053039, 0.0, -0.03855, 0.870293, 0.491019, 0.37472, -0.039136, -0.49232, 0.869533, -0.0, 0.0, 0.0, 0.0, 1.0],
                [0.994334, 0.06749, 0.082148, 0.0, -0.105337, 0.520684, 0.847226, 0.37472, 0.014406, -0.851077, 0.524842, 0.0, 0.0, 0.0, 0.0, 1.0],
                [0.993535, 0.082343, 0.078177, -0.0, -0.109602, 0.515698, 0.84973, 0.37472, 0.029653, -0.852803, 0.521388, -0.0, 0.0, 0.0, 0.0, 1.0],
                [0.991205, 0.112051, 0.070422, 0.0, -0.117872, 0.505505, 0.854734, 0.37472, 0.060175, -0.855516, 0.514266, 0.0, 0.0, 0.0, 0.0, 1.0],
                [0.989524, 0.128245, 0.066301, 0.0, -0.122231, 0.499824, 0.857459, 0.37472, 0.076826, -0.856579, 0.510263, 0.0, 0.0, 0.0, 0.0, 1.0],
                [0.988798, 0.145973, -0.031175, -0.0, -0.060141, 0.580765, 0.811846, 0.37472, 0.136613, -0.800876, 0.583038, 0.0, 0.0, 0.0, 0.0, 1.0]
            ]
        },
        {
            "name": "Knee_L",
            "time": [0.0, 0.05, 0.0833, 0.1167, 0.15, 0.2, 0.3, 0.4, 0.6],
            "transform": [
                [0.999922, 0.001136, 0.012467, -0.0, 0.011704, 0.268312, -0.963261, 0.37472, -0.00444, 0.963332, 0.268277, 0.0, 0.0, 0.0, 0.0, 1.0],
                [0.996262, 0.080422, 0.031527, 0.0, -0.021002, 0.579527, -0.814683, 0.37472, -0.083789, 0.810976, 0.57905, -0.0, 0.0, 0.0, 0.0, 1.0],
                [0.999479, 0.027003, 0.017662, -0.0, 0.01096, 0.230697, -0.972964, 0.37472, -0.030347, 0.972651, 0.230281, -0.0, 0.0, 0.0, 0.0, 1.0],
                [0.999616, 0.010587, 0.025602, 0.0, 0.022067, 0.254461, -0.966831, 0.37472, -0.01675, 0.967025, 0.254129, -0.0, 0.0, 0.0, 0.0, 1.0],
                [0.998486, 0.044509, 0.032321, 0.0, 0.006529, 0.487549, -0.873071, 0.37472, -0.054617, 0.871961, 0.48652, 0.0, 0.0, 0.0, 0.0, 1.0],
                [0.998272, 0.051486, 0.028347, -0.0, -0.000478, 0.489402, -0.872059, 0.37472, -0.058772, 0.870537, 0.488581, -0.0, 0.0, 0.0, 0.0, 1.0],
                [0.997645, 0.065474, 0.020433, 0.0, -0.014531, 0.492912, -0.869958, 0.37472, -0.067031, 0.867612, 0.492703, 0.0, 0.0, 0.0, 0.0, 1.0],
                [0.997193, 0.073118, 0.016135, 0.0, -0.022217, 0.494716, -0.868771, 0.37472, -0.071505, 0.865973, 0.494951, 0.0, 0.0, 0.0, 0.0, 1.0],
                [0.997033, 0.06941, -0.033288, -0.0, -0.061215, 0.452694, -0.889563, 0.37472, -0.046675, 0.88896, 0.455599, 0.0, 0.0, 0.0, 0.0, 1.0]
            ]
        },
        {
            "name": "Torso",
            "time": [0.0, 0.05, 0.0833, 0.1167, 0.15, 0.2, 0.3, 0.4, 0.6],
            "transform": [
                [0.998161, -0.056831, -0.021114, 0.0, 0.051135, 0.976287, -0.210358, 0.05, 0.032568, 0.208892, 0.977396, -0.0, 0.0, 0.0, 0.0, 1.0],
                [0.998561, -0.035518, -0.040171, -0.0, 0.018471, 0.931157, -0.364152, 0.05, 0.050339, 0.362886, 0.930473, -0.0, 0.0, 0.0, 0.0, 1.0],
                [0.996537, -0.072565, -0.04058, 0.0, 0.08017, 0.968, 0.237799, 0.05, 0.022026, -0.240229, 0.970466, 0.0, 0.0, 0.0, 0.0, 1.0],
                [0.993881, 0.108242, 0.021982, -0.0, -0.110366, 0.965383, 0.236336, 0.05, 0.004361, -0.237316, 0.971422, 0.0, 0.0, 0.0, 0.0, 1.0],
                [0.993304, 0.111193, -0.031324, 0.0, -0.112039, 0.993344, -0.026693, 0.05, 0.028147, 0.030023, 0.999152, -0.0, 0.0, 0.0, 0.0, 1.0],
                [0.99466, 0.084347, -0.059449, 0.0, -0.087358, 0.99492, -0.050016, 0.05, 0.054928, 0.054942, 0.996977, -0.0, 0.0, 0.0, 0.0, 1.0],
                [0.993109, 0.028327, -0.113717, -0.0, -0.039664, 0.994325, -0.098714, 0.05, 0.110275, 0.102545, 0.988597, 0.0, 0.0, 0.0, 0.0, 1.0],
                [0.98986, -0.00335, -0.142009, -0.0, -0.014758, 0.991887, -0.126265, 0.05, 0.14128, 0.127081, 0.981779, -0.0, 0.0, 0.0, 0.0, 1.0],
                [0.980258, 0.197086, -0.015855, 0.0, -0.196352, 0.979752, 0.039141, 0.05, 0.023248, -0.035255, 0.999108, 0.0, 0.0, 0.0, 0.0, 1.0]
            ]
        },
        {
            "name": "Chest",
            "time": [0.0, 0.05, 0.0833, 0.1167, 0.15, 0.2, 0.3, 0.4, 0.6],
            "transform": [
                [0.455281, 0.128524, -0.881022, 0.0, 0.284805, 0.916512, 0.280878, 0.3, 0.843567, -0.378799, 0.380666, 0.0, 0.0, 0.0, 0.0, 1.0],
                [0.902949, -0.167396, -0.395804, 0.0, 0.119372, 0.98247, -0.143188, 0.3, 0.412835, 0.082043, 0.907104, 0.0, 0.0, 0.0, 0.0, 1.0],
                [0.974103, -0.020953, 0.225132, -0.0, 0.043774, 0.994335, -0.096857, 0.3, -0.221827, 0.104204, 0.969502, -0.0, 0.0, 0.0, 0.0, 1.0],
                [0.689604, -0.044895, 0.722794, 0.0, 0.051204, 0.998601, 0.013173, 0.3, -0.722374, 0.027926, 0.690938, -0.0, 0.0, 0.0, 0.0, 1.0],
                [0.756709, 0.035413, 0.652791, 0.0, -0.16153, 0.977699, 0.134205, 0.3, -0.633481, -0.207, 0.745555, 0.0, 0.0, 0.0, 0.0, 1.0],
                [0.771268, 0.064153, 0.633269, -0.0, -0.187146, 0.973787, 0.12928, 0.3, -0.608376, -0.218224, 0.763057, 0.0, 0.0, 0.0, 0.0, 1.0],
                [0.79639, 0.122446, 0.592257, -0.0, -0.238466, 0.963526, 0.121453, 0.3, -0.555784, -0.237957, 0.796542, 0.0, 0.0, 0.0, 0.0, 1.0],
                [0.807764, 0.154542, 0.568888, -0.0, -0.266365, 0.956578, 0.118351, 0.3, -0.525896, -0.247131, 0.813853, 0.0, 0.0, 0.0, 0.0, 1.0],
                [0.888557, 0.080206, 0.4517, -0.0, -0.250405, 0.909787, 0.331036, 0.3, -0.3844, -0.407253, 0.828481, 0.0, 0.0, 0.0, 0.0, 1.0]
            ]
        },
        {
            "name": "Head",
            "time": [0.0, 0.05, 0.0833, 0.1167, 0.15, 0.2, 0.3, 0.4, 0.6],
            "transform": [
                [0.174784, -0.035568, 0.983965, -0.0, 0.071487, 0.997166, 0.023346, 0.4, -0.98201, 0.06626, 0.176832, -0.0, 0.0, 0.0, 0.0, 1.0],
                [0.914918, -0.018979, 0.403193, 0.0, -0.105419, 0.95299, 0.284074, 0.4, -0.389629, -0.302408, 0.869906, 0.0, 0.0, 0.0, 0.0, 1.0],
                [0.841324, -0.038875, -0.539132, 0.0, -0.09877, 0.969561, -0.224044, 0.4, 0.531431, 0.241744, 0.811875, 0.0, 0.0, 0.0, 0.0, 1.0],
                [0.110321, -0.27808, -0.954202, 0.0, -0.05155, 0.957169, -0.284904, 0.400001, 0.992558, 0.08062, 0.09126, -0.0, 0.0, 0.0, 0.0, 1.0],
                [-0.166562, -0.240746, -0.95619, 0.0, -0.036094, 0.970574, -0.238081, 0.400001, 0.98537, -0.005143, -0.170351, 0.0, 0.0, 0.0, 0.0, 1.0],
                [-0.219868, -0.221484, -0.950054, -0.0, -0.055865, 0.975145, -0.214406, 0.4, 0.973929, 0.005934, -0.226777, -0.0, 0.0, 0.0, 0.0, 1.0],
                [-0.329357, -0.185215, -0.925861, 0.0, -0.083301, 0.982447, -0.166903, 0.4, 0.940524, 0.022155, -0.339005, -0.0, 0.0, 0.0, 0.0, 1.0],
                [-0.388369, -0.167436, -0.906165, -0.0, -0.091413, 0.985503, -0.142918, 0.400001, 0.916959, 0.02733, -0.398045, 0.0, 0.0, 0.0, 0.0, 1.0],
                [0.158004, -0.346544, -0.924631, 0.0, -0.181549, 0.910235, -0.372172, 0.4, 0.970606, 0.226671, 0.080906, 0.0, 0.0, 0.0, 0.0, 1.0]
            ]
        },
        {
            "name": "Shoulder_R",
            "time": [0.0, 0.05, 0.0833, 0.1167, 0.15, 0.2, 0.3, 0.4, 0.6],
            "transform": [
                [0.005139, 0.996193, 0.087009, 0.0, -0.001379, -0.087002, 0.996208, 0.4, 0.999988, -0.005239, 0.000927, -0.0, 0.0, 0.0, 0.0, 1.0],
                [-0.155883, 0.98374, 0.089205, 0.0, 0.041741, -0.083668, 0.995619, 0.4, 0.986895, 0.158923, -0.028019, 0.0, 0.0, 0.0, 0.0, 1.0],
                [-0.061615, 0.994271, 0.087348, 0.0, 0.016497, -0.086488, 0.996116, 0.4, 0.997965, 0.062816, -0.011073, 0.0, 0.0, 0.0, 0.0, 1.0],
                [0.03381, 0.994783, 0.096242, 0.0, -0.009057, -0.095988, 0.995341, 0.4, 0.999389, -0.034524, 0.005764, -0.0, 0.0, 0.0, 0.0, 1.0],
                [0.138952, 0.973128, 0.183612, 0.0, -0.037213, -0.180149, 0.982935, 0.4, 0.989602, -0.143413, 0.011181, -0.0, 0.0, 0.0, 0.0, 1.0],
                [0.109285, 0.975455, 0.191168, -0.0, -0.029268, -0.189079, 0.981525, 0.4, 0.993581, -0.112861, 0.007886, -0.0, 0.0, 0.0, 0.0, 1.0],
                [0.049711, 0.977238, 0.206252, 0.0, -0.013315, -0.20584, 0.978496, 0.4, 0.998675, -0.051389, 0.002779, 0.0, 0.0, 0.0, 0.0, 1.0],
                [0.017186, 0.976601, 0.214385, 0.0, -0.004605, -0.214338, 0.97675, 0.4, 0.999841, -0.017774, 0.000814, -0.0, 0.0, 0.0, 0.0, 1.0],
                [0.06852, 0.953219, 0.294417, -0.0, -0.018352, -0.293856, 0.955674, 0.4, 0.997481, -0.070886, -0.002642, 0.0, 0.0, 0.0, 0.0, 1.0]
            ]
        },
        {
            "name": "Arm_R",
            "time": [0.0, 0.05, 0.0833, 0.1167, 0.15, 0.2, 0.3, 0.4, 0.6],
            "transform": [
                [0.797726, -0.426721, 0.426073, -0.0, 0.435666, 0.896361, 0.082033, 0.388213, -0.416919, 0.120186, 0.900962, 1e-06, 0.0, 0.0, 0.0, 1.0],
                [0.963827, -0.122578, 0.236656, 0.0, 0.239735, 0.786691, -0.568894, 0.388213, -0.116442, 0.605051, 0.787623, 0.0, 0.0, 0.0, 0.0, 1.0],
                [0.241482, -0.969103, -0.050197, 0.0, 0.698794, 0.209553, -0.683937, 0.388213, 0.673324, 0.130081, 0.727811, 0.0, 0.0, 0.0, 0.0, 1.0],
                [0.227852, -0.816344, -0.530719, 0.0, 0.815189, 0.45801, -0.354523, 0.388213, 0.532487, -0.351858, 0.769838, 1e-06, 0.0, 0.0, 0.0, 1.0],
                [0.13105, -0.747533, -0.651166, 0.0, 0.892158, 0.375333, -0.25133, 0.388213, 0.432279, -0.548007, 0.716114, 1e-06, 0.0, 0.0, 0.0, 1.0],
                [-0.00102, -0.757425, -0.652918, 0.0, 0.95853, 0.185324, -0.216486, 0.388213, 0.284973, -0.626064, 0.725831, 1e-06, 0.0, 0.0, 0.0, 1.0],
                [-0.076749, -0.767999, -0.635829, -0.0, 0.987863, 0.027792, -0.15281, 0.388213, 0.13503, -0.639843, 0.756544, 0.0, 0.0, 0.0, 0.0, 1.0],
                [-0.153286, -0.76286, -0.628123, 0.0, 0.988, -0.106087, -0.112264, 0.388213, 0.019006, -0.637798, 0.769961, 0.0, 0.0, 0.0, 0.0, 1.0],
                [0.247443, -0.879468, -0.406577, -0.0, 0.955474, 0.291113, -0.048207, 0.388213, 0.160758, -0.376546, 0.912339, 1e-06, 0.0, 0.0, 0.0, 1.0]
            ]
        },
        {
            "name": "Hand_R",
            "time": [0.0, 0.05, 0.0833, 0.1167, 0.15, 0.2, 0.3, 0.4, 0.6],
            "transform": [
                [0.101233, 0.144074, 0.984378, 0.0, 0.681767, 0.710543, -0.17411, 0.329779, -0.72453, 0.688737, -0.026295, 0.0, 0.0, 0.0, 0.0, 1.0],
                [0.054549, -0.036064, 0.997859, 0.0, 0.101947, 0.994327, 0.030363, 0.329779, -0.993293, 0.100072, 0.057916, 0.0, 0.0, 0.0, 0.0, 1.0],
                [0.056182, 0.295463, 0.953701, -0.0, 0.083335, 0.950487, -0.299377, 0.329779, -0.994937, 0.096296, 0.028777, 0.0, 0.0, 0.0, 0.0, 1.0],
                [0.058047, -0.060978, 0.996451, 0.0, 0.064712, 0.996261, 0.057197, 0.329779, -0.996215, 0.061162, 0.061776, -0.0, 0.0, 0.0, 0.0, 1.0],
                [0.062472, -0.085695, 0.994365, 0.0, 0.02749, 0.99607, 0.084117, 0.329779, -0.99767, 0.02208, 0.064583, 0.0, 0.0, 0.0, 0.0, 1.0],
                [0.055025, -0.063425, 0.99647, -0.0, 0.035748, 0.997463, 0.061515, 0.329779, -0.997845, 0.032237, 0.057153, -0.0, 0.0, 0.0, 0.0, 1.0],
                [0.040671, -0.018535, 0.998997, 0.0, 0.052766, 0.998477, 0.016376, 0.329779, -0.997776, 0.052048, 0.041587, -0.0, 0.0, 0.0, 0.0, 1.0],
                [0.033163, 0.006098, 0.999424, -0.0, 0.062313, 0.998031, -0.008157, 0.329779, -0.997502, 0.062549, 0.032717, -0.0, 0.0, 0.0, 0.0, 1.0],
                [0.830054, 0.033468, 0.556674, 0.0, 0.21235, 0.904038, -0.370984, 0.329779, -0.515669, 0.42615, 0.743289, 0.0, 0.0, 0.0, 0.0, 1.0]
            ]
        },
        {
            "name": "Tool_R",
            "time": [0.0, 0.05, 0.0833, 0.1167, 0.15, 0.2, 0.3, 0.4, 0.6],
            "transform": [
                [0.999813, 0.019371, -6e-06, -0.02, 0.01937, -0.999801, -0.004873, 0.291425, -0.000101, 0.004872, -0.999988, 0.0, 0.0, 0.0, 0.0, 1.0],
                [0.99983, 0.018116, -0.003337, -0.02, 0.01791, -0.998392, -0.05378, 0.291425, -0.004306, 0.053711, -0.998548, -0.0, 0.0, 0.0, 0.0, 1.0],
                [0.999923, 0.012353, -0.00171, -0.02, 0.01198, -0.989597, -0.143363, 0.291425, -0.003463, 0.143332, -0.989669, 0.0, 0.0, 0.0, 0.0, 1.0],
                [0.99998, 0.006455, -0.000651, -0.02, 0.006291, -0.989245, -0.14613, 0.291425, -0.001587, 0.146122, -0.989267, -0.0, 0.0, 0.0, 0.0, 1.0],
                [0.999986, -0.005417, -0.000571, -0.02, -0.005314, -0.947061, -0.321009, 0.291425, 0.001198, 0.321006, -0.947078, 0.0, 0.0, 0.0, 0.0, 1.0],
                [0.999992, -0.004106, -0.000339, -0.02, -0.004039, -0.960604, -0.277894, 0.291426, 0.000815, 0.277893, -0.960613, 0.0, 0.0, 0.0, 0.0, 1.0],
                [0.999999, -0.001454, -5.4e-05, -0.02, -0.001438, -0.981803, -0.189904, 0.291425, 0.000224, 0.189904, -0.981803, -0.0, 0.0, 0.0, 0.0, 1.0],
                [1.0, -0.0, 1e-06, -0.02, -0.0, -0.989979, -0.141229, 0.291425, 1e-06, 0.14123, -0.989977, 0.0, 0.0, 0.0, 0.0, 1.0],
                [0.999959, -0.008964, -0.001702, -0.02, -0.007193, -0.659763, -0.75144, 0.291425, 0.005613, 0.751422, -0.659799, 0.0, 0.0, 0.0, 0.0, 1.0]
            ]
        },
        {
            "name": "Elbow_R",
            "time": [0.0, 0.05, 0.0833, 0.1167, 0.15, 0.2, 0.3, 0.4, 0.6],
            "transform": [
                [-1.0, 0.0, -1e-06, 0.0, 1e-06, 0.727916, -0.685669, 0.329779, 1e-06, -0.685668, -0.727913, 0.0, 0.0, 0.0, 0.0, 1.0],
                [-1.0, -0.0, -1e-06, 0.0, 0.0, 0.50887, -0.860843, 0.329779, 0.0, -0.860843, -0.508871, 0.0, 0.0, 0.0, 0.0, 1.0],
                [-1.0, -0.0, -0.0, -0.0, 0.0, 0.60598, -0.795479, 0.329779, 0.0, -0.79548, -0.60598, 0.0, 0.0, 0.0, 0.0, 1.0],
                [-1.0, -0.0, -1e-06, 0.0, 0.0, 0.390338, -0.920672, 0.329779, 0.0, -0.920671, -0.390338, -0.0, 0.0, 0.0, 0.0, 1.0],
                [-1.000001, -0.0, -0.0, 0.0, 1e-06, 0.174611, -0.984638, 0.329779, 0.0, -0.984638, -0.174612, 0.0, 0.0, 0.0, 0.0, 1.0],
                [-1.0, 0.0, -0.0, -0.0, 0.0, 0.264396, -0.964414, 0.329779, 0.0, -0.964414, -0.264395, -0.0, 0.0, 0.0, 0.0, 1.0],
                [-1.0, 0.0, -1e-06, 0.0, 1e-06, 0.44316, -0.896442, 0.329779, 0.0, -0.896443, -0.443161, -0.0, 0.0, 0.0, 0.0, 1.0],
                [-1.0, 0.0, -0.0, -0.0, 0.0, 0.527135, -0.84978, 0.329779, 0.0, -0.849783, -0.527137, -0.0, 0.0, 0.0, 0.0, 1.0],
                [-1.0, -0.0, -1e-06, 0.0, 1e-06, 0.267777, -0.96348, 0.329779, 0.0, -0.963481, -0.267778, 0.0, 0.0, 0.0, 0.0, 1.0]
            ]
        },
        {
            "name": "Shoulder_L",
            "time": [0.0, 0.05, 0.0833, 0.1167, 0.15, 0.2, 0.3, 0.4, 0.6],
            "transform": [
                [-0.085051, -0.934321, -0.346133, 0.0, -0.022776, -0.345477, 0.938151, 0.4, -0.996116, 0.087674, 0.008103, -0.0, 0.0, 0.0, 0.0, 1.0],
                [0.092987, -0.909566, -0.405021, 0.0, 0.0249, -0.404531, 0.914185, 0.4, -0.995355, -0.095092, -0.014967, 0.0, 0.0, 0.0, 0.0, 1.0],
                [0.069903, -0.922037, -0.380737, 0.0, 0.018719, -0.380391, 0.924636, 0.4, -0.997378, -0.071762, -0.009331, -0.0, 0.0, 0.0, 0.0, 1.0],
                [0.046681, -0.933348, -0.355923, 0.0, 0.0125, -0.355738, 0.934502, 0.4, -0.998831, -0.048073, -0.004939, -0.0, 0.0, 0.0, 0.0, 1.0],
                [0.0, -0.952332, -0.305064, 0.0, -0.0, -0.305064, 0.952332, 0.4, -1.0, -0.0, -0.0, -0.0, 0.0, 0.0, 0.0, 1.0],
                [0.00749, -0.948455, -0.316822, -0.0, 0.002005, -0.316816, 0.948485, 0.4, -0.99997, -0.007739, -0.000471, -0.0, 0.0, 0.0, 0.0, 1.0],
                [0.022229, -0.940155, -0.340021, 0.0, 0.005952, -0.339974, 0.940416, 0.4, -0.999735, -0.022929, -0.001961, 0.0, 0.0, 0.0, 0.0, 1.0],
                [0.030131, -0.935331, -0.352488, 0.0, 0.008068, -0.352409, 0.935811, 0.4, -0.999513, -0.031041, -0.003072, -0.0, 0.0, 0.0, 0.0, 1.0],
                [0.057339, -0.906162, -0.419025, 0.0, 0.015354, -0.418865, 0.907918, 0.4, -0.998236, -0.058493, -0.010104, 0.0, 0.0, 0.0, 0.0, 1.0]
            ]
        },
        {
            "name": "Arm_L",
            "time": [0.0, 0.05, 0.0833, 0.1167, 0.15, 0.2, 0.3, 0.4, 0.6],
            "transform": [
                [0.301819, 0.177554, 0.936685, -0.0, -0.35606, 0.932403, -0.062012, 0.388212, -0.884379, -0.3148, 0.344636, 1e-06, 0.0, 0.0, 0.0, 1.0],
                [0.115868, -0.169908, 0.978624, 0.0, -0.266984, 0.943672, 0.19545, 0.388212, -0.95671, -0.283923, 0.063979, 1e-06, 0.0, 0.0, 0.0, 1.0],
                [0.058878, -0.077559, 0.995247, -0.0, -0.329379, 0.939635, 0.092711, 0.388212, -0.942361, -0.333272, 0.029778, 1e-06, 0.0, 0.0, 0.0, 1.0],
                [-0.006053, 0.015206, 0.999866, -0.0, -0.386089, 0.922316, -0.016364, 0.388212, -0.922442, -0.386136, 0.000288, 1e-06, 0.0, 0.0, 0.0, 1.0],
                [-0.155199, 0.19223, 0.969, -0.0, -0.474705, 0.845704, -0.243802, 0.388212, -0.866354, -0.497827, -0.04, 1e-06, 0.0, 0.0, 0.0, 1.0],
                [-0.185271, 0.208168, 0.960386, 0.0, -0.45296, 0.849201, -0.27145, 0.388212, -0.872068, -0.485308, -0.063041, 1e-06, 0.0, 0.0, 0.0, 1.0],
                [-0.243312, 0.240778, 0.939588, 0.0, -0.406863, 0.85402, -0.32421, 0.388212, -0.88049, -0.461168, -0.10983, 1e-06, 0.0, 0.0, 0.0, 1.0],
                [-0.273654, 0.258882, 0.926333, 0.0, -0.380409, 0.855438, -0.351448, 0.388212, -0.883404, -0.448561, -0.135613, 1e-06, 0.0, 0.0, 0.0, 1.0],
                [-0.257157, -0.128906, 0.957733, -0.0, -0.674538, 0.73363, -0.082374, 0.388212, -0.692003, -0.667211, -0.27561, 1e-06, 0.0, 0.0, 0.0, 1.0]
            ]
        },
        {
            "name": "Hand_L",
            "time": [0.0, 0.05, 0.0833, 0.1167, 0.15, 0.2, 0.3, 0.4, 0.6],
            "transform": [
                [0.776033, 0.062795, -0.627557, -0.0, -0.558938, 0.529418, -0.638204, 0.329779, 0.292164, 0.846035, 0.445944, 0.0, 0.0, 0.0, 0.0, 1.0],
                [0.721891, 0.033113, -0.691214, 0.0, -0.49097, 0.728419, -0.477865, 0.329779, 0.487669, 0.684331, 0.542097, 0.0, 0.0, 0.0, 0.0, 1.0],
                [0.635817, 0.080796, -0.767599, -0.0, -0.595161, 0.684545, -0.420929, 0.329779, 0.491447, 0.724479, 0.483332, 0.0, 0.0, 0.0, 0.0, 1.0],
                [0.543867, 0.119134, -0.830672, -0.0, -0.68401, 0.636384, -0.356574, 0.329779, 0.486146, 0.762117, 0.427598, 0.0, 0.0, 0.0, 0.0, 1.0],
                [0.594972, 0.259061, -0.760852, 0.0, -0.761388, 0.484919, -0.430282, 0.329779, 0.257482, 0.835309, 0.485759, -0.0, 0.0, 0.0, 0.0, 1.0],
                [0.545985, 0.218502, -0.8088, 0.0, -0.771214, 0.508235, -0.38331, 0.329779, 0.327306, 0.833039, 0.446, -0.0, 0.0, 0.0, 0.0, 1.0],
                [0.430579, 0.139666, -0.891681, -0.0, -0.777159, 0.559739, -0.287605, 0.329779, 0.45894, 0.816815, 0.349554, -0.0, 0.0, 0.0, 0.0, 1.0],
                [0.359058, 0.099152, -0.928033, 0.0, -0.772257, 0.589948, -0.235757, 0.329779, 0.524115, 0.801331, 0.288396, -0.0, 0.0, 0.0, 0.0, 1.0],
                [0.721996, -0.348266, -0.597856, -0.0, -0.335359, 0.579653, -0.742655, 0.329779, 0.605191, 0.736691, 0.301714, 0.0, 0.0, 0.0, 0.0, 1.0]
            ]
        },
        {
            "name": "Tool_L",
            "time": [0.0, 0.05, 0.0833, 0.1167, 0.15, 0.2, 0.3, 0.4, 0.6],
            "transform": [
                [1.0, 3.3e-05, -8.3e-05, 0.02, 3.2e-05, -1.0, 0.000154, 0.291426, -8.3e-05, -0.000154, -1.0, 0.0, 0.0, 0.0, 0.0, 1.0],
                [1.0, 3.3e-05, -8.3e-05, 0.02, 3.3e-05, -1.0, 0.000154, 0.291426, -8.3e-05, -0.000154, -1.0, -0.0, 0.0, 0.0, 0.0, 1.0],
                [1.0, 3.3e-05, -8.3e-05, 0.02, 3.3e-05, -1.0, 0.000154, 0.291426, -8.3e-05, -0.000154, -1.0, -0.0, 0.0, 0.0, 0.0, 1.0],
                [1.0, 3.3e-05, -8.3e-05, 0.02, 3.3e-05, -1.0, 0.000154, 0.291426, -8.3e-05, -0.000154, -1.0, 0.0, 0.0, 0.0, 0.0, 1.0],
                [1.0, 3.3e-05, -8.3e-05, 0.02, 3.3e-05, -1.0, 0.000154, 0.291426, -8.3e-05, -0.000154, -1.0, -0.0, 0.0, 0.0, 0.0, 1.0],
                [1.0, 2.6e-05, -6.7e-05, 0.02, 2.6e-05, -1.0, 0.000124, 0.291426, -6.7e-05, -0.000124, -1.0, -0.0, 0.0, 0.0, 0.0, 1.0],
                [1.0, 1.4e-05, -3.5e-05, 0.02, 1.4e-05, -1.0, 6.6e-05, 0.291426, -3.5e-05, -6.6e-05, -1.0, -0.0, 0.0, 0.0, 0.0, 1.0],
                [1.0, 7e-06, -1.8e-05, 0.02, 7e-06, -1.0, 3.4e-05, 0.291426, -1.8e-05, -3.4e-05, -1.0, -0.0, 0.0, 0.0, 0.0, 1.0],
                [1.0, 8.9e-05, -0.000228, 0.02, 8.9e-05, -1.0, 0.000422, 0.291426, -0.000228, -0.000422, -1.0, -0.0, 0.0, 0.0, 0.0, 1.0]
            ]
        },
        {
            "name": "Elbow_L",
            "time": [0.0, 0.05, 0.0833, 0.1167, 0.15, 0.2, 0.3, 0.4, 0.6],
            "transform": [
                [-1.0, 0.0, -0.0, -0.0, 0.0, 0.51658, -0.856238, 0.329779, -0.0, -0.856239, -0.516581, 0.0, 0.0, 0.0, 0.0, 1.0],
                [-1.0, 0.0, -0.0, 0.0, 0.0, 0.435351, -0.900261, 0.329779, -0.0, -0.900261, -0.435351, 0.0, 0.0, 0.0, 0.0, 1.0],
                [-1.0, 1e-06, -3e-06, -0.0, 3e-06, 0.471714, -0.881751, 0.329779, 1e-06, -0.881752, -0.471714, 0.0, 0.0, 0.0, 0.0, 1.0],
                [-1.0, 0.0, -0.0, -0.0, 0.0, 0.505316, -0.862934, 0.329779, -0.0, -0.862934, -0.505316, 0.0, 0.0, 0.0, 0.0, 1.0],
                [-1.0, 0.0, -0.0, 0.0, 0.0, 0.498643, -0.866807, 0.329779, -0.0, -0.866807, -0.498644, -0.0, 0.0, 0.0, 0.0, 1.0],
                [-1.0, 0.0, -0.0, 0.0, 0.0, 0.51381, -0.857904, 0.329779, 0.0, -0.857904, -0.51381, -0.0, 0.0, 0.0, 0.0, 1.0],
                [-1.0, 0.0, -0.0, -0.0, 0.0, 0.550711, -0.834696, 0.329779, 0.0, -0.834696, -0.550711, -0.0, 0.0, 0.0, 0.0, 1.0],
                [-1.0, 0.0, -0.0, 0.0, 0.0, 0.57505, -0.818118, 0.329779, 0.0, -0.818118, -0.575051, -0.0, 0.0, 0.0, 0.0, 1.0],
                [-1.0, -0.0, -0.0, -0.0, 0.0, 0.557226, -0.830361, 0.329779, 0.0, -0.830362, -0.557226, 0.0, 0.0, 0.0, 0.0, 1.0]
            ]
        }
    ]
}