{

    "animation": [
        {
            "name": "Root",
            "time": [0.0, 0.1167, 0.2, 0.25, 0.2833, 0.35, 0.5, 0.6167],
            "transform": [
                [0.688108, -0.089208, -0.720104, -5e-06, -0.633744, 0.409427, -0.656306, 0.000946, 0.353378, 0.907971, 0.225195, 0.773972, 0.0, 0.0, 0.0, 1.0],
                [0.874852, 0.0, -0.484391, -5e-06, -0.450145, 0.369322, -0.813001, 0.000946, 0.178896, 0.929302, 0.323102, 0.773972, 0.0, 0.0, 0.0, 1.0],
                [0.967151, 0.0, 0.254201, -5e-06, 0.236229, 0.369322, -0.898775, 0.000946, -0.093882, 0.929302, 0.35719, 0.773972, 0.0, 0.0, 0.0, 1.0],
                [0.84945, -0.0, 0.52767, -5e-06, 0.490364, 0.369322, -0.789395, 0.000946, -0.19488, 0.929302, 0.31372, 0.671024, 0.0, 0.0, 0.0, 1.0],
                [0.706151, -0.0, 0.708062, -5e-06, 0.658003, 0.369322, -0.656227, 0.000946, -0.261503, 0.929302, 0.260797, 0.454627, 0.0, 0.0, 0.0, 1.0],
                [0.70049, -0.022483, 0.713309, -5e-06, 0.676861, 0.33775, -0.654052, 0.000946, -0.226215, 0.940967, 0.251808, 0.413125, 0.0, 0.0, 0.0, 1.0],
                [0.702381, -0.072871, 0.708062, -5e-06, 0.692602, 0.299448, -0.656227, 0.000946, -0.164207, 0.951326, 0.260797, 0.397702, 0.0, 0.0, 0.0, 1.0],
                [0.702381, -0.072871, 0.708062, -5e-06, 0.692602, 0.299448, -0.656227, 0.000946, -0.164207, 0.951326, 0.260797, 0.397702, 0.0, 0.0, 0.0, 1.0]
            ]
        },
        {
            "name": "Thigh_R",
            "time": [0.0, 0.1167, 0.2, 0.25, 0.2833, 0.35, 0.5, 0.6167],
            "transform": [
                [0.98262, 0.105882, 0.152465, 0.124994, -0.148937, -0.040512, 0.988017, -0.00283, 0.11079, -0.993554, -0.024038, -1.2e-05, 0.0, 0.0, 0.0, 1.0],
                [0.979703, 0.186992, 0.072226, 0.124994, -0.048463, -0.12867, 0.990503, -0.00283, 0.194509, -0.973899, -0.116996, -1.2e-05, 0.0, 0.0, 0.0, 1.0],
                [0.95027, 0.299819, 0.084244, 0.124994, 0.077646, -0.490054, 0.868227, -0.00283, 0.301595, -0.818508, -0.488963, -1.2e-05, 0.0, 0.0, 0.0, 1.0],
                [0.874559, 0.380598, 0.300486, 0.124994, 0.167365, -0.818493, 0.549598, -0.002831, 0.455122, -0.430365, -0.77952, -1.2e-05, 0.0, 0.0, 0.0, 1.0],
                [0.74611, 0.331667, 0.577336, 0.124994, 0.22963, -0.94208, 0.244447, -0.002831, 0.624972, -0.04981, -0.779057, -1.2e-05, 0.0, 0.0, 0.0, 1.0],
                [0.810692, 0.337944, 0.47809, 0.124994, 0.216763, -0.93181, 0.291102, -0.00283, 0.543867, -0.132362, -0.828665, -1.2e-05, 0.0, 0.0, 0.0, 1.0],
                [0.644001, 0.397322, 0.653757, 0.124994, 0.230294, -0.915602, 0.329601, -0.002831, 0.729539, -0.061707, -0.68115, -1.2e-05, 0.0, 0.0, 0.0, 1.0],
                [0.690104, 0.375524, 0.618659, 0.124994, 0.224361, -0.923739, 0.310435, -0.002831, 0.688055, -0.07543, -0.721728, -1.2e-05, 0.0, 0.0, 0.0, 1.0]
            ]
        },
        {
            "name": "Leg_R",
            "time": [0.0, 0.1167, 0.2, 0.25, 0.2833, 0.35, 0.5, 0.6167],
            "transform": [
                [0.986905, -0.143259, -0.074126, -0.0, 0.05717, -0.119053, 0.99124, 0.37472, -0.15083, -0.982497, -0.109304, -0.0, 0.0, 0.0, 0.0, 1.0],
                [0.996442, -0.070575, -0.046065, 0.0, 0.043833, -0.032859, 0.998497, 0.37472, -0.071983, -0.996965, -0.029649, 0.0, 0.0, 0.0, 0.0, 1.0],
                [0.999701, 0.003929, -0.024109, -0.0, 0.023472, 0.11884, 0.992634, 0.37472, 0.006766, -0.992907, 0.118713, -0.0, 0.0, 0.0, 0.0, 1.0],
                [0.999182, -0.006414, -0.039942, -0.0, 0.038224, -0.173616, 0.984071, 0.37472, -0.013247, -0.984793, -0.173228, 0.0, 0.0, 0.0, 0.0, 1.0],
                [0.997447, -0.056978, -0.043039, -0.0, 0.057613, 0.286095, 0.956468, 0.37472, -0.042185, -0.956505, 0.288647, 0.0, 0.0, 0.0, 0.0, 1.0],
                [0.994598, -0.084911, -0.059715, -0.0, 0.065632, 0.06869, 0.995476, 0.37472, -0.080426, -0.994018, 0.073891, -0.0, 0.0, 0.0, 0.0, 1.0],
                [0.998008, -0.037625, -0.050644, 0.0, 0.055217, 0.132592, 0.989631, 0.37472, -0.03052, -0.990455, 0.134406, 0.0, 0.0, 0.0, 0.0, 1.0],
                [0.998332, -0.035706, -0.04539, -0.0, 0.049059, 0.109691, 0.992755, 0.37472, -0.030469, -0.993324, 0.111259, -0.0, 0.0, 0.0, 0.0, 1.0]
            ]
        },
        {
            "name": "Knee_R",
            "time": [0.0, 0.1167, 0.2, 0.25, 0.2833, 0.35, 0.5, 0.6167],
            "transform": [
                [0.996064, -0.088507, -0.0049, -0.0, 0.062731, 0.742875, -0.666484, 0.37472, 0.062629, 0.663553, 0.745503, -0.0, 0.0, 0.0, 0.0, 1.0],
                [0.998951, -0.045073, -0.008093, 0.0, 0.02672, 0.717227, -0.696327, 0.37472, 0.03719, 0.69538, 0.71768, 0.0, 0.0, 0.0, 0.0, 1.0],
                [0.999915, -0.002609, -0.012806, -0.0, -0.007846, 0.66377, -0.747896, 0.37472, 0.010452, 0.747932, 0.663692, -0.0, 0.0, 0.0, 0.0, 1.0],
                [0.999751, -0.012517, -0.018482, -0.0, -0.002296, 0.765948, -0.642899, 0.37472, 0.022204, 0.642781, 0.765728, 0.0, 0.0, 0.0, 0.0, 1.0],
                [0.999292, -0.035633, -0.012095, -0.0, 0.011552, 0.596393, -0.80261, 0.37472, 0.035813, 0.801902, 0.596382, 0.0, 0.0, 0.0, 0.0, 1.0],
                [0.99844, -0.054269, -0.013161, -0.0, 0.027318, 0.680235, -0.732485, 0.37472, 0.048704, 0.730983, 0.680656, -0.0, 0.0, 0.0, 0.0, 1.0],
                [0.999432, -0.028331, -0.018268, 0.0, 0.004886, 0.657958, -0.753039, 0.37472, 0.033354, 0.752522, 0.657723, 0.0, 0.0, 0.0, 0.0, 1.0],
                [0.999522, -0.026532, -0.015881, -0.0, 0.005855, 0.666675, -0.745325, 0.37472, 0.030363, 0.744876, 0.666512, -0.0, 0.0, 0.0, 0.0, 1.0]
            ]
        },
        {
            "name": "Thigh_L",
            "time": [0.0, 0.1167, 0.2, 0.25, 0.2833, 0.35, 0.5, 0.6167],
            "transform": [
                [0.997368, -0.008968, -0.071951, -0.125006, 0.004994, -0.981469, 0.191555, -0.002831, -0.072336, -0.19141, -0.978839, -1.2e-05, 0.0, 0.0, 0.0, 1.0],
                [0.998605, -0.000969, -0.052795, -0.125006, 0.020787, -0.911891, 0.409904, -0.00283, -0.048541, -0.41043, -0.910598, -1.2e-05, 0.0, 0.0, 0.0, 1.0],
                [0.99757, 0.068951, 0.009916, -0.125006, 0.03553, -0.626081, 0.778942, -0.002831, 0.059918, -0.776697, -0.62701, -1.2e-05, 0.0, 0.0, 0.0, 1.0],
                [0.966751, 0.171227, 0.189926, -0.125006, -0.075186, -0.519563, 0.851117, -0.002831, 0.244413, -0.837099, -0.489415, -1.2e-05, 0.0, 0.0, 0.0, 1.0],
                [0.887101, 0.438924, 0.14282, -0.125006, -0.138249, -0.042553, 0.989482, -0.002831, 0.440386, -0.897515, 0.022933, -1.2e-05, 0.0, 0.0, 0.0, 1.0],
                [0.839211, 0.532993, 0.107899, -0.125006, -0.187076, 0.096655, 0.977578, -0.002831, 0.510614, -0.84058, 0.180824, -1.2e-05, 0.0, 0.0, 0.0, 1.0],
                [0.858935, 0.50303, 0.095869, -0.125006, -0.165786, 0.09603, 0.981474, -0.002831, 0.484505, -0.858917, 0.165879, -1.2e-05, 0.0, 0.0, 0.0, 1.0],
                [0.881084, 0.46761, 0.070936, -0.125006, -0.115952, 0.068159, 0.990912, -0.002831, 0.458525, -0.881304, 0.114274, -1.2e-05, 0.0, 0.0, 0.0, 1.0]
            ]
        },
        {
            "name": "Leg_L",
            "time": [0.0, 0.1167, 0.2, 0.25, 0.2833, 0.35, 0.5, 0.6167],
            "transform": [
                [0.999498, 4.8e-05, 0.03167, 0.0, -0.02554, 0.592499, 0.805165, 0.37472, -0.018726, -0.805571, 0.592203, 0.0, 0.0, 0.0, 0.0, 1.0],
                [0.997217, -0.037062, 0.064689, -0.0, -0.052564, 0.265794, 0.962596, 0.37472, -0.05287, -0.963317, 0.263107, 0.0, 0.0, 0.0, 0.0, 1.0],
                [0.993123, -0.083454, 0.082113, -0.0, -0.089938, -0.094792, 0.991428, 0.37472, -0.074955, -0.991992, -0.101646, 0.0, 0.0, 0.0, 0.0, 1.0],
                [0.994739, 0.102425, -0.002286, -0.0, -0.045457, 0.461254, 0.886104, 0.37472, 0.091813, -0.881337, 0.463483, 0.0, 0.0, 0.0, 0.0, 1.0],
                [0.983707, 0.17666, -0.033344, 0.0, -0.046554, 0.429458, 0.901887, 0.37472, 0.173647, -0.885639, 0.430685, 0.0, 0.0, 0.0, 0.0, 1.0],
                [0.986954, 0.157335, -0.034206, 0.0, -0.021676, 0.340347, 0.940051, 0.37472, 0.159544, -0.927044, 0.339317, -0.0, 0.0, 0.0, 0.0, 1.0],
                [0.991509, 0.126128, -0.031643, 0.0, -0.018039, 0.374394, 0.927096, 0.37472, 0.12878, -0.918649, 0.373492, 0.0, 0.0, 0.0, 0.0, 1.0],
                [0.991273, 0.129019, -0.027084, 0.0, -0.031529, 0.431499, 0.901564, 0.37472, 0.128005, -0.892837, 0.431803, 0.0, 0.0, 0.0, 0.0, 1.0]
            ]
        },
        {
            "name": "Knee_L",
            "time": [0.0, 0.1167, 0.2, 0.25, 0.2833, 0.35, 0.5, 0.6167],
            "transform": [
                [0.999868, 0.003803, 0.015829, 0.0, 0.012409, 0.451385, -0.892243, 0.37472, -0.010538, 0.892322, 0.451278, 0.0, 0.0, 0.0, 0.0, 1.0],
                [0.999225, -0.007607, 0.038627, -0.0, 0.035334, 0.605972, -0.794701, 0.37472, -0.017362, 0.79545, 0.605771, 0.0, 0.0, 0.0, 0.0, 1.0],
                [0.997942, -0.023534, 0.05966, -0.0, 0.057516, 0.739944, -0.670205, 0.37472, -0.028372, 0.672257, 0.739774, 0.0, 0.0, 0.0, 0.0, 1.0],
                [0.998581, 0.050956, -0.015468, -0.0, -0.039608, 0.516563, -0.855333, 0.37472, -0.035594, 0.854732, 0.517848, 0.0, 0.0, 0.0, 0.0, 1.0],
                [0.99558, 0.08383, -0.042344, 0.0, -0.080404, 0.527789, -0.845562, 0.37472, -0.048535, 0.845229, 0.532197, 0.0, 0.0, 0.0, 0.0, 1.0],
                [0.996409, 0.073483, -0.042076, 0.0, -0.076576, 0.569895, -0.818142, 0.37472, -0.03614, 0.818426, 0.573475, -0.0, 0.0, 0.0, 0.0, 1.0],
                [0.997677, 0.058339, -0.035177, 0.0, -0.061753, 0.556435, -0.828593, 0.37472, -0.028766, 0.828841, 0.558745, 0.0, 0.0, 0.0, 0.0, 1.0],
                [0.997635, 0.060725, -0.032222, 0.0, -0.059576, 0.529849, -0.845997, 0.37472, -0.0343, 0.845916, 0.532213, 0.0, 0.0, 0.0, 0.0, 1.0]
            ]
        },
        {
            "name": "Torso",
            "time": [0.0, 0.1167, 0.2, 0.25, 0.2833, 0.35, 0.5, 0.6167],
            "transform": [
                [0.986779, 0.158186, -0.03528, 0.0, -0.16114, 0.980889, -0.109045, 0.05, 0.017356, 0.113288, 0.993411, -0.0, 0.0, 0.0, 0.0, 1.0],
                [0.995445, -0.08141, -0.049617, 0.0, 0.08041, 0.996523, -0.021835, 0.05, 0.051222, 0.017746, 0.99853, 0.0, 0.0, 0.0, 0.0, 1.0],
                [0.991904, -0.114833, -0.054223, 0.0, 0.116459, 0.992806, 0.027834, 0.05, 0.050637, -0.033923, 0.998141, -0.0, 0.0, 0.0, 0.0, 1.0],
                [0.957696, 0.195705, -0.210994, -0.0, -0.070787, 0.870842, 0.48644, 0.05, 0.278941, -0.450926, 0.847855, 0.0, 0.0, 0.0, 0.0, 1.0],
                [0.863449, 0.365244, -0.347927, -0.0, -0.16916, 0.85945, 0.482422, 0.05, 0.475227, -0.357691, 0.803876, 0.0, 0.0, 0.0, 0.0, 1.0],
                [0.835152, 0.311003, -0.45365, -0.0, -0.086757, 0.888951, 0.44971, 0.05, 0.543133, -0.336219, 0.769391, 0.0, 0.0, 0.0, 0.0, 1.0],
                [0.798122, 0.299377, -0.522852, -0.0, -0.069245, 0.90764, 0.413999, 0.05, 0.598503, -0.294217, 0.745138, 0.0, 0.0, 0.0, 0.0, 1.0],
                [0.837677, 0.19308, -0.510898, 0.0, -0.022032, 0.946612, 0.321622, 0.05, 0.545721, -0.25816, 0.797209, 0.0, 0.0, 0.0, 0.0, 1.0]
            ]
        },
        {
            "name": "Chest",
            "time": [0.0, 0.1167, 0.2, 0.25, 0.2833, 0.35, 0.5, 0.6167],
            "transform": [
                [0.505752, -0.028936, -0.862194, 0.0, -0.173042, 0.975722, -0.13425, 0.3, 0.845146, 0.217093, 0.488466, 0.0, 0.0, 0.0, 0.0, 1.0],
                [0.579594, -0.018352, -0.814699, -0.0, -0.13656, 0.983422, -0.119304, 0.3, 0.803382, 0.180403, 0.567479, -0.0, 0.0, 0.0, 0.0, 1.0],
                [0.827378, -0.113714, -0.550013, 0.0, 0.032373, 0.987317, -0.155427, 0.3, 0.560711, 0.110792, 0.820566, 0.0, 0.0, 0.0, 0.0, 1.0],
                [0.920606, -0.098378, 0.377898, 0.0, 0.07945, 0.994691, 0.065396, 0.3, -0.382326, -0.03018, 0.923535, -0.0, 0.0, 0.0, 0.0, 1.0],
                [0.896957, -0.01176, 0.441961, -0.0, -0.083733, 0.977036, 0.195934, 0.3, -0.434116, -0.212751, 0.875375, 0.0, 0.0, 0.0, 0.0, 1.0],
                [0.840361, 0.027416, 0.541333, 0.0, -0.123608, 0.982097, 0.142149, 0.3, -0.527744, -0.18637, 0.828705, -0.0, 0.0, 0.0, 0.0, 1.0],
                [0.789993, 0.05503, 0.610642, -0.0, -0.118747, 0.990838, 0.064332, 0.3, -0.601507, -0.123333, 0.78929, 0.0, 0.0, 0.0, 0.0, 1.0],
                [0.825777, 0.034464, 0.562943, -0.0, -0.104912, 0.990097, 0.093281, 0.3, -0.554153, -0.136089, 0.821215, 0.0, 0.0, 0.0, 0.0, 1.0]
            ]
        },
        {
            "name": "Head",
            "time": [0.0, 0.1167, 0.2, 0.25, 0.2833, 0.35, 0.5, 0.6167],
            "transform": [
                [-0.064854, -0.188876, 0.979857, 0.0, -0.165821, 0.970312, 0.176061, 0.4, -0.984021, -0.151063, -0.094248, 0.0, 0.0, 0.0, 0.0, 1.0],
                [0.286966, 0.027461, 0.957547, 0.0, -0.150448, 0.988476, 0.01674, 0.4, -0.946053, -0.148865, 0.287791, -0.0, 0.0, 0.0, 0.0, 1.0],
                [0.934106, 0.153281, 0.322416, -0.0, -0.161828, 0.986819, -0.000296, 0.400001, -0.318211, -0.051899, 0.946598, 0.0, 0.0, 0.0, 0.0, 1.0],
                [0.809007, -0.221643, -0.54441, -0.0, -0.124571, 0.840496, -0.527304, 0.4, 0.574448, 0.49441, 0.652356, -0.0, 0.0, 0.0, 0.0, 1.0],
                [0.732589, -0.469344, -0.49298, 0.0, -0.016922, 0.711474, -0.702508, 0.4, 0.680461, 0.522992, 0.513276, -0.0, 0.0, 0.0, 0.0, 1.0],
                [0.735398, -0.422321, -0.529939, 0.0, -0.000904, 0.781429, -0.623994, 0.4, 0.677635, 0.459363, 0.574279, 0.0, 0.0, 0.0, 0.0, 1.0],
                [0.742625, -0.354837, -0.567977, 0.0, 0.023577, 0.861424, -0.507338, 0.400001, 0.669292, 0.363371, 0.648082, -0.0, 0.0, 0.0, 0.0, 1.0],
                [0.754263, -0.236959, -0.612322, 0.0, -0.062049, 0.902704, -0.425765, 0.4, 0.653634, 0.359133, 0.666173, 0.0, 0.0, 0.0, 0.0, 1.0]
            ]
        },
        {
            "name": "Shoulder_R",
            "time": [0.0, 0.1167, 0.2, 0.25, 0.2833, 0.35, 0.5, 0.6167],
            "transform": [
                [-0.070111, 0.992698, 0.098153, 0.0, 0.018772, -0.097064, 0.995101, 0.4, 0.997363, 0.07161, -0.01183, 0.0, 0.0, 0.0, 0.0, 1.0],
                [-0.070111, 0.992698, 0.098152, 0.0, 0.018772, -0.097064, 0.995101, 0.4, 0.997363, 0.07161, -0.01183, -0.0, 0.0, 0.0, 0.0, 1.0],
                [-0.070111, 0.992698, 0.098152, -0.0, 0.018772, -0.097064, 0.995101, 0.400001, 0.997363, 0.07161, -0.01183, 0.0, 0.0, 0.0, 0.0, 1.0],
                [0.164538, 0.922938, 0.34801, -0.0, -0.044064, -0.345589, 0.937351, 0.4, 0.985386, -0.169564, -0.016194, -0.0, 0.0, 0.0, 0.0, 1.0],
                [0.169054, 0.969929, 0.175094, 0.0, -0.045274, -0.169821, 0.984434, 0.4, 0.984567, -0.174349, 0.015203, -0.0, 0.0, 0.0, 0.0, 1.0],
                [0.001771, 0.994766, 0.102159, 0.0, -0.000477, -0.102158, 0.994768, 0.4, 0.999999, -0.001811, 0.000294, 0.0, 0.0, 0.0, 0.0, 1.0],
                [0.141436, 0.982994, 0.117128, 0.0, -0.037878, -0.112857, 0.992889, 0.400001, 0.989223, -0.144866, 0.021271, -0.0, 0.0, 0.0, 0.0, 1.0],
                [0.050422, 0.992114, 0.114746, 0.0, -0.013505, -0.114204, 0.993365, 0.4, 0.998637, -0.051637, 0.00764, 0.0, 0.0, 0.0, 0.0, 1.0]
            ]
        },
        {
            "name": "Arm_R",
            "time": [0.0, 0.1167, 0.2, 0.2167, 0.25, 0.2833, 0.35, 0.5, 0.6167],
            "transform": [
                [-0.080708, -0.671675, 0.736436, 0.0, 0.888905, 0.285752, 0.358041, 0.388213, -0.450926, 0.683519, 0.573992, 1e-06, 0.0, 0.0, 0.0, 1.0],
                [-0.679855, -0.444457, 0.583314, 0.0, 0.53073, 0.250725, 0.809606, 0.388213, -0.506087, 0.859997, 0.06543, 0.0, 0.0, 0.0, 0.0, 1.0],
                [-0.516927, -0.104747, 0.849596, 0.0, 0.770043, 0.376632, 0.514958, 0.388213, -0.373926, 0.920421, -0.114032, -0.0, 0.0, 0.0, 0.0, 1.0],
                [0.023083, 0.161213, 0.986649, -0.0, 0.972686, 0.224391, -0.05942, 0.388213, -0.230975, 0.961072, -0.15163, 0.0, 0.0, 0.0, 0.0, 1.0],
                [0.590528, -0.806916, 0.012727, -0.0, 0.806183, 0.590561, 0.03615, 0.388213, -0.036687, -0.011087, 0.999264, 1e-06, 0.0, 0.0, 0.0, 1.0],
                [0.697653, -0.686602, -0.204591, 0.0, 0.71304, 0.637659, 0.291486, 0.388213, -0.069676, -0.349237, 0.93444, 1e-06, 0.0, 0.0, 0.0, 1.0],
                [0.498258, -0.775143, -0.388448, 0.0, 0.864647, 0.411043, 0.28884, 0.388213, -0.064223, -0.479787, 0.87503, 0.0, 0.0, 0.0, 0.0, 1.0],
                [0.633756, -0.500405, -0.589871, 0.0, 0.772943, 0.379904, 0.508164, 0.388213, -0.030193, -0.777988, 0.627551, 0.0, 0.0, 0.0, 0.0, 1.0],
                [0.610436, -0.527009, -0.591294, 0.0, 0.791394, 0.375091, 0.482702, 0.388213, -0.032599, -0.762605, 0.646041, 0.0, 0.0, 0.0, 0.0, 1.0]
            ]
        },
        {
            "name": "Hand_R",
            "time": [0.0, 0.1167, 0.2, 0.2167, 0.25, 0.2833, 0.35, 0.5, 0.6167],
            "transform": [
                [0.982791, -0.032681, 0.181806, -0.0, 0.161397, 0.630643, -0.759105, 0.329779, -0.089846, 0.775385, 0.625065, -0.0, 0.0, 0.0, 0.0, 1.0],
                [0.988757, -0.136669, 0.060671, 0.0, 0.148981, 0.86563, -0.478006, 0.329779, 0.01281, 0.481671, 0.876258, -0.0, 0.0, 0.0, 0.0, 1.0],
                [0.988707, -0.145775, -0.034758, -0.0, 0.105045, 0.839555, -0.533022, 0.329779, 0.106882, 0.523352, 0.845387, 0.0, 0.0, 0.0, 0.0, 1.0],
                [0.990448, -0.137359, -0.012074, 0.0, 0.119819, 0.900685, -0.417625, 0.329779, 0.068239, 0.412189, 0.908539, -0.0, 0.0, 0.0, 0.0, 1.0],
                [0.992546, -0.118046, -0.030282, -0.0, 0.119035, 0.992333, 0.03326, 0.329779, 0.026124, -0.036617, 0.998988, -0.0, 0.0, 0.0, 0.0, 1.0],
                [0.99393, -0.103151, 0.03826, -0.0, 0.102153, 0.994398, 0.02719, 0.329779, -0.04085, -0.023116, 0.998898, -0.0, 0.0, 0.0, 0.0, 1.0],
                [0.994334, -0.100876, 0.033521, -0.0, 0.101762, 0.994473, -0.025849, 0.329779, -0.030728, 0.029114, 0.999103, 0.0, 0.0, 0.0, 0.0, 1.0],
                [0.994823, -0.098038, 0.026764, -0.0, 0.101294, 0.97783, -0.183274, 0.329779, -0.008203, 0.185036, 0.982697, 0.0, 0.0, 0.0, 0.0, 1.0],
                [0.995018, -0.093459, 0.034721, 0.0, 0.099018, 0.967003, -0.234736, 0.329779, -0.011637, 0.237005, 0.971438, -0.0, 0.0, 0.0, 0.0, 1.0]
            ]
        },
        {
            "name": "Tool_R",
            "time": [0.0, 0.1167, 0.2, 0.2167, 0.25, 0.2833, 0.35, 0.5, 0.6167],
            "transform": [
                [1.0, 0.0, 0.0, -0.02, 0.0, -0.999838, -0.01802, 0.291425, 0.0, 0.01802, -0.999838, 0.0, 0.0, 0.0, 0.0, 1.0],
                [1.0, 0.0, 0.0, -0.02, 0.0, -0.998489, 0.054961, 0.291425, 0.0, -0.054961, -0.998489, 0.0, 0.0, 0.0, 0.0, 1.0],
                [1.0, 0.0, -0.0, -0.02, 0.0, -0.999171, 0.04072, 0.291425, -0.0, -0.04072, -0.999171, -0.0, 0.0, 0.0, 0.0, 1.0],
                [1.0, 0.0, -0.0, -0.02, 0.0, -0.998564, 0.053566, 0.291425, -0.0, -0.053566, -0.998565, 0.0, 0.0, 0.0, 0.0, 1.0],
                [1.0, 0.0, -0.0, -0.02, 0.0, -0.960368, -0.278737, 0.291425, -0.0, 0.278737, -0.960368, -0.0, 0.0, 0.0, 0.0, 1.0],
                [1.0, 1e-06, 0.0, -0.02, 1e-06, -0.967192, -0.254049, 0.291425, -0.0, 0.254049, -0.967192, 0.0, 0.0, 0.0, 0.0, 1.0],
                [1.0, 1e-06, -0.0, -0.02, 1e-06, -0.992935, -0.118658, 0.291425, -0.0, 0.118658, -0.992935, 0.0, 0.0, 0.0, 0.0, 1.0],
                [0.999811, -0.019374, 0.001928, -0.02, -0.019241, -0.998329, -0.05449, 0.291425, 0.00298, 0.054443, -0.998513, -0.0, 0.0, 0.0, 0.0, 1.0],
                [1.0, 1e-06, 0.0, -0.02, 1e-06, -0.952249, -0.305322, 0.291425, -0.0, 0.305322, -0.952249, -0.0, 0.0, 0.0, 0.0, 1.0]
            ]
        },
        {
            "name": "Elbow_R",
            "time": [0.0, 0.1167, 0.2, 0.25, 0.2833, 0.35, 0.5, 0.6167],
            "transform": [
                [-1.0, 0.0, -1e-06, -0.0, 0.0, 0.431507, -0.90211, 0.329779, 0.0, -0.90211, -0.431508, -0.0, 0.0, 0.0, 0.0, 1.0],
                [-1.0, -0.0, 0.0, 0.0, -0.0, 0.248666, -0.968589, 0.329779, 0.0, -0.968589, -0.248666, -0.0, 0.0, 0.0, 0.0, 1.0],
                [-1.0, 0.0, -1e-06, -0.0, 1e-06, 0.273627, -0.961836, 0.329779, 0.0, -0.961836, -0.273627, 0.0, 0.0, 0.0, 0.0, 1.0],
                [-1.0, -1e-06, 0.0, -0.0, -0.0, -0.018318, -0.999832, 0.329779, 1e-06, -0.999832, 0.018318, -0.0, 0.0, 0.0, 0.0, 1.0],
                [-0.999934, -2e-06, -1e-05, -0.0, -4e-06, -0.011569, -0.999932, 0.329779, 2e-06, -0.999867, 0.011569, -0.0, 0.0, 0.0, 0.0, 1.0],
                [-1.0, -1e-06, 1e-06, -0.0, -1e-06, 0.014565, -0.999894, 0.329779, 1e-06, -0.999894, -0.014565, 0.0, 0.0, 0.0, 0.0, 1.0],
                [-1.0, -1e-06, -1e-06, -0.0, 1e-06, 0.092922, -0.995673, 0.329779, 1e-06, -0.995673, -0.092922, 0.0, 0.0, 0.0, 0.0, 1.0],
                [-1.0, -0.0, -0.0, 0.0, 1e-06, 0.119364, -0.992851, 0.329779, 0.0, -0.992851, -0.119364, -0.0, 0.0, 0.0, 0.0, 1.0]
            ]
        },
        {
            "name": "Shoulder_L",
            "time": [0.0, 0.1167, 0.2, 0.25, 0.2833, 0.35, 0.5, 0.6167],
            "transform": [
                [-0.105572, -0.938961, -0.327425, 0.0, -0.028271, -0.326298, 0.944844, 0.4, -0.99401, 0.109005, 0.007902, 0.0, 0.0, 0.0, 0.0, 1.0],
                [-0.105572, -0.938961, -0.327425, 0.0, -0.028271, -0.326298, 0.944844, 0.4, -0.99401, 0.109005, 0.007902, -0.0, 0.0, 0.0, 0.0, 1.0],
                [-0.105572, -0.938961, -0.327425, -0.0, -0.028271, -0.326298, 0.944844, 0.400001, -0.99401, 0.109005, 0.007902, 0.0, 0.0, 0.0, 0.0, 1.0],
                [-0.105572, -0.93896, -0.327427, -0.0, -0.028271, -0.3263, 0.944844, 0.4, -0.99401, 0.109005, 0.007903, -0.0, 0.0, 0.0, 0.0, 1.0],
                [-0.105572, -0.938961, -0.327425, 0.0, -0.028271, -0.326298, 0.944844, 0.4, -0.99401, 0.109006, 0.007902, -0.0, 0.0, 0.0, 0.0, 1.0],
                [-0.105572, -0.938961, -0.327425, 0.0, -0.028271, -0.326298, 0.944844, 0.4, -0.99401, 0.109005, 0.007902, 0.0, 0.0, 0.0, 0.0, 1.0],
                [-0.105572, -0.938961, -0.327425, 0.0, -0.028271, -0.326298, 0.944844, 0.400001, -0.99401, 0.109005, 0.007902, -0.0, 0.0, 0.0, 0.0, 1.0],
                [-0.097607, -0.940131, -0.326536, 0.0, -0.026138, -0.325568, 0.945157, 0.4, -0.994882, 0.10079, 0.007204, 0.0, 0.0, 0.0, 0.0, 1.0]
            ]
        },
        {
            "name": "Arm_L",
            "time": [0.0, 0.1167, 0.2, 0.25, 0.2833, 0.35, 0.5, 0.6167],
            "transform": [
                [0.285922, -0.295056, 0.911696, -0.0, -0.104521, 0.936136, 0.335745, 0.388212, -0.952536, -0.191288, 0.236822, -0.0, 0.0, 0.0, 0.0, 1.0],
                [0.2172, -0.264755, 0.939537, -0.0, -0.291751, 0.900909, 0.321316, 0.388212, -0.931507, -0.3439, 0.118435, 0.0, 0.0, 0.0, 0.0, 1.0],
                [0.006277, -0.191056, 0.981559, 0.0, -0.486995, 0.856726, 0.169872, 0.388212, -0.873383, -0.479081, -0.087666, 0.0, 0.0, 0.0, 0.0, 1.0],
                [-0.095648, 0.020213, 0.99521, 0.0, -0.326508, 0.943842, -0.050549, 0.388212, -0.940342, -0.329779, -0.083677, -0.0, 0.0, 0.0, 0.0, 1.0],
                [-0.096324, 0.20729, 0.973526, 0.0, -0.058836, 0.975178, -0.213463, 0.388212, -0.99361, -0.077839, -0.081737, 1e-06, 0.0, 0.0, 0.0, 1.0],
                [-0.121119, 0.212573, 0.96961, -0.0, -0.135992, 0.964037, -0.228339, 0.388212, -0.983279, -0.159515, -0.087855, 1e-06, 0.0, 0.0, 0.0, 1.0],
                [-0.153509, 0.194862, 0.968743, -0.0, -0.381846, 0.892511, -0.240036, 0.388212, -0.911389, -0.406759, -0.062601, 1e-06, 0.0, 0.0, 0.0, 1.0],
                [-0.152222, 0.182702, 0.971313, -0.0, -0.487588, 0.840965, -0.234597, 0.388212, -0.859702, -0.509311, -0.03893, 1e-06, 0.0, 0.0, 0.0, 1.0]
            ]
        },
        {
            "name": "Hand_L",
            "time": [0.0, 0.1167, 0.2, 0.25, 0.2833, 0.35, 0.5, 0.6167],
            "transform": [
                [0.71111, 0.138847, -0.689235, 0.0, -0.653071, 0.493555, -0.574371, 0.329779, 0.260425, 0.85856, 0.441649, -0.0, 0.0, 0.0, 0.0, 1.0],
                [0.763586, 0.133062, -0.631847, -0.0, -0.620036, 0.424265, -0.659966, 0.329779, 0.180254, 0.895709, 0.406466, 0.0, 0.0, 0.0, 0.0, 1.0],
                [0.853093, 0.139424, -0.502785, -0.0, -0.51842, 0.335342, -0.78663, 0.329779, 0.05893, 0.931723, 0.358358, -0.0, 0.0, 0.0, 0.0, 1.0],
                [0.732539, 0.117246, -0.670552, -0.0, -0.649966, 0.41323, -0.637797, 0.329779, 0.202313, 0.903047, 0.378913, 0.0, 0.0, 0.0, 0.0, 1.0],
                [0.353201, 0.138847, -0.925187, 0.0, -0.834623, 0.493555, -0.244557, 0.329779, 0.422675, 0.85856, 0.290209, 0.0, 0.0, 0.0, 0.0, 1.0],
                [0.359952, 0.134807, -0.92318, -0.0, -0.834458, 0.489074, -0.253942, 0.329779, 0.41727, 0.861762, 0.288534, 0.0, 0.0, 0.0, 0.0, 1.0],
                [0.432492, 0.138847, -0.890883, 0.0, -0.810132, 0.493555, -0.316369, 0.329779, 0.395773, 0.85856, 0.325944, -0.0, 0.0, 0.0, 0.0, 1.0],
                [0.562058, 0.169121, -0.809623, -0.0, -0.739103, 0.54206, -0.399872, 0.329779, 0.371238, 0.823146, 0.429667, -0.0, 0.0, 0.0, 0.0, 1.0]
            ]
        },
        {
            "name": "Tool_L",
            "time": [0.0, 0.1167, 0.2, 0.25, 0.2833, 0.35, 0.5, 0.6167],
            "transform": [
                [1.0, 0.0, 0.0, 0.02, 0.0, -1.0, 0.0, 0.291426, 0.0, 0.0, -1.0, -0.0, 0.0, 0.0, 0.0, 1.0],
                [1.0, 0.0, 0.0, 0.02, 0.0, -1.0, 0.0, 0.291426, 0.0, -0.0, -1.0, -0.0, 0.0, 0.0, 0.0, 1.0],
                [1.0, 0.0, 0.0, 0.02, 0.0, -1.0, -0.0, 0.291426, 0.0, 0.0, -1.0, -0.0, 0.0, 0.0, 0.0, 1.0],
                [1.0, 0.0, 0.0, 0.02, 0.0, -1.0, 0.0, 0.291426, 0.0, -0.0, -1.0, 0.0, 0.0, 0.0, 0.0, 1.0],
                [1.0, 0.0, 0.0, 0.02, 0.0, -1.0, 0.0, 0.291426, 0.0, -0.0, -1.0, -0.0, 0.0, 0.0, 0.0, 1.0],
                [1.0, 0.0, 0.0, 0.02, 0.0, -1.0, -0.0, 0.291426, 0.0, -0.0, -1.0, -0.0, 0.0, 0.0, 0.0, 1.0],
                [1.0, 0.0, 0.0, 0.02, 0.0, -1.0, 0.0, 0.291426, 1e-06, -0.0, -1.0, -0.0, 0.0, 0.0, 0.0, 1.0],
                [1.0, 0.0, 0.0, 0.02, 0.0, -1.0, 0.0, 0.291426, 0.0, -0.0, -1.0, -0.0, 0.0, 0.0, 0.0, 1.0]
            ]
        },
        {
            "name": "Elbow_L",
            "time": [0.0, 0.1167, 0.2, 0.25, 0.2833, 0.35, 0.5, 0.6167],
            "transform": [
                [-1.0, 0.0, -0.0, 0.0, 0.0, 0.520849, -0.853649, 0.329779, -0.0, -0.853649, -0.520849, -0.0, 0.0, 0.0, 0.0, 1.0],
                [-1.0, 0.0, -0.0, -0.0, 0.0, 0.541648, -0.840605, 0.329779, -0.0, -0.840606, -0.541648, 0.0, 0.0, 0.0, 0.0, 1.0],
                [-1.0, 1e-06, -0.0, -0.0, 1e-06, 0.566135, -0.824312, 0.329779, -0.0, -0.824313, -0.566135, -0.0, 0.0, 0.0, 0.0, 1.0],
                [-1.0, 1e-06, -0.0, -0.0, 0.0, 0.553663, -0.83274, 0.329779, -0.0, -0.832741, -0.553663, 0.0, 0.0, 0.0, 0.0, 1.0],
                [-0.999999, 1e-06, -1e-06, 0.0, 1e-06, 0.583, -0.812472, 0.329779, 0.0, -0.812472, -0.583, 0.0, 0.0, 0.0, 0.0, 1.0],
                [-1.0, 0.0, 0.0, -0.0, 1e-06, 0.584168, -0.811633, 0.329779, -0.0, -0.811633, -0.584168, 0.0, 0.0, 0.0, 0.0, 1.0],
                [-1.0, 0.0, -0.0, 0.0, 0.0, 0.567924, -0.823081, 0.329779, 0.0, -0.823081, -0.567924, -0.0, 0.0, 0.0, 0.0, 1.0],
                [-1.0, 0.0, -0.0, -0.0, -0.0, 0.518297, -0.8552, 0.329779, -0.0, -0.8552, -0.518297, -0.0, 0.0, 0.0, 0.0, 1.0]
            ]
        }
    ]
}