{

    "animation": [
        {
            "name": "Root",
            "time": [0.0, 0.05, 0.0833, 0.1167, 0.15, 0.2, 0.3, 0.4, 0.6],
            "transform": [
                [0.103627, 0.060068, 0.992801, -5e-06, 0.993531, 0.040374, -0.106146, 0.000946, -0.046459, 0.997377, -0.055496, 0.473939, 0.0, 0.0, 0.0, 1.0],
                [0.77534, -0.025954, 0.631011, -5e-06, 0.612859, 0.272167, -0.741842, 0.373415, -0.152486, 0.9619, 0.226928, 0.514973, 0.0, 0.0, 0.0, 1.0],
                [0.866012, -0.017502, 0.499716, -5e-06, 0.488326, 0.244499, -0.83771, 0.630298, -0.107518, 0.969492, 0.220286, 0.499972, 0.0, 0.0, 0.0, 1.0],
                [0.935005, -0.013714, 0.354369, -5e-06, 0.348842, 0.215428, -0.912086, 0.887181, -0.063833, 0.976423, 0.20621, 0.484972, 0.0, 0.0, 0.0, 1.0],
                [0.959488, -0.018169, -0.281162, -5e-06, -0.275464, 0.149091, -0.949679, 0.900946, 0.059173, 0.988657, 0.138047, 0.495307, 0.0, 0.0, 0.0, 1.0],
                [0.94238, -0.017712, -0.334075, -5e-06, -0.328113, 0.145941, -0.933297, 0.900946, 0.065286, 0.989135, 0.131721, 0.496436, 0.0, 0.0, 0.0, 1.0],
                [0.899511, -0.017332, -0.436553, -5e-06, -0.430166, 0.139589, -0.891892, 0.900946, 0.076397, 0.990058, 0.118107, 0.498694, 0.0, 0.0, 0.0, 1.0],
                [0.880606, -0.017373, -0.473531, -5e-06, -0.467022, 0.137209, -0.873535, 0.900946, 0.080149, 0.99039, 0.112713, 0.499541, 0.0, 0.0, 0.0, 1.0],
                [0.61103, -0.0182, -0.791398, -5e-06, -0.787039, 0.09328, -0.60981, 0.900946, 0.084921, 0.995474, 0.042673, 0.567488, 0.0, 0.0, 0.0, 1.0]
            ]
        },
        {
            "name": "Thigh_R",
            "time": [0.0, 0.05, 0.0833, 0.1167, 0.15, 0.2, 0.3, 0.4, 0.6],
            "transform": [
                [0.770993, 0.63251, 0.0742, 0.124994, 0.493075, -0.666609, 0.559029, -0.002831, 0.403053, -0.394421, -0.825824, -1.2e-05, 0.0, 0.0, 0.0, 1.0],
                [0.948584, 0.315731, -0.022464, 0.120155, 0.221685, -0.612021, 0.759135, -0.008274, 0.225935, -0.725083, -0.650545, 0.018615, 0.0, 0.0, 0.0, 1.0],
                [0.9549, 0.245902, 0.166431, 0.121365, 0.178159, -0.922888, 0.341375, -0.006913, 0.237542, -0.296327, -0.925076, 0.013958, 0.0, 0.0, 0.0, 1.0],
                [0.95643, 0.094607, 0.276211, 0.122575, 0.149108, -0.971644, -0.183508, -0.005552, 0.251017, 0.216698, -0.943416, 0.009302, 0.0, 0.0, 0.0, 1.0],
                [0.933555, 0.342048, 0.107139, 0.124994, 0.348605, -0.935965, -0.049437, -0.002831, 0.083368, 0.083502, -0.993015, -1.2e-05, 0.0, 0.0, 0.0, 1.0],
                [0.910418, 0.386207, 0.148265, 0.124994, 0.39136, -0.920217, -0.006119, -0.00283, 0.134073, 0.063596, -0.988929, -1.2e-05, 0.0, 0.0, 0.0, 1.0],
                [0.851679, 0.47415, 0.223215, 0.124994, 0.467571, -0.879862, 0.084967, -0.002831, 0.236686, 0.032004, -0.971059, -1.2e-05, 0.0, 0.0, 0.0, 1.0],
                [0.825645, 0.506532, 0.248466, 0.124994, 0.492616, -0.86191, 0.120171, -0.00283, 0.275026, 0.023179, -0.961157, -1.2e-05, 0.0, 0.0, 0.0, 1.0],
                [0.886752, 0.449359, -0.108377, 0.124994, 0.452381, -0.795467, 0.403217, -0.002831, 0.094979, -0.406582, -0.908664, -1.2e-05, 0.0, 0.0, 0.0, 1.0]
            ]
        },
        {
            "name": "Leg_R",
            "time": [0.0, 0.05, 0.0833, 0.1167, 0.15, 0.2, 0.3, 0.4, 0.6],
            "transform": [
                [0.983385, 0.165575, -0.074404, -0.0, 0.052898, 0.130703, 0.990009, 0.37472, 0.173645, -0.977498, 0.119772, -0.0, 0.0, 0.0, 0.0, 1.0],
                [0.991742, 0.126837, -0.01897, 0.0, 0.008651, 0.081417, 0.996642, 0.37472, 0.127955, -0.988578, 0.079648, -0.0, 0.0, 0.0, 0.0, 1.0],
                [0.997435, 0.05878, -0.040845, -0.0, 0.008701, 0.466833, 0.884303, 0.37472, 0.071047, -0.88239, 0.465124, -0.0, 0.0, 0.0, 0.0, 1.0],
                [0.999608, -0.00629, -0.027282, 0.0, 0.022079, 0.776295, 0.629984, 0.37472, 0.017216, -0.630338, 0.776131, 0.0, 0.0, 0.0, 0.0, 1.0],
                [0.998049, 0.035115, -0.051643, -0.0, 0.013837, 0.682048, 0.731176, 0.37472, 0.060898, -0.730463, 0.680232, -0.0, 0.0, 0.0, 0.0, 1.0],
                [0.997708, 0.035089, -0.05787, 0.0, 0.017622, 0.690902, 0.722733, 0.37472, 0.065343, -0.722095, 0.688701, 0.0, 0.0, 0.0, 0.0, 1.0],
                [0.996918, 0.03481, -0.070316, -0.0, 0.025026, 0.708308, 0.70546, 0.37472, 0.074362, -0.705045, 0.705253, -0.0, 0.0, 0.0, 0.0, 1.0],
                [0.996584, 0.034627, -0.074978, -0.0, 0.027745, 0.714727, 0.698852, 0.37472, 0.077788, -0.698545, 0.711325, 0.0, 0.0, 0.0, 0.0, 1.0],
                [0.997599, 0.01484, -0.067646, 0.0, 0.040162, 0.671788, 0.739654, 0.37472, 0.05642, -0.740596, 0.669578, -0.0, 0.0, 0.0, 0.0, 1.0]
            ]
        },
        {
            "name": "Knee_R",
            "time": [0.0, 0.05, 0.0833, 0.1167, 0.15, 0.2, 0.3, 0.4, 0.6],
            "transform": [
                [0.995246, 0.068957, -0.068786, -0.0, -0.097187, 0.656411, -0.748117, 0.37472, -0.006436, 0.751245, 0.659992, -0.0, 0.0, 0.0, 0.0, 1.0],
                [0.997618, 0.059817, -0.034356, 0.0, -0.065791, 0.67535, -0.734557, 0.37472, -0.020737, 0.735067, 0.677677, -0.0, 0.0, 0.0, 0.0, 1.0],
                [0.999309, 0.023724, -0.028624, -0.0, -0.036762, 0.515854, -0.855888, 0.37472, -0.00554, 0.856348, 0.516369, -0.0, 0.0, 0.0, 0.0, 1.0],
                [0.999899, -0.005492, -0.013106, 0.0, -0.010515, 0.334406, -0.942371, 0.37472, 0.009558, 0.942413, 0.334314, 0.0, 0.0, 0.0, 0.0, 1.0],
                [0.999491, 0.012192, -0.029495, -0.0, -0.03191, 0.398584, -0.916577, 0.37472, 0.000581, 0.917051, 0.39877, -0.0, 0.0, 0.0, 0.0, 1.0],
                [0.999402, 0.011622, -0.032555, 0.0, -0.034502, 0.393016, -0.918884, 0.37472, 0.002115, 0.919458, 0.393182, 0.0, 0.0, 0.0, 0.0, 1.0],
                [0.999198, 0.010429, -0.03865, -0.0, -0.039703, 0.381836, -0.923377, 0.37472, 0.005129, 0.924171, 0.381944, -0.0, 0.0, 0.0, 0.0, 1.0],
                [0.999112, 0.009962, -0.040928, -0.0, -0.041658, 0.377629, -0.925019, 0.37472, 0.00624, 0.925903, 0.377709, 0.0, 0.0, 0.0, 0.0, 1.0],
                [0.999372, 0.000259, -0.03542, 0.0, -0.032487, 0.405165, -0.913666, 0.37472, 0.014114, 0.914243, 0.40492, -0.0, 0.0, 0.0, 0.0, 1.0]
            ]
        },
        {
            "name": "Thigh_L",
            "time": [0.0, 0.05, 0.0833, 0.1167, 0.15, 0.2, 0.3, 0.4, 0.6],
            "transform": [
                [0.880374, -0.258502, 0.397643, -0.125006, -0.443191, -0.746946, 0.495637, -0.002831, 0.168894, -0.612577, -0.772157, -1.2e-05, 0.0, 0.0, 0.0, 1.0],
                [0.958352, -0.069381, 0.277035, -0.125006, -0.231633, -0.756264, 0.611891, -0.00283, 0.167058, -0.650578, -0.740838, -1.2e-05, 0.0, 0.0, 0.0, 1.0],
                [0.96763, 0.02501, 0.251124, -0.126876, -0.208629, -0.480628, 0.851741, -0.002823, 0.142003, -0.876562, -0.459855, 0.000638, 0.0, 0.0, 0.0, 1.0],
                [0.978036, 0.089117, 0.188427, -0.128745, -0.175711, -0.133788, 0.975308, -0.002815, 0.112126, -0.986995, -0.115191, 0.001287, 0.0, 0.0, 0.0, 1.0],
                [0.938519, -0.140898, 0.315161, -0.131238, -0.33967, -0.213836, 0.915911, -0.002805, -0.061656, -0.966653, -0.248547, 0.002153, 0.0, 0.0, 0.0, 1.0],
                [0.933485, -0.167934, 0.316865, -0.130795, -0.350759, -0.243619, 0.904222, -0.002807, -0.074655, -0.955221, -0.28632, 0.001999, 0.0, 0.0, 0.0, 1.0],
                [0.92146, -0.222645, 0.31834, -0.129909, -0.37561, -0.3015, 0.876365, -0.00281, -0.099139, -0.927107, -0.361448, 0.001691, 0.0, 0.0, 0.0, 1.0],
                [0.916262, -0.243363, 0.31818, -0.129576, -0.385817, -0.322486, 0.864377, -0.002812, -0.107749, -0.914755, -0.389375, 0.001576, 0.0, 0.0, 0.0, 1.0],
                [0.845022, -0.519645, 0.126125, -0.127499, -0.462757, -0.59246, 0.659429, -0.00282, -0.267945, -0.615597, -0.741111, 0.000854, 0.0, 0.0, 0.0, 1.0]
            ]
        },
        {
            "name": "Leg_L",
            "time": [0.0, 0.05, 0.0833, 0.1167, 0.15, 0.2, 0.3, 0.4, 0.6],
            "transform": [
                [0.99934, -0.015314, 0.032906, -0.0, -0.030699, 0.127053, 0.991421, 0.37472, -0.019363, -0.991777, 0.126499, 0.0, 0.0, 0.0, 0.0, 1.0],
                [0.999211, -0.028761, 0.027394, 0.0, -0.014046, 0.38925, 0.921024, 0.37472, -0.037153, -0.920682, 0.388539, 0.0, 0.0, 0.0, 0.0, 1.0],
                [0.999577, 0.019902, 0.021192, -0.0, -0.025756, 0.268068, 0.963055, 0.37472, 0.013486, -0.963193, 0.268468, -0.0, 0.0, 0.0, 0.0, 1.0],
                [0.997378, 0.069183, 0.021242, 0.0, -0.030881, 0.141388, 0.989472, 0.37472, 0.065451, -0.987532, 0.143153, -0.0, 0.0, 0.0, 0.0, 1.0],
                [0.999062, 0.025337, 0.035097, -0.0, -0.042161, 0.385821, 0.921609, 0.37472, 0.00981, -0.922225, 0.386528, -0.0, 0.0, 0.0, 0.0, 1.0],
                [0.999088, 0.007398, 0.042024, 0.0, -0.041582, 0.389784, 0.919967, 0.37472, -0.009574, -0.920876, 0.389736, -0.0, 0.0, 0.0, 0.0, 1.0],
                [0.998023, -0.028398, 0.05606, 0.0, -0.040174, 0.397658, 0.916653, 0.37472, -0.048324, -0.917093, 0.395731, 0.0, 0.0, 0.0, 0.0, 1.0],
                [0.997239, -0.041779, 0.061381, 0.0, -0.039561, 0.40059, 0.915402, 0.37472, -0.062834, -0.915303, 0.397831, 0.0, 0.0, 0.0, 0.0, 1.0],
                [0.992348, -0.030975, 0.11952, -0.0, -0.091176, 0.468895, 0.878534, 0.37472, -0.083255, -0.882709, 0.462483, -0.0, 0.0, 0.0, 0.0, 1.0]
            ]
        },
        {
            "name": "Knee_L",
            "time": [0.0, 0.05, 0.0833, 0.1167, 0.15, 0.2, 0.3, 0.4, 0.6],
            "transform": [
                [0.999812, -0.001445, 0.019345, -0.0, 0.015475, 0.660693, -0.750496, 0.37472, -0.011696, 0.750654, 0.660592, 0.0, 0.0, 0.0, 0.0, 1.0],
                [0.999785, -0.010252, 0.018034, 0.0, 0.020696, 0.552544, -0.833227, 0.37472, -0.001423, 0.833421, 0.552637, 0.0, 0.0, 0.0, 0.0, 1.0],
                [0.999882, 0.013522, 0.007244, -0.0, -0.002409, 0.604801, -0.796373, 0.37472, -0.01515, 0.796261, 0.604763, -0.0, 0.0, 0.0, 0.0, 1.0],
                [0.999253, 0.038577, -0.002287, 0.0, -0.026982, 0.654102, -0.755925, 0.37472, -0.027665, 0.755422, 0.654654, -0.0, 0.0, 0.0, 0.0, 1.0],
                [0.999744, 0.017979, 0.01372, -0.0, 0.001466, 0.553871, -0.832601, 0.37472, -0.022568, 0.832409, 0.553702, -0.0, 0.0, 0.0, 0.0, 1.0],
                [0.999752, 0.010032, 0.0199, 0.0, 0.01105, 0.552296, -0.833575, 0.37472, -0.019353, 0.833588, 0.552048, -0.0, 0.0, 0.0, 0.0, 1.0],
                [0.999462, -0.005815, 0.03229, 0.0, 0.030183, 0.54884, -0.835382, 0.37472, -0.012865, 0.835907, 0.54872, 0.0, 0.0, 0.0, 0.0, 1.0],
                [0.999248, -0.011738, 0.036946, 0.0, 0.037341, 0.547441, -0.836011, 0.37472, -0.010412, 0.836762, 0.547467, 0.0, 0.0, 0.0, 0.0, 1.0],
                [0.997938, 0.001142, 0.064181, -0.0, 0.054405, 0.515581, -0.855112, 0.37472, -0.034067, 0.856841, 0.514455, -0.0, 0.0, 0.0, 0.0, 1.0]
            ]
        },
        {
            "name": "Torso",
            "time": [0.0, 0.05, 0.0833, 0.1167, 0.15, 0.2, 0.3, 0.4, 0.6],
            "transform": [
                [0.975147, 0.1457, -0.166933, -0.0, -0.180889, 0.958581, -0.220019, 0.05, 0.127962, 0.244746, 0.961109, -0.0, 0.0, 0.0, 0.0, 1.0],
                [0.983071, 0.106876, -0.148826, 0.0, -0.122771, 0.987174, -0.10205, 0.05, 0.136011, 0.118594, 0.983584, -0.0, 0.0, 0.0, 0.0, 1.0],
                [0.991078, 0.054715, -0.121531, -0.0, -0.030263, 0.980415, 0.194603, 0.05, 0.129799, -0.189189, 0.973325, 0.0, 0.0, 0.0, 0.0, 1.0],
                [0.992247, 0.121898, -0.024247, -0.0, -0.101127, 0.905254, 0.412661, 0.05, 0.072252, -0.40701, 0.910563, 0.0, 0.0, 0.0, 0.0, 1.0],
                [0.993401, -0.114633, 0.003636, 0.0, 0.104832, 0.920415, 0.376629, 0.05, -0.046521, -0.373762, 0.926358, -0.0, 0.0, 0.0, 0.0, 1.0],
                [0.993056, -0.115676, -0.021419, -0.0, 0.116162, 0.935386, 0.334009, 0.05, -0.018602, -0.334178, 0.942327, -0.0, 0.0, 0.0, 0.0, 1.0],
                [0.990095, -0.120947, -0.071305, 0.0, 0.134963, 0.959844, 0.245941, 0.05, 0.038696, -0.253128, 0.966659, 0.0, 0.0, 0.0, 0.0, 1.0],
                [0.988209, -0.124007, -0.089804, -0.0, 0.140634, 0.967061, 0.212171, 0.05, 0.060535, -0.222299, 0.973098, 0.0, 0.0, 0.0, 0.0, 1.0],
                [0.978359, -0.206152, -0.01777, 0.0, 0.206882, 0.97615, 0.065817, 0.05, 0.003778, -0.068069, 0.997674, -0.0, 0.0, 0.0, 0.0, 1.0]
            ]
        },
        {
            "name": "Chest",
            "time": [0.0, 0.05, 0.0833, 0.1167, 0.15, 0.2, 0.3, 0.4, 0.6],
            "transform": [
                [0.834285, -0.381386, 0.398136, 0.0, 0.06741, 0.787279, 0.6129, 0.3, -0.547196, -0.484495, 0.682524, -0.0, 0.0, 0.0, 0.0, 1.0],
                [0.486364, -0.331392, 0.808474, -0.0, -0.133244, 0.886333, 0.443464, 0.3, -0.863536, -0.323409, 0.386925, 0.0, 0.0, 0.0, 0.0, 1.0],
                [0.945487, -0.14883, 0.289659, -0.0, 0.085733, 0.971839, 0.219498, 0.3, -0.314169, -0.182699, 0.931622, -0.0, 0.0, 0.0, 0.0, 1.0],
                [0.888135, -0.118374, -0.444075, -0.0, 0.075225, 0.990671, -0.11363, 0.3, 0.453383, 0.067513, 0.888755, 0.0, 0.0, 0.0, 0.0, 1.0],
                [0.759258, 0.023709, -0.650357, -0.0, -0.035304, 0.999365, -0.004784, 0.3, 0.64983, 0.026592, 0.759613, 0.0, 0.0, 0.0, 0.0, 1.0],
                [0.705525, 0.038356, -0.707645, -0.0, -0.036229, 0.999181, 0.018038, 0.3, 0.707756, 0.012911, 0.706337, 0.0, 0.0, 0.0, 0.0, 1.0],
                [0.584965, 0.070704, -0.80797, 0.0, -0.03265, 0.997438, 0.063646, 0.3, 0.810399, -0.01085, 0.585775, 0.0, 0.0, 0.0, 0.0, 1.0],
                [0.536025, 0.083676, -0.840043, -0.0, -0.029462, 0.996323, 0.080443, 0.3, 0.843686, -0.01837, 0.53652, -0.0, 0.0, 0.0, 0.0, 1.0],
                [0.895449, 0.0979, -0.434263, 0.0, 0.025437, 0.962672, 0.269474, 0.3, 0.444434, -0.252347, 0.859533, -0.0, 0.0, 0.0, 0.0, 1.0]
            ]
        },
        {
            "name": "Head",
            "time": [0.0, 0.05, 0.0833, 0.1167, 0.15, 0.2, 0.3, 0.4, 0.6],
            "transform": [
                [-0.120142, 0.065064, -0.990623, 0.0, -0.23845, 0.966748, 0.092415, 0.4, 0.963696, 0.247317, -0.100632, -0.0, 0.0, 0.0, 0.0, 1.0],
                [0.019519, -0.165521, -0.986013, 0.0, -0.272469, 0.947993, -0.164532, 0.4, 0.961966, 0.27187, -0.026596, 0.0, 0.0, 0.0, 0.0, 1.0],
                [0.759218, -0.075713, -0.646419, 0.0, -0.201346, 0.917164, -0.343905, 0.4, 0.618908, 0.391253, 0.681082, 0.0, 0.0, 0.0, 0.0, 1.0],
                [0.982246, 0.155981, 0.104219, -0.0, -0.114618, 0.938804, -0.324823, 0.4, -0.148508, 0.307112, 0.940014, -0.0, 0.0, 0.0, 0.0, 1.0],
                [0.579203, 0.288411, 0.76246, 0.0, 0.001388, 0.934971, -0.35472, 0.4, -0.815182, 0.206512, 0.541138, -0.0, 0.0, 0.0, 0.0, 1.0],
                [0.434953, 0.275422, 0.857299, 0.0, 0.028906, 0.947311, -0.319006, 0.400001, -0.899989, 0.163533, 0.404074, 0.0, 0.0, 0.0, 0.0, 1.0],
                [0.110971, 0.226265, 0.967726, -0.0, 0.070622, 0.96948, -0.234775, 0.400001, -0.991311, 0.094396, 0.091604, -0.0, 0.0, 0.0, 0.0, 1.0],
                [-0.015958, 0.201296, 0.979402, -0.0, 0.080655, 0.97659, -0.199405, 0.400001, -0.996615, 0.075811, -0.031821, -0.0, 0.0, 0.0, 0.0, 1.0],
                [0.206984, 0.109738, 0.972171, -0.0, 0.179069, 0.972652, -0.147919, 0.4, -0.961817, 0.204702, 0.181673, -0.0, 0.0, 0.0, 0.0, 1.0]
            ]
        },
        {
            "name": "Shoulder_R",
            "time": [0.0, 0.05, 0.0833, 0.1167, 0.15, 0.2, 0.3, 0.4, 0.6],
            "transform": [
                [0.482982, 0.845216, 0.228775, -0.0, -0.129339, -0.18954, 0.973316, 0.4, 0.866025, -0.499684, 0.017775, -0.0, 0.0, 0.0, 0.0, 1.0],
                [0.482983, 0.868759, 0.109479, -0.0, -0.12934, -0.052875, 0.990191, 0.4, 0.866028, -0.492403, 0.086827, 0.0, 0.0, 0.0, 0.0, 1.0],
                [0.291225, 0.94587, 0.143243, 0.0, -0.07799, -0.125761, 0.988991, 0.4, 0.953473, -0.29919, 0.037143, 0.0, 0.0, 0.0, 0.0, 1.0],
                [0.07536, 0.965284, 0.250096, -0.0, -0.020184, -0.249281, 0.968221, 0.4, 0.996954, -0.078013, 0.000697, -0.0, 0.0, 0.0, 0.0, 1.0],
                [0.148263, 0.8951, 0.420495, -0.0, -0.039706, -0.419464, 0.906904, 0.4, 0.988152, -0.151156, -0.02665, -0.0, 0.0, 0.0, 0.0, 1.0],
                [0.167494, 0.891962, 0.419941, 0.0, -0.044856, -0.418623, 0.907052, 0.4, 0.984853, -0.170762, -0.030107, 0.0, 0.0, 0.0, 0.0, 1.0],
                [0.205254, 0.884648, 0.418652, 0.0, -0.054968, -0.416665, 0.907397, 0.4, 0.977165, -0.209259, -0.036895, -0.0, 0.0, 0.0, 0.0, 1.0],
                [0.219057, 0.881588, 0.418112, -0.0, -0.058664, -0.415845, 0.907542, 0.4, 0.973948, -0.223332, -0.039376, -0.0, 0.0, 0.0, 0.0, 1.0],
                [0.129223, 0.897822, 0.420974, -0.0, -0.034607, -0.420192, 0.906775, 0.4, 0.991013, -0.131745, -0.023227, -0.0, 0.0, 0.0, 0.0, 1.0]
            ]
        },
        {
            "name": "Arm_R",
            "time": [0.0, 0.05, 0.0833, 0.1167, 0.15, 0.2, 0.3, 0.4, 0.6],
            "transform": [
                [-0.160649, -0.966115, -0.202013, -0.0, 0.004786, 0.203906, -0.978976, 0.388213, 0.986999, -0.158238, -0.028133, 0.0, 0.0, 0.0, 0.0, 1.0],
                [-0.1386, -0.989829, -0.032022, -0.0, -0.479561, 0.09537, -0.872309, 0.388213, 0.866495, -0.105546, -0.4879, 1e-06, 0.0, 0.0, 0.0, 1.0],
                [0.337156, -0.351602, -0.873326, -0.0, -0.468169, 0.742191, -0.479548, 0.388213, 0.816788, 0.570547, 0.085625, 0.0, 0.0, 0.0, 0.0, 1.0],
                [0.479692, -0.135724, -0.866875, 0.0, -0.184809, 0.95017, -0.251031, 0.388213, 0.857752, 0.280623, 0.430708, 0.0, 0.0, 0.0, 0.0, 1.0],
                [0.310474, -0.306275, -0.899889, 0.0, -0.206163, 0.90244, -0.378275, 0.388213, 0.927953, 0.302968, 0.217043, 0.0, 0.0, 0.0, 0.0, 1.0],
                [0.267027, 0.048187, -0.962483, 0.0, -0.14355, 0.989591, 0.009718, 0.388213, 0.952934, 0.135569, 0.271166, 1e-06, 0.0, 0.0, 0.0, 1.0],
                [0.292355, 0.32555, -0.899191, 0.0, -0.143687, 0.944548, 0.295256, 0.388213, 0.94545, 0.042882, 0.322923, 0.0, 0.0, 0.0, 0.0, 1.0],
                [0.279424, 0.386941, -0.878748, -0.0, -0.147529, 0.921634, 0.358916, 0.388213, 0.948764, 0.029351, 0.314613, 0.0, 0.0, 0.0, 0.0, 1.0],
                [0.466909, 0.469411, -0.749431, 0.0, 0.117331, 0.807102, 0.578634, 0.388213, 0.876485, -0.3581, 0.321768, 0.0, 0.0, 0.0, 0.0, 1.0]
            ]
        },
        {
            "name": "Hand_R",
            "time": [0.0, 0.05, 0.0833, 0.1167, 0.15, 0.2, 0.3, 0.4, 0.6],
            "transform": [
                [0.999733, 0.023077, 0.001581, -0.0, -0.020181, 0.903584, -0.427938, 0.329779, -0.011304, 0.427793, 0.903804, -0.0, 0.0, 0.0, 0.0, 1.0],
                [0.999954, -0.009621, 0.001206, -0.0, 0.009505, 0.948011, -0.318096, 0.329779, 0.001917, 0.318094, 0.948055, 0.0, 0.0, 0.0, 0.0, 1.0],
                [0.999889, -0.014478, 0.00359, -0.0, 0.014474, 0.999895, 0.000985, 0.329779, -0.003604, -0.000933, 0.999991, 0.0, 0.0, 0.0, 0.0, 1.0],
                [0.999774, -0.017937, 0.011487, 0.0, 0.019095, 0.993724, -0.110223, 0.329779, -0.009438, 0.110417, 0.993839, 0.0, 0.0, 0.0, 0.0, 1.0],
                [0.9993, -0.036813, 0.006806, 0.0, 0.037403, 0.989441, -0.140033, 0.329779, -0.001579, 0.140189, 0.990122, 0.0, 0.0, 0.0, 0.0, 1.0],
                [0.999019, -0.038909, -0.02119, -0.0, 0.033996, 0.979908, -0.196533, 0.329779, 0.028411, 0.19562, 0.980266, 0.0, 0.0, 0.0, 0.0, 1.0],
                [0.99589, -0.04788, -0.076905, -0.0, 0.021961, 0.951193, -0.307815, 0.329779, 0.087891, 0.304862, 0.94833, 0.0, 0.0, 0.0, 0.0, 1.0],
                [0.993834, -0.052873, -0.097479, 0.0, 0.015677, 0.937178, -0.3485, 0.329779, 0.109782, 0.344823, 0.932223, -0.0, 0.0, 0.0, 0.0, 1.0],
                [0.994229, -0.10264, 0.031278, 0.0, 0.103258, 0.835979, -0.53896, 0.329779, 0.029172, 0.539079, 0.841748, 0.0, 0.0, 0.0, 0.0, 1.0]
            ]
        },
        {
            "name": "Tool_R",
            "time": [0.0, 0.05, 0.0833, 0.1167, 0.15, 0.2, 0.3, 0.4, 0.6],
            "transform": [
                [0.999999, -0.001335, -0.000143, -0.020027, -0.001328, -0.967936, -0.251214, 0.272067, 0.000197, 0.251217, -0.967925, 0.005024, 0.0, 0.0, 0.0, 1.0],
                [0.999075, 0.043008, -0.000927, -0.01914, 0.037846, -0.889008, -0.456327, 0.273645, -0.02045, 0.455871, -0.889811, 0.009117, 0.0, 0.0, 0.0, 1.0],
                [0.999424, 0.033914, -0.001281, -0.019322, 0.028861, -0.869154, -0.4937, 0.274042, -0.017857, 0.493378, -0.869632, 0.009868, 0.0, 0.0, 0.0, 1.0],
                [0.999691, 0.024805, -0.002024, -0.019504, 0.019956, -0.847562, -0.53032, 0.274474, -0.01487, 0.530114, -0.847798, 0.010602, 0.0, 0.0, 0.0, 1.0],
                [0.999987, 0.005149, 0.000131, -0.019897, 0.004663, -0.894111, -0.447818, 0.273543, -0.002189, 0.447809, -0.89413, 0.008956, 0.0, 0.0, 0.0, 1.0],
                [0.99999, 0.004605, -3.1e-05, -0.019908, 0.004171, -0.908741, -0.417335, 0.273271, -0.00195, 0.417328, -0.908757, 0.008337, 0.0, 0.0, 0.0, 1.0],
                [0.999994, 0.0035, -0.0003, -0.01993, 0.003166, -0.934877, -0.354953, 0.272728, -0.001523, 0.354948, -0.934887, 0.007099, 0.0, 0.0, 0.0, 1.0],
                [0.999996, 0.003053, -0.00056, -0.019939, 0.00279, -0.963217, -0.268705, 0.272161, -0.001359, 0.268701, -0.963225, 0.005374, 0.0, 0.0, 0.0, 1.0],
                [1.0, 0.001381, -2.8e-05, -0.019972, 0.001318, -0.959736, -0.280897, 0.272231, -0.000414, 0.280896, -0.95974, 0.005618, 0.0, 0.0, 0.0, 1.0]
            ]
        },
        {
            "name": "Elbow_R",
            "time": [0.0, 0.05, 0.0833, 0.1167, 0.15, 0.2, 0.3, 0.4, 0.6],
            "transform": [
                [-1.0, -0.0, -1e-06, -0.0, 0.0, 0.229766, -0.973246, 0.329779, 0.0, -0.973246, -0.229766, -0.0, 0.0, 0.0, 0.0, 1.0],
                [-1.0, 0.0, -1e-06, -0.0, 1e-06, 0.171801, -0.985132, 0.329779, 0.0, -0.985132, -0.171801, 0.0, 0.0, 0.0, 0.0, 1.0],
                [-0.999971, -0.0, 3.1e-05, -0.0, 2e-06, 0.010363, -0.999915, 0.329779, -3.1e-05, -0.999913, -0.010334, 0.0, 0.0, 0.0, 0.0, 1.0],
                [-1.0, -0.0, -0.0, 0.0, 0.0, 0.066073, -0.997815, 0.329779, 0.0, -0.997815, -0.066073, 0.0, 0.0, 0.0, 0.0, 1.0],
                [-1.0, 0.0, -1e-06, 0.0, 1e-06, 0.079241, -0.996855, 0.329779, -0.0, -0.996855, -0.079241, 0.0, 0.0, 0.0, 0.0, 1.0],
                [-1.0, -0.0, -1e-06, -0.0, 1e-06, 0.10664, -0.994297, 0.329779, 0.0, -0.994298, -0.10664, 0.0, 0.0, 0.0, 0.0, 1.0],
                [-1.0, -0.0, -1e-06, -0.0, 1e-06, 0.161881, -0.98681, 0.329779, 0.0, -0.986811, -0.161881, 0.0, 0.0, 0.0, 0.0, 1.0],
                [-1.0, 0.0, -0.0, 0.0, 0.0, 0.182709, -0.983167, 0.329779, 0.0, -0.983167, -0.182709, -0.0, 0.0, 0.0, 0.0, 1.0],
                [-1.0, -0.0, -1e-06, 0.0, 1e-06, 0.286965, -0.957941, 0.329779, -0.0, -0.957941, -0.286965, 0.0, 0.0, 0.0, 0.0, 1.0]
            ]
        },
        {
            "name": "Shoulder_L",
            "time": [0.0, 0.05, 0.0833, 0.1167, 0.15, 0.2, 0.3, 0.4, 0.6],
            "transform": [
                [-0.022974, -0.906102, -0.422434, 0.0, -0.006152, -0.42241, 0.906384, 0.4, -0.999717, 0.023422, 0.00413, -0.0, 0.0, 0.0, 0.0, 1.0],
                [-0.092435, -0.902006, -0.421712, 0.0, -0.024753, -0.421313, 0.906577, 0.4, -0.995411, 0.094238, 0.016616, 0.0, 0.0, 0.0, 0.0, 1.0],
                [-0.091715, -0.90365, -0.418336, 0.0, -0.02456, -0.417926, 0.908149, 0.4, -0.995482, 0.093565, 0.016136, -0.0, 0.0, 0.0, 0.0, 1.0],
                [-0.091103, -0.912095, -0.399726, 0.0, -0.024397, -0.399231, 0.916526, 0.4, -0.995542, 0.093251, 0.014119, -0.0, 0.0, 0.0, 0.0, 1.0],
                [-0.133825, -0.920379, -0.367414, 0.0, -0.035837, -0.366011, 0.929921, 0.4, -0.990356, 0.137614, 0.015998, -0.0, 0.0, 0.0, 0.0, 1.0],
                [-0.149274, -0.917332, -0.369078, 0.0, -0.039974, -0.367356, 0.929222, 0.4, -0.987987, 0.153462, 0.018167, 0.0, 0.0, 0.0, 0.0, 1.0],
                [-0.18004, -0.910526, -0.372193, 0.0, -0.048213, -0.369752, 0.927879, 0.4, -0.982477, 0.184999, 0.022671, 0.0, 0.0, 0.0, 0.0, 1.0],
                [-0.191523, -0.907731, -0.373285, 0.0, -0.051288, -0.37055, 0.927396, 0.4, -0.980147, 0.196763, 0.024413, -0.0, 0.0, 0.0, 0.0, 1.0],
                [-0.14631, -0.922537, -0.357096, 0.0, -0.03918, -0.355293, 0.933934, 0.4, -0.988462, 0.150635, 0.015838, -0.0, 0.0, 0.0, 0.0, 1.0]
            ]
        },
        {
            "name": "Arm_L",
            "time": [0.0, 0.05, 0.0833, 0.1167, 0.15, 0.2, 0.3, 0.4, 0.6],
            "transform": [
                [0.393396, -0.25935, 0.88203, -0.0, -0.195045, 0.914005, 0.355743, 0.388212, -0.898442, -0.311983, 0.30898, 1e-06, 0.0, 0.0, 0.0, 1.0],
                [0.228879, -0.359179, 0.904768, -0.0, -0.139849, 0.907666, 0.395708, 0.388212, -0.963357, -0.2171, 0.157515, 1e-06, 0.0, 0.0, 0.0, 1.0],
                [0.352266, -0.341765, 0.871266, 0.0, -0.130599, 0.903881, 0.407361, 0.388212, -0.926743, -0.257286, 0.273773, 1e-06, 0.0, 0.0, 0.0, 1.0],
                [0.469852, -0.319289, 0.822978, -0.0, -0.119843, 0.900591, 0.417821, 0.388212, -0.874572, -0.294943, 0.38488, 1e-06, 0.0, 0.0, 0.0, 1.0],
                [0.635417, -0.223681, 0.739061, -0.0, -0.126342, 0.914109, 0.385284, 0.388212, -0.761762, -0.338191, 0.55258, 1e-06, 0.0, 0.0, 0.0, 1.0],
                [0.612248, -0.212789, 0.761493, -0.0, -0.153255, 0.912903, 0.378317, 0.388212, -0.775669, -0.348327, 0.526312, 1e-06, 0.0, 0.0, 0.0, 1.0],
                [0.563132, -0.191915, 0.803772, 0.0, -0.20621, 0.909255, 0.361573, 0.388212, -0.800223, -0.369361, 0.472455, 1e-06, 0.0, 0.0, 0.0, 1.0],
                [0.543828, -0.184427, 0.818679, -0.0, -0.225696, 0.907467, 0.354352, 0.388212, -0.808276, -0.377481, 0.451881, 1e-06, 0.0, 0.0, 0.0, 1.0],
                [0.485869, -0.134571, 0.863608, -0.0, -0.374603, 0.860664, 0.344864, 0.388212, -0.789685, -0.491071, 0.367759, 1e-06, 0.0, 0.0, 0.0, 1.0]
            ]
        },
        {
            "name": "Hand_L",
            "time": [0.0, 0.05, 0.0833, 0.1167, 0.15, 0.2, 0.3, 0.4, 0.6],
            "transform": [
                [0.334786, -0.17309, -0.92626, 0.0, -0.502228, 0.798951, -0.330824, 0.329779, 0.797299, 0.575949, 0.180547, -0.0, 0.0, 0.0, 0.0, 1.0],
                [0.17549, -0.148348, -0.97324, 0.0, -0.567939, 0.792239, -0.223166, 0.329779, 0.804147, 0.591904, 0.054777, -0.0, 0.0, 0.0, 0.0, 1.0],
                [0.274032, -0.149012, -0.950106, -0.0, -0.715133, 0.628982, -0.304908, 0.329779, 0.643036, 0.763005, 0.065798, -0.0, 0.0, 0.0, 0.0, 1.0],
                [0.371727, -0.124537, -0.919951, -0.0, -0.81808, 0.424479, -0.388026, 0.329779, 0.438825, 0.896831, 0.055909, -0.0, 0.0, 0.0, 0.0, 1.0],
                [0.681045, 0.017612, -0.732184, -0.0, -0.731211, -0.044501, -0.680888, 0.329779, -0.044586, 0.998853, -0.017425, -0.0, 0.0, 0.0, 0.0, 1.0],
                [0.730079, 0.027142, -0.683078, -0.0, -0.681852, -0.047166, -0.730176, 0.329779, -0.052053, 0.998518, -0.015923, 0.0, 0.0, 0.0, 0.0, 1.0],
                [0.817138, 0.04664, -0.575127, 0.0, -0.573371, -0.050469, -0.817942, 0.329779, -0.067208, 0.997635, -0.014491, 0.0, 0.0, 0.0, 0.0, 1.0],
                [0.845603, 0.054009, -0.531823, -0.0, -0.529861, -0.050999, -0.846739, 0.329779, -0.072894, 0.997237, -0.0145, 0.0, 0.0, 0.0, 0.0, 1.0],
                [0.937834, 0.115467, -0.32859, -0.0, -0.346822, 0.400442, -0.848223, 0.329779, 0.033656, 0.909017, 0.4154, -0.0, 0.0, 0.0, 0.0, 1.0]
            ]
        },
        {
            "name": "Tool_L",
            "time": [0.0, 0.05, 0.0833, 0.1167, 0.15, 0.2, 0.3, 0.4, 0.6],
            "transform": [
                [1.0, 0.0, 0.0, 0.02, 0.0, -1.0, -0.0, 0.291426, 0.0, 0.0, -1.0, 0.0, 0.0, 0.0, 0.0, 1.0],
                [1.0, 0.0, 0.0, 0.02, 0.0, -1.0, 0.0, 0.291426, 0.0, -0.0, -1.0, 0.0, 0.0, 0.0, 0.0, 1.0],
                [1.0, 0.0, 0.0, 0.02, 0.0, -1.0, 0.0, 0.291426, 0.0, 0.0, -1.0, -0.0, 0.0, 0.0, 0.0, 1.0],
                [1.0, 0.0, 0.0, 0.02, 0.0, -1.0, 0.0, 0.291426, 0.0, -0.0, -1.0, -0.0, 0.0, 0.0, 0.0, 1.0],
                [1.0, 0.0, 0.0, 0.02, 0.0, -1.0, 0.0, 0.291426, 0.0, 0.0, -1.0, -0.0, 0.0, 0.0, 0.0, 1.0],
                [1.0, 0.0, 0.0, 0.02, 0.0, -1.0, 0.0, 0.291426, 0.0, -0.0, -1.0, -0.0, 0.0, 0.0, 0.0, 1.0],
                [1.0, 0.0, 0.0, 0.02, 0.0, -1.0, -0.0, 0.291426, 0.0, -0.0, -1.0, -0.0, 0.0, 0.0, 0.0, 1.0],
                [1.0, 0.0, 0.0, 0.02, 0.0, -1.0, 0.0, 0.291426, 0.0, -0.0, -1.0, 0.0, 0.0, 0.0, 0.0, 1.0],
                [1.0, 8.7e-05, -0.000221, 0.02, 8.7e-05, -1.0, 0.00041, 0.291426, -0.000221, -0.00041, -1.0, -0.0, 0.0, 0.0, 0.0, 1.0]
            ]
        },
        {
            "name": "Elbow_L",
            "time": [0.0, 0.05, 0.0833, 0.1167, 0.15, 0.2, 0.3, 0.4, 0.6],
            "transform": [
                [-1.0, 0.0, -0.0, 0.0, 0.0, 0.591978, -0.805954, 0.329779, 0.0, -0.805954, -0.591978, -0.0, 0.0, 0.0, 0.0, 1.0],
                [-1.0, -0.0, -0.0, 0.0, 0.0, 0.673739, -0.738969, 0.329779, 0.0, -0.738969, -0.67374, -0.0, 0.0, 0.0, 0.0, 1.0],
                [-1.0, -1e-06, 1e-06, -0.0, -1e-06, 0.676049, -0.736857, 0.329779, -0.0, -0.736856, -0.67605, -0.0, 0.0, 0.0, 0.0, 1.0],
                [-1.0, 0.0, -0.0, -0.0, 1e-06, 0.684756, -0.728773, 0.329779, 0.0, -0.728772, -0.684756, -0.0, 0.0, 0.0, 0.0, 1.0],
                [-1.0, -0.0, -0.0, -0.0, 1e-06, 0.713246, -0.700914, 0.329779, -0.0, -0.700913, -0.713247, -0.0, 0.0, 0.0, 0.0, 1.0],
                [-1.0, -0.0, -0.0, -0.0, 0.0, 0.712721, -0.701447, 0.329779, 0.0, -0.701447, -0.712723, 0.0, 0.0, 0.0, 0.0, 1.0],
                [-1.0, 0.0, 0.0, 0.0, 1e-06, 0.712222, -0.701953, 0.329779, -0.0, -0.701954, -0.712225, 0.0, 0.0, 0.0, 0.0, 1.0],
                [-1.0, -0.0, -0.0, -0.0, 1e-06, 0.712227, -0.701947, 0.329779, 0.0, -0.701949, -0.71223, 0.0, 0.0, 0.0, 0.0, 1.0],
                [-1.0, -0.0, -0.0, -0.0, 1e-06, 0.540539, -0.841318, 0.329779, 0.0, -0.841319, -0.54054, -0.0, 0.0, 0.0, 0.0, 1.0]
            ]
        }
    ]
}