{"animation": [{"name": "Root", "time": [0.0, 0.0333, 0.0667, 0.1, 0.15, 0.2, 0.3, 0.4, 0.5, 0.6167], "transform": [[0.833682, -0.092685, -0.544412, -5e-06, -0.543508, 0.036958, -0.83859, 0.000946, 0.097845, 0.995009, -0.019564, 0.510195, 0.0, 0.0, 0.0, 1.0], [0.947925, -0.056867, -0.313376, -0.050005, -0.311089, 0.045614, -0.949286, 0.167791, 0.068277, 0.997339, 0.025548, 0.500581, 0.0, 0.0, 0.0, 1.0], [0.969876, 0.019965, 0.242779, -0.050005, 0.237593, 0.142406, -0.96087, 0.738898, -0.053757, 0.989607, 0.133372, 0.573026, 0.0, 0.0, 0.0, 1.0], [0.858869, -0.04668, 0.510064, -5e-06, 0.506051, 0.231125, -0.830959, 0.94316, -0.0791, 0.971803, 0.222129, 0.575087, 0.0, 0.0, 0.0, 1.0], [0.498896, 0.010761, 0.866595, -5e-06, 0.845805, 0.212004, -0.48956, 1.002378, -0.18899, 0.977209, 0.096667, 0.603914, 0.0, 0.0, 0.0, 1.0], [0.436671, 0.008823, 0.899578, -5e-06, 0.879686, 0.205154, -0.429028, 1.002259, -0.188337, 0.97869, 0.081823, 0.606516, 0.0, 0.0, 0.0, 1.0], [0.304786, 0.006438, 0.952399, -5e-06, 0.934514, 0.190973, -0.300353, 1.00202, -0.183816, 0.981574, 0.05219, 0.611722, 0.0, 0.0, 0.0, 1.0], [0.166227, 0.00613, 0.986068, -5e-06, 0.970424, 0.17651, -0.164687, 1.001782, -0.17506, 0.98428, 0.023392, 0.616927, 0.0, 0.0, 0.0, 1.0], [0.837035, -0.040754, 0.54563, -5e-06, 0.545389, 0.14208, -0.826053, 1.000946, -0.043858, 0.989016, 0.141153, 0.645977, 0.0, 0.0, 0.0, 1.0], [0.987155, 0.040888, 0.154448, -5e-06, 0.150309, 0.090021, -0.984532, 1.000946, -0.054159, 0.9951, 0.082719, 0.664817, 0.0, 0.0, 0.0, 1.0]]}, {"name": "Thigh_R", "time": [0.0, 0.0333, 0.0667, 0.1, 0.15, 0.2, 0.3, 0.4, 0.5, 0.6167], "transform": [[0.948586, 0.315321, -0.027494, 0.130039, 0.303016, -0.879589, 0.366748, 0.003058, 0.09146, -0.356224, -0.929913, -0.023779, 0.0, 0.0, 0.0, 1.0], [0.937549, 0.347792, -0.006532, 0.132562, 0.338296, -0.907257, 0.249884, 0.006003, 0.080981, -0.236489, -0.968254, -0.035662, 0.0, 0.0, 0.0, 1.0], [0.934442, 0.348247, -0.074442, 0.133067, 0.269006, -0.553299, 0.78835, 0.006592, 0.233352, -0.756692, -0.610706, -0.038039, 0.0, 0.0, 0.0, 1.0], [0.90543, 0.402161, -0.135879, 0.131048, 0.309987, -0.407717, 0.858879, 0.004236, 0.290008, -0.819776, -0.493824, -0.028532, 0.0, 0.0, 0.0, 1.0], [0.815003, 0.573196, -0.084924, 0.124994, 0.516228, -0.651665, 0.555731, -0.002831, 0.263202, -0.496763, -0.827011, -1.2e-05, 0.0, 0.0, 0.0, 1.0], [0.791117, 0.611657, 0.002072, 0.124994, 0.515042, -0.667974, 0.537157, -0.002831, 0.329941, -0.423887, -0.843477, -1.2e-05, 0.0, 0.0, 0.0, 1.0], [0.716231, 0.672339, 0.186995, 0.124994, 0.520686, -0.693258, 0.498271, -0.002831, 0.464644, -0.259512, -0.846614, -1.2e-05, 0.0, 0.0, 0.0, 1.0], [0.608199, 0.701898, 0.370713, 0.124994, 0.539977, -0.708153, 0.454905, -0.00283, 0.58182, -0.076496, -0.809709, -1.2e-05, 0.0, 0.0, 0.0, 1.0], [0.906394, 0.415395, 0.076763, 0.124994, 0.258381, -0.688933, 0.677204, -0.00283, 0.334193, -0.593982, -0.731776, -1.2e-05, 0.0, 0.0, 0.0, 1.0], [0.915328, 0.374225, 0.148754, 0.124994, 0.310018, -0.890575, 0.33281, -0.002831, 0.257023, -0.258515, -0.931185, -1.2e-05, 0.0, 0.0, 0.0, 1.0]]}, {"name": "Leg_R", "time": [0.0, 0.0333, 0.0667, 0.1, 0.15, 0.2, 0.3, 0.4, 0.5, 0.6167], "transform": [[0.997843, -0.024423, -0.060943, -0.0, 0.065176, 0.256613, 0.964314, 0.37472, -0.007912, -0.966205, 0.257652, 0.0, 0.0, 0.0, 0.0, 1.0], [0.997446, 0.03776, -0.060618, -0.0, 0.042983, 0.360447, 0.931789, 0.37472, 0.057034, -0.932015, 0.357904, 0.0, 0.0, 0.0, 0.0, 1.0], [0.998605, 0.002547, -0.052739, 0.0, 0.0489, 0.332145, 0.94196, 0.37472, 0.019917, -0.943225, 0.331557, -0.0, 0.0, 0.0, 0.0, 1.0], [0.998352, 0.008368, -0.056764, 0.0, 0.045111, 0.496872, 0.866651, 0.37472, 0.035457, -0.867784, 0.495676, 0.0, 0.0, 0.0, 0.0, 1.0], [0.991925, 0.082218, -0.096551, 0.0, 0.042118, 0.504548, 0.862354, 0.37472, 0.119616, -0.859458, 0.497012, 0.0, 0.0, 0.0, 0.0, 1.0], [0.991162, 0.085986, -0.100998, -0.0, 0.039365, 0.536432, 0.843023, 0.37472, 0.126667, -0.83955, 0.528308, 0.0, 0.0, 0.0, 0.0, 1.0], [0.989535, 0.093006, -0.110303, 0.0, 0.033068, 0.597954, 0.800847, 0.37472, 0.140439, -0.796115, 0.588622, 0.0, 0.0, 0.0, 0.0, 1.0], [0.987784, 0.099288, -0.12009, -0.0, 0.02576, 0.656041, 0.754285, 0.37472, 0.153675, -0.748165, 0.64547, 0.0, 0.0, 0.0, 0.0, 1.0], [0.99177, -0.085432, -0.095349, 0.0, 0.12684, 0.756747, 0.641284, 0.37472, 0.017369, -0.648101, 0.761356, 0.0, 0.0, 0.0, 0.0, 1.0], [0.991403, -0.112436, -0.066912, 0.0, 0.124194, 0.647766, 0.751647, 0.37472, -0.041169, -0.753497, 0.65616, -0.0, 0.0, 0.0, 0.0, 1.0]]}, {"name": "Knee_R", "time": [0.0, 0.0333, 0.0667, 0.1, 0.15, 0.2, 0.3, 0.4, 0.5, 0.6167], "transform": [[0.999398, -0.022577, -0.026337, -0.0, -0.007132, 0.609276, -0.792926, 0.37472, 0.033949, 0.792637, 0.608749, 0.0, 0.0, 0.0, 0.0, 1.0], [0.9993, 0.009486, -0.036192, -0.0, -0.035211, 0.565518, -0.823984, 0.37472, 0.012651, 0.824682, 0.565456, 0.0, 0.0, 0.0, 0.0, 1.0], [0.999616, -0.007117, -0.026788, 0.0, -0.017751, 0.577865, -0.815939, 0.37472, 0.021287, 0.816101, 0.577517, -0.0, 0.0, 0.0, 0.0, 1.0], [0.999558, -0.00345, -0.029524, 0.0, -0.023812, 0.501603, -0.86477, 0.37472, 0.017793, 0.865091, 0.501299, 0.0, 0.0, 0.0, 0.0, 1.0], [0.997835, 0.028258, -0.059383, 0.0, -0.065567, 0.497198, -0.865156, 0.37472, 0.005078, 0.867176, 0.497975, 0.0, 0.0, 0.0, 0.0, 1.0], [0.997642, 0.030059, -0.061698, -0.0, -0.068547, 0.480792, -0.874151, 0.37472, 0.003387, 0.876319, 0.481719, 0.0, 0.0, 0.0, 0.0, 1.0], [0.997233, 0.033486, -0.066369, 0.0, -0.074337, 0.447416, -0.891232, 0.37472, -0.000149, 0.893699, 0.448667, 0.0, 0.0, 0.0, 0.0, 1.0], [0.996797, 0.036668, -0.071076, -0.0, -0.079883, 0.413407, -0.907035, 0.37472, -0.003876, 0.909808, 0.415012, 0.0, 0.0, 0.0, 0.0, 1.0], [0.997875, -0.051305, -0.040154, 0.0, -0.020023, 0.344999, -0.938389, 0.37472, 0.061997, 0.9372, 0.343239, 0.0, 0.0, 0.0, 0.0, 1.0], [0.997747, -0.063633, -0.02126, 0.0, 0.007068, 0.414816, -0.909878, 0.37472, 0.066718, 0.907678, 0.414331, -0.0, 0.0, 0.0, 0.0, 1.0]]}, {"name": "Thigh_L", "time": [0.0, 0.0333, 0.0667, 0.1, 0.15, 0.2, 0.3, 0.4, 0.5, 0.6167], "transform": [[0.788045, -0.37104, 0.491233, -0.123321, -0.615431, -0.455107, 0.643515, -0.01134, -0.015206, -0.809443, -0.586989, 0.012506, 0.0, 0.0, 0.0, 1.0], [0.898866, -0.213766, 0.382546, -0.127191, -0.437998, -0.410328, 0.799865, -0.010619, -0.014015, -0.886526, -0.46246, 0.020507, 0.0, 0.0, 0.0, 1.0], [0.970035, -0.224979, 0.091726, -0.132375, -0.241287, -0.93629, 0.2552, -0.009332, 0.028468, -0.269686, -0.962522, 0.025788, 0.0, 0.0, 0.0, 1.0], [0.905882, -0.380481, 0.186048, -0.133689, -0.423525, -0.816577, 0.392211, -0.008767, 0.002693, -0.434092, -0.900865, 0.023068, 0.0, 0.0, 0.0, 1.0], [0.932213, -0.315661, 0.177021, -0.125006, -0.359224, -0.866521, 0.34655, -0.002831, 0.044, -0.386648, -0.921177, -1.2e-05, 0.0, 0.0, 0.0, 1.0], [0.935253, -0.300381, 0.187274, -0.125006, -0.349716, -0.865942, 0.357548, -0.00283, 0.054768, -0.399891, -0.914925, -1.2e-05, 0.0, 0.0, 0.0, 1.0], [0.939873, -0.265724, 0.214542, -0.125006, -0.330671, -0.865135, 0.377089, -0.002831, 0.085406, -0.425358, -0.900986, -1.2e-05, 0.0, 0.0, 0.0, 1.0], [0.942984, -0.229939, 0.240643, -0.125006, -0.311827, -0.86314, 0.397179, -0.002831, 0.116381, -0.449572, -0.885629, -1.2e-05, 0.0, 0.0, 0.0, 1.0], [0.992785, -0.112555, 0.041314, -0.134473, -0.106974, -0.675905, 0.729184, 0.006636, -0.054149, -0.728343, -0.683069, 0.009455, 0.0, 0.0, 0.0, 1.0], [0.984703, -0.173877, -0.01126, -0.125006, -0.12115, -0.72968, 0.672971, -0.002831, -0.12523, -0.661313, -0.739582, -1.2e-05, 0.0, 0.0, 0.0, 1.0]]}, {"name": "Leg_L", "time": [0.0, 0.0333, 0.0667, 0.1, 0.15, 0.2, 0.3, 0.4, 0.5, 0.6167], "transform": [[0.992129, 0.096919, 0.079295, 0.0, -0.11771, 0.505754, 0.854609, 0.37472, 0.042724, -0.857214, 0.513183, 0.0, 0.0, 0.0, 0.0, 1.0], [0.980741, 0.135176, 0.14099, -0.0, -0.159672, 0.139102, 0.977318, 0.37472, 0.112499, -0.98101, 0.158006, 0.0, 0.0, 0.0, 0.0, 1.0], [0.991446, 0.096588, 0.087804, 0.0, -0.127221, 0.564463, 0.815595, 0.37472, 0.029215, -0.819787, 0.571922, 0.0, 0.0, 0.0, 0.0, 1.0], [0.993886, 0.087472, 0.067396, 0.0, -0.107759, 0.634988, 0.764969, 0.37472, 0.024117, -0.767552, 0.640532, -0.0, 0.0, 0.0, 0.0, 1.0], [0.993862, 0.09483, 0.057007, -0.0, -0.110639, 0.845639, 0.52216, 0.37472, 0.001309, -0.525261, 0.850939, 0.0, 0.0, 0.0, 0.0, 1.0], [0.993973, 0.094886, 0.054946, -0.0, -0.109647, 0.859937, 0.49848, 0.37472, 4.8e-05, -0.501498, 0.865157, 0.0, 0.0, 0.0, 0.0, 1.0], [0.994198, 0.094826, 0.05082, 0.0, -0.10756, 0.886553, 0.449946, 0.37472, -0.002389, -0.4528, 0.891608, 0.0, 0.0, 0.0, 0.0, 1.0], [0.994428, 0.094537, 0.046706, 0.0, -0.105341, 0.910425, 0.400034, 0.37472, -0.004705, -0.402723, 0.915309, -0.0, 0.0, 0.0, 0.0, 1.0], [0.971646, 0.234635, 0.029177, -0.0, -0.199777, 0.748693, 0.632096, 0.37472, 0.126468, -0.620004, 0.774338, 0.0, 0.0, 0.0, 0.0, 1.0], [0.987352, 0.157849, 0.014861, 0.0, -0.131568, 0.763426, 0.632353, 0.37472, 0.088472, -0.62631, 0.774538, -0.0, 0.0, 0.0, 0.0, 1.0]]}, {"name": "Knee_L", "time": [0.0, 0.0333, 0.0667, 0.1, 0.15, 0.2, 0.3, 0.4, 0.5, 0.6167], "transform": [[0.997893, 0.059062, 0.02687, 0.0, -0.005798, 0.493601, -0.869667, 0.37472, -0.064628, 0.867682, 0.492905, 0.0, 0.0, 0.0, 0.0, 1.0], [0.994512, 0.094191, 0.045555, -0.0, -0.02668, 0.649301, -0.760064, 0.37472, -0.10117, 0.754677, 0.648249, 0.0, 0.0, 0.0, 0.0, 1.0], [0.99773, 0.05921, 0.032088, 0.0, 0.001036, 0.462905, -0.886408, 0.37472, -0.067338, 0.884429, 0.461792, 0.0, 0.0, 0.0, 0.0, 1.0], [0.998394, 0.051323, 0.023982, 0.0, -5e-05, 0.424122, -0.905605, 0.37472, -0.05665, 0.904149, 0.423443, -0.0, 0.0, 0.0, 0.0, 1.0], [0.998434, 0.051463, 0.021931, -0.0, 0.007058, 0.273013, -0.961984, 0.37472, -0.055494, 0.960632, 0.272223, 0.0, 0.0, 0.0, 0.0, 1.0], [0.998465, 0.051151, 0.021231, -0.0, 0.007232, 0.25965, -0.965676, 0.37472, -0.054908, 0.964347, 0.258882, 0.0, 0.0, 0.0, 0.0, 1.0], [0.998528, 0.050486, 0.019839, 0.0, 0.007553, 0.23276, -0.972505, 0.37472, -0.053715, 0.971223, 0.232036, 0.0, 0.0, 0.0, 0.0, 1.0], [0.99859, 0.049766, 0.018461, 0.0, 0.007839, 0.2057, -0.978584, 0.37472, -0.052498, 0.977349, 0.20502, -0.0, 0.0, 0.0, 0.0, 1.0], [0.992672, 0.120695, -0.005911, -0.0, -0.046136, 0.333331, -0.94168, 0.37472, -0.111686, 0.935053, 0.336457, 0.0, 0.0, 0.0, 0.0, 1.0], [0.996738, 0.080461, -0.00628, 0.0, -0.032929, 0.334404, -0.941854, 0.37472, -0.073683, 0.938989, 0.335962, -0.0, 0.0, 0.0, 0.0, 1.0]]}, {"name": "Torso", "time": [0.0, 0.0333, 0.0667, 0.1, 0.15, 0.2, 0.3, 0.4, 0.5, 0.6167], "transform": [[0.98041, -0.196971, 0.000125, -0.0, 0.196591, 0.978561, 0.061419, 0.05, -0.01222, -0.060191, 0.998112, 0.0, 0.0, 0.0, 0.0, 1.0], [0.990643, -0.136196, -0.00881, -0.0, 0.134274, 0.984158, -0.115776, 0.05, 0.024439, 0.113509, 0.993236, 0.0, 0.0, 0.0, 0.0, 1.0], [0.99692, -0.072056, -0.030943, -0.0, 0.077231, 0.833745, 0.546721, 0.05, -0.013596, -0.547427, 0.836743, -0.0, 0.0, 0.0, 0.0, 1.0], [0.986546, -0.057234, -0.153132, -0.0, 0.074117, 0.991501, 0.10692, 0.05, 0.145711, -0.116831, 0.982404, 0.0, 0.0, 0.0, 0.0, 1.0], [0.994848, -0.045173, -0.09074, -0.0, 0.036791, 0.995077, -0.092012, 0.05, 0.09445, 0.088199, 0.991614, 0.0, 0.0, 0.0, 0.0, 1.0], [0.993374, -0.061718, -0.096934, 0.0, 0.042275, 0.980649, -0.191153, 0.05, 0.106856, 0.185789, 0.976761, -0.0, 0.0, 0.0, 0.0, 1.0], [0.985879, -0.045507, -0.16115, -0.0, 0.017673, 0.985266, -0.170109, 0.05, 0.166517, 0.164859, 0.972158, 0.0, 0.0, 0.0, 0.0, 1.0], [0.973513, -0.075555, -0.215779, 0.0, 0.037026, 0.983457, -0.17731, 0.05, 0.225606, 0.164624, 0.960207, -0.0, 0.0, 0.0, 0.0, 1.0], [0.990407, 0.024858, 0.135916, -0.0, -0.008305, 0.992614, -0.121025, 0.05, -0.13792, 0.118735, 0.9833, 0.0, 0.0, 0.0, 0.0, 1.0], [0.994612, -0.042723, 0.094444, 0.0, 0.051055, 0.994843, -0.087643, 0.05, -0.090213, 0.091992, 0.991664, 0.0, 0.0, 0.0, 0.0, 1.0]]}, {"name": "Chest", "time": [0.0, 0.0333, 0.0667, 0.1, 0.15, 0.2, 0.3, 0.4, 0.5, 0.6167], "transform": [[0.74003, 0.358935, -0.568788, -0.0, 0.02733, 0.828944, 0.558664, 0.3, 0.672018, -0.428974, 0.603634, 0.0, 0.0, 0.0, 0.0, 1.0], [0.829446, 0.390858, -0.39906, -0.0, 0.052595, 0.656589, 0.752413, 0.3, 0.556105, -0.645074, 0.524049, 0.0, 0.0, 0.0, 0.0, 1.0], [0.918749, 0.054215, 0.391101, -0.0, -0.062308, 0.998024, 0.008023, 0.3, -0.389893, -0.03174, 0.920313, -0.0, 0.0, 0.0, 0.0, 1.0], [0.473038, 0.085839, 0.87685, 0.0, 0.01769, 0.994116, -0.106862, 0.3, -0.880864, 0.066061, 0.468737, -0.0, 0.0, 0.0, 0.0, 1.0], [0.50371, -0.132135, 0.853707, 0.0, 0.060797, 0.991204, 0.117545, 0.3, -0.86173, -0.007306, 0.507313, -0.0, 0.0, 0.0, 0.0, 1.0], [0.440273, -0.141977, 0.886567, 0.0, -0.03457, 0.984005, 0.174748, 0.3, -0.897198, -0.107586, 0.428323, 0.0, 0.0, 0.0, 0.0, 1.0], [0.435935, -0.149874, 0.887411, 0.0, -0.033615, 0.982636, 0.182469, 0.3, -0.89935, -0.109375, 0.423327, -0.0, 0.0, 0.0, 0.0, 1.0], [0.511086, -0.128605, 0.849853, -0.0, -0.046793, 0.983113, 0.176911, 0.3, -0.858254, -0.130184, 0.496438, 0.0, 0.0, 0.0, 0.0, 1.0], [0.911149, -0.015796, 0.411772, -0.0, -0.072782, 0.977386, 0.198541, 0.3, -0.405597, -0.21087, 0.889396, -0.0, 0.0, 0.0, 0.0, 1.0], [0.997245, 0.024548, 0.070003, -0.0, -0.044457, 0.953197, 0.299063, 0.3, -0.059385, -0.301351, 0.951662, 0.0, 0.0, 0.0, 0.0, 1.0]]}, {"name": "Head", "time": [0.0, 0.0333, 0.0667, 0.1, 0.15, 0.2, 0.3, 0.4, 0.5, 0.6167], "transform": [[0.292109, 0.145735, 0.945217, -0.0, 0.282398, 0.93111, -0.230833, 0.4, -0.913742, 0.334354, 0.230831, -0.0, 0.0, 0.0, 0.0, 1.0], [0.604811, 0.059428, 0.794149, -0.0, 0.369166, 0.862672, -0.345708, 0.4, -0.705634, 0.50226, 0.499815, -0.0, 0.0, 0.0, 0.0, 1.0], [0.848024, -0.233337, -0.475826, 0.0, -0.123387, 0.78625, -0.605465, 0.4, 0.515394, 0.572159, 0.637967, 0.0, 0.0, 0.0, 0.0, 1.0], [0.158425, -0.124636, -0.979474, 0.0, -0.043618, 0.990149, -0.13305, 0.400001, 0.986407, 0.063801, 0.151427, 0.0, 0.0, 0.0, 0.0, 1.0], [-0.277644, 0.067184, -0.958332, -0.0, 0.052307, 0.997128, 0.05475, 0.4, 0.959258, -0.034926, -0.280362, -0.0, 0.0, 0.0, 0.0, 1.0], [-0.419189, 0.102281, -0.90212, -0.0, 0.017589, 0.994361, 0.104566, 0.4, 0.907728, 0.027965, -0.418625, -0.0, 0.0, 0.0, 0.0, 1.0], [-0.523661, 0.091921, -0.846953, -0.0, 0.022422, 0.995304, 0.094159, 0.4, 0.851631, 0.030317, -0.523264, -0.0, 0.0, 0.0, 0.0, 1.0], [-0.54155, 0.100785, -0.834605, -0.0, 0.026945, 0.994358, 0.102592, 0.4, 0.840236, 0.03307, -0.541211, 0.0, 0.0, 0.0, 0.0, 1.0], [0.453553, -0.043361, -0.890174, 0.0, -0.117764, 0.987142, -0.108087, 0.400001, 0.883414, 0.153854, 0.442615, -0.0, 0.0, 0.0, 0.0, 1.0], [0.972266, -0.015066, -0.233393, -0.0, -0.029867, 0.981755, -0.187793, 0.400001, 0.231963, 0.189556, 0.954077, 0.0, 0.0, 0.0, 0.0, 1.0]]}, {"name": "Shoulder_R", "time": [0.0, 0.0333, 0.0667, 0.1, 0.15, 0.2, 0.3, 0.4, 0.5, 0.6167], "transform": [[-0.059902, 0.90454, 0.422159, -0.0, 0.016038, -0.421992, 0.906458, 0.4, 0.998078, 0.061069, 0.010771, -0.0, 0.0, 0.0, 0.0, 1.0], [-0.104079, 0.900833, 0.421506, 0.0, 0.027868, -0.420999, 0.906633, 0.4, 0.994181, 0.106108, 0.018713, -0.0, 0.0, 0.0, 0.0, 1.0], [-0.047275, 0.905232, 0.422281, -0.0, 0.012657, -0.422177, 0.906425, 0.4, 0.998804, 0.048195, 0.008501, 0.0, 0.0, 0.0, 0.0, 1.0], [0.058835, 0.904605, 0.42217, 0.0, -0.015758, -0.422009, 0.906454, 0.4, 0.998146, -0.059983, -0.010574, 0.0, 0.0, 0.0, 0.0, 1.0], [0.130881, 0.97328, 0.188668, 0.0, -0.035051, -0.185643, 0.981991, 0.4, 0.99078, -0.135136, 0.009818, 0.0, 0.0, 0.0, 0.0, 1.0], [0.155745, 0.963714, 0.216792, 0.0, -0.04171, -0.212858, 0.976192, 0.4, 0.986918, -0.161079, 0.007045, -0.0, 0.0, 0.0, 0.0, 1.0], [0.204973, 0.940301, 0.271695, -0.0, -0.054892, -0.266108, 0.962378, 0.4, 0.977229, -0.212175, -0.00293, 0.0, 0.0, 0.0, 0.0, 1.0], [0.253176, 0.911528, 0.324064, -0.0, -0.0678, -0.317435, 0.945852, 0.4, 0.965044, -0.261439, -0.018565, -0.0, 0.0, 0.0, 0.0, 1.0], [0.165111, 0.968501, 0.186394, -0.0, -0.044218, -0.181529, 0.982391, 0.4, 0.985285, -0.170445, 0.012852, -0.0, 0.0, 0.0, 0.0, 1.0], [0.117493, 0.966334, 0.228899, -0.0, -0.031466, -0.226757, 0.973443, 0.4, 0.992577, -0.121575, 0.003764, 0.0, 0.0, 0.0, 0.0, 1.0]]}, {"name": "Arm_R", "time": [0.0, 0.0333, 0.0667, 0.1, 0.15, 0.2, 0.3, 0.4, 0.5, 0.6167], "transform": [[0.996162, -0.066844, 0.056458, 0.0, 0.05021, 0.965162, 0.256784, 0.388213, -0.071656, -0.252964, 0.964817, 0.0, 0.0, 0.0, 0.0, 1.0], [0.965663, 0.034315, 0.257513, -0.0, -0.11086, 0.950885, 0.289008, 0.388213, -0.234948, -0.307633, 0.922041, 0.0, 0.0, 0.0, 0.0, 1.0], [0.149944, -0.67456, 0.722829, 0.0, 0.943552, 0.316015, 0.099181, 0.388213, -0.295328, 0.667156, 0.683871, 0.0, 0.0, 0.0, 0.0, 1.0], [0.316138, -0.852328, 0.41664, 0.0, 0.883275, 0.10416, -0.457132, 0.388213, 0.346228, 0.512525, 0.785775, 0.0, 0.0, 0.0, 0.0, 1.0], [0.626572, -0.70719, 0.327539, -0.0, 0.766896, 0.484622, -0.420716, 0.388213, 0.138793, 0.514798, 0.846003, 0.0, 0.0, 0.0, 0.0, 1.0], [0.387069, -0.87981, 0.275871, -0.0, 0.855208, 0.230733, -0.464082, 0.388213, 0.34465, 0.415559, 0.841741, 0.0, 0.0, 0.0, 0.0, 1.0], [0.215913, -0.957368, 0.191884, -0.0, 0.821646, 0.071978, -0.565428, 0.388213, 0.527509, 0.279744, 0.80217, 1e-06, 0.0, 0.0, 0.0, 1.0], [0.025326, -0.991267, 0.129384, 0.0, 0.743209, -0.067888, -0.665602, 0.388213, 0.668569, 0.113016, 0.735009, 0.0, 0.0, 0.0, 0.0, 1.0], [-0.412105, -0.894168, -0.175001, -0.0, 0.035505, 0.176163, -0.983722, 0.388213, 0.910439, -0.41161, -0.040851, 0.0, 0.0, 0.0, 0.0, 1.0], [-0.269671, -0.479135, -0.835288, 0.0, 0.458091, 0.69915, -0.548942, 0.388213, 0.847008, -0.530672, 0.030947, 0.0, 0.0, 0.0, 0.0, 1.0]]}, {"name": "Hand_R", "time": [0.0, 0.0333, 0.0667, 0.1, 0.15, 0.2, 0.3, 0.4, 0.5, 0.6167], "transform": [[0.056409, 0.067676, 0.996113, 0.0, 0.138587, 0.987508, -0.07494, 0.329779, -0.988742, 0.142275, 0.046326, -0.0, 0.0, 0.0, 0.0, 1.0], [0.011473, 0.012454, 0.999857, 0.0, 0.119951, 0.992683, -0.013741, 0.329779, -0.992714, 0.120091, 0.009895, -0.0, 0.0, 0.0, 0.0, 1.0], [0.010079, -0.051632, 0.998615, -0.0, 0.128644, 0.990433, 0.04991, 0.329779, -0.99164, 0.127963, 0.016625, 0.0, 0.0, 0.0, 0.0, 1.0], [0.052173, -0.060787, 0.996787, -0.0, 0.158699, 0.985964, 0.05182, 0.329779, -0.985949, 0.155484, 0.061088, 0.0, 0.0, 0.0, 0.0, 1.0], [0.054766, -0.090814, 0.994365, -0.0, 0.1142, 0.989884, 0.084117, 0.329779, -0.991949, 0.108948, 0.064583, -0.0, 0.0, 0.0, 0.0, 1.0], [0.054929, -0.073755, 0.995766, 0.0, 0.121264, 0.990373, 0.066668, 0.329779, -0.991101, 0.117087, 0.063344, 0.0, 0.0, 0.0, 0.0, 1.0], [0.055621, -0.039539, 0.997672, -0.0, 0.135375, 0.990281, 0.0317, 0.329779, -0.989234, 0.133295, 0.060433, 0.0, 0.0, 0.0, 0.0, 1.0], [0.056802, -0.005254, 0.998375, 0.0, 0.149438, 0.988759, -0.003299, 0.329779, -0.98714, 0.149381, 0.056949, -0.0, 0.0, 0.0, 0.0, 1.0], [0.507663, 0.007895, 0.861522, -0.0, 0.173667, 0.97849, -0.111304, 0.329779, -0.843872, 0.206121, 0.495376, 0.0, 0.0, 0.0, 0.0, 1.0], [0.928616, -0.000601, 0.371044, 0.0, 0.099574, 0.963717, -0.247644, 0.329779, -0.357433, 0.266911, 0.894989, -0.0, 0.0, 0.0, 0.0, 1.0]]}, {"name": "Tool_R", "time": [0.0, 0.0333, 0.0667, 0.1, 0.15, 0.2, 0.3, 0.4, 0.5, 0.6167], "transform": [[0.999668, -0.007843, 0.024552, -0.02, -0.006359, -0.998181, -0.059949, 0.291425, 0.024978, 0.059773, -0.9979, -0.0, 0.0, 0.0, 0.0, 1.0], [0.999943, 0.004232, 0.009813, -0.02, 0.005685, -0.988186, -0.153156, 0.291425, 0.009049, 0.153203, -0.988154, -0.0, 0.0, 0.0, 0.0, 1.0], [0.999907, 0.012661, -0.005085, -0.02, 0.011651, -0.986299, -0.164554, 0.291425, -0.007099, 0.164479, -0.986356, 0.0, 0.0, 0.0, 0.0, 1.0], [0.99996, 0.008897, -0.001326, -0.02, 0.006384, -0.80574, -0.592235, 0.291425, -0.006337, 0.592202, -0.805766, 0.0, 0.0, 0.0, 0.0, 1.0], [0.999986, -0.005447, -9.7e-05, -0.02, -0.005203, -0.94965, -0.31327, 0.291425, 0.001615, 0.313266, -0.949666, -0.0, 0.0, 0.0, 0.0, 1.0], [0.999986, -0.005447, -9.7e-05, -0.02, -0.005283, -0.965192, -0.26149, 0.291425, 0.001331, 0.261486, -0.965208, -0.0, 0.0, 0.0, 0.0, 1.0], [0.999986, -0.005447, -9.7e-05, -0.02, -0.005396, -0.987819, -0.155514, 0.291425, 0.000751, 0.155511, -0.987836, -0.0, 0.0, 0.0, 0.0, 1.0], [0.999986, -0.005447, -9.7e-05, -0.02, -0.005445, -0.998839, -0.047865, 0.291425, 0.000164, 0.047865, -0.998856, -0.0, 0.0, 0.0, 0.0, 1.0], [0.999995, -0.003528, -0.000325, -0.02, -0.003461, -0.953295, -0.30202, 0.291425, 0.000756, 0.302019, -0.953303, -0.0, 0.0, 0.0, 0.0, 1.0], [0.999998, -0.00234, -0.000323, -0.02, -0.002283, -0.921953, -0.387296, 0.291425, 0.000609, 0.387296, -0.921956, -0.0, 0.0, 0.0, 0.0, 1.0]]}, {"name": "Elbow_R", "time": [0.0, 0.0333, 0.0667, 0.1, 0.15, 0.2, 0.3, 0.4, 0.5, 0.6167], "transform": [[-1.0, 0.0, -0.0, 0.0, 0.0, 0.596236, -0.80281, 0.329779, 0.0, -0.802809, -0.596236, -0.0, 0.0, 0.0, 0.0, 1.0], [-1.0, 0.0, -0.0, 0.0, 0.0, 0.685354, -0.728211, 0.329779, 0.0, -0.72821, -0.685353, -0.0, 0.0, 0.0, 0.0, 1.0], [-1.0, 0.0, -1e-06, -0.0, 1e-06, 0.668059, -0.744111, 0.329779, 0.0, -0.744108, -0.668059, 0.0, 0.0, 0.0, 0.0, 1.0], [-1.0, 0.0, -1e-06, -0.0, 1e-06, 0.572059, -0.820213, 0.329779, 0.0, -0.820212, -0.57206, 0.0, 0.0, 0.0, 0.0, 1.0], [-1.0, -2e-06, 2e-06, -0.0, -2e-06, 0.504365, -0.863492, 0.329779, 1e-06, -0.86349, -0.504364, -0.0, 0.0, 0.0, 0.0, 1.0], [-1.0, 0.0, -1e-06, 0.0, 1e-06, 0.521189, -0.853443, 0.329779, 0.0, -0.85344, -0.521188, 0.0, 0.0, 0.0, 0.0, 1.0], [-1.0, 0.0, -1e-06, -0.0, 1e-06, 0.550837, -0.834614, 0.329779, 1e-06, -0.834612, -0.550836, 0.0, 0.0, 0.0, 0.0, 1.0], [-1.0, -0.0, -1e-06, 0.0, 0.0, 0.576212, -0.817302, 0.329779, 0.0, -0.8173, -0.576211, -0.0, 0.0, 0.0, 0.0, 1.0], [-1.0, -0.0, -1e-06, -0.0, 1e-06, 0.205469, -0.978664, 0.329779, 0.0, -0.978663, -0.20547, 0.0, 0.0, 0.0, 0.0, 1.0], [-1.0, -0.0, -1e-06, 0.0, 1e-06, 0.153485, -0.988151, 0.329779, 0.0, -0.988151, -0.153485, -0.0, 0.0, 0.0, 0.0, 1.0]]}, {"name": "Shoulder_L", "time": [0.0, 0.0333, 0.0667, 0.1, 0.15, 0.2, 0.3, 0.4, 0.5, 0.6167], "transform": [[-0.011332, -0.929886, -0.367672, 0.0, -0.003035, -0.367662, 0.929955, 0.4, -0.999931, 0.011654, 0.001344, -0.0, 0.0, 0.0, 0.0, 1.0], [0.041091, -0.921136, -0.387064, 0.0, 0.011003, -0.38695, 0.922035, 0.4, -0.999094, -0.042146, -0.005765, -0.0, 0.0, 0.0, 0.0, 1.0], [0.074532, -0.919634, -0.385639, 0.0, 0.019959, -0.385261, 0.922592, 0.4, -0.997019, -0.07646, -0.01036, 0.0, 0.0, 0.0, 0.0, 1.0], [0.055984, -0.928966, -0.365907, 0.0, 0.014991, -0.365658, 0.930628, 0.4, -0.998319, -0.057585, -0.006544, -0.0, 0.0, 0.0, 0.0, 1.0], [0.0, -0.952332, -0.305064, 0.0, -0.0, -0.305064, 0.952332, 0.4, -1.0, -0.0, -0.0, 0.0, 0.0, 0.0, 0.0, 1.0], [1e-06, -0.952332, -0.305064, 0.0, -0.0, -0.305064, 0.952332, 0.4, -1.0, -0.0, -0.0, -0.0, 0.0, 0.0, 0.0, 1.0], [0.0, -0.952332, -0.305064, 0.0, -0.0, -0.305064, 0.952332, 0.4, -1.0, -0.0, -0.0, -0.0, 0.0, 0.0, 0.0, 1.0], [0.0, -0.952332, -0.305064, 0.0, -0.0, -0.305064, 0.952332, 0.4, -1.0, -1e-06, -0.0, 0.0, 0.0, 0.0, 0.0, 1.0], [-0.022512, -0.951548, -0.306673, 0.0, -0.006029, -0.306616, 0.951813, 0.4, -0.999728, 0.023276, 0.001166, -0.0, 0.0, 0.0, 0.0, 1.0], [-0.036237, -0.950853, -0.307513, 0.0, -0.009704, -0.307365, 0.951541, 0.4, -0.999295, 0.037465, 0.001911, -0.0, 0.0, 0.0, 0.0, 1.0]]}, {"name": "Arm_L", "time": [0.0, 0.0333, 0.0667, 0.1, 0.15, 0.2, 0.3, 0.4, 0.5, 0.6167], "transform": [[-0.054807, -0.211125, 0.975921, 0.0, -0.403369, 0.898768, 0.171781, 0.388212, -0.913395, -0.384241, -0.13442, 1e-06, 0.0, 0.0, 0.0, 1.0], [-0.130635, -0.192579, 0.972547, -0.0, -0.361241, 0.922765, 0.134198, 0.388212, -0.923277, -0.333792, -0.190113, 1e-06, 0.0, 0.0, 0.0, 1.0], [-0.139838, -0.081939, 0.986778, 0.0, -0.313779, 0.948875, 0.034326, 0.388212, -0.939143, -0.30483, -0.1584, 1e-06, 0.0, 0.0, 0.0, 1.0], [-0.072446, 0.010146, 0.99732, 0.0, -0.316375, 0.948073, -0.032626, 0.388212, -0.945864, -0.317891, -0.065474, 1e-06, 0.0, 0.0, 0.0, 1.0], [-0.155199, 0.19223, 0.969, -0.0, -0.474705, 0.845704, -0.243802, 0.388212, -0.866354, -0.497827, -0.04, 1e-06, 0.0, 0.0, 0.0, 1.0], [-0.155199, 0.19223, 0.969, -0.0, -0.474705, 0.845704, -0.243802, 0.388212, -0.866354, -0.497827, -0.04, 1e-06, 0.0, 0.0, 0.0, 1.0], [-0.155199, 0.19223, 0.969, 0.0, -0.474705, 0.845704, -0.243802, 0.388212, -0.866354, -0.497827, -0.04, 1e-06, 0.0, 0.0, 0.0, 1.0], [-0.155199, 0.19223, 0.969, -0.0, -0.474705, 0.845704, -0.243802, 0.388212, -0.866354, -0.497827, -0.04, 1e-06, 0.0, 0.0, 0.0, 1.0], [0.054127, 0.151667, 0.986948, -0.0, -0.594452, 0.799057, -0.090191, 0.388212, -0.802307, -0.581812, 0.13341, 1e-06, 0.0, 0.0, 0.0, 1.0], [0.181824, 0.137233, 0.973707, 0.0, -0.646085, 0.763152, 0.013088, 0.388212, -0.741291, -0.631478, 0.227423, 1e-06, 0.0, 0.0, 0.0, 1.0]]}, {"name": "Hand_L", "time": [0.0, 0.0333, 0.0667, 0.1, 0.15, 0.2, 0.3, 0.4, 0.5, 0.6167], "transform": [[0.996638, 0.081666, -0.006506, -0.0, -0.073181, 0.851759, -0.518798, 0.329779, -0.036826, 0.517531, 0.854871, -0.0, 0.0, 0.0, 0.0, 1.0], [0.998376, 0.056601, 0.006361, 0.0, -0.041191, 0.794624, -0.605703, 0.329779, -0.039338, 0.604458, 0.795665, -0.0, 0.0, 0.0, 0.0, 1.0], [0.996799, 0.078431, -0.015524, -0.0, -0.067541, 0.722132, -0.688451, 0.329779, -0.042786, 0.687295, 0.725117, 0.0, 0.0, 0.0, 0.0, 1.0], [0.99129, 0.12133, -0.051222, 0.0, -0.122982, 0.713644, -0.689629, 0.329779, -0.047118, 0.689921, 0.722349, -0.0, 0.0, 0.0, 0.0, 1.0], [0.960403, 0.23562, -0.148692, 0.0, -0.272082, 0.678267, -0.682587, 0.329779, -0.059978, 0.696015, 0.715518, -0.0, 0.0, 0.0, 0.0, 1.0], [0.960403, 0.23562, -0.148692, -0.0, -0.272082, 0.678267, -0.682587, 0.329779, -0.059978, 0.696015, 0.715517, 0.0, 0.0, 0.0, 0.0, 1.0], [0.960403, 0.23562, -0.148692, -0.0, -0.272082, 0.678267, -0.682587, 0.329779, -0.059978, 0.696015, 0.715518, -0.0, 0.0, 0.0, 0.0, 1.0], [0.960403, 0.23562, -0.148692, -0.0, -0.272082, 0.678267, -0.682587, 0.329779, -0.059978, 0.696015, 0.715517, -0.0, 0.0, 0.0, 0.0, 1.0], [0.975638, 0.196566, -0.097436, -0.0, -0.214769, 0.765064, -0.607085, 0.329779, -0.044787, 0.613221, 0.788641, 0.0, 0.0, 0.0, 0.0, 1.0], [0.983637, 0.167543, -0.066247, 0.0, -0.176017, 0.815223, -0.551753, 0.329779, -0.038436, 0.554386, 0.831372, 0.0, 0.0, 0.0, 0.0, 1.0]]}, {"name": "Tool_L", "time": [0.0, 0.0333, 0.0667, 0.1, 0.15, 0.2, 0.3, 0.4, 0.5, 0.6167], "transform": [[0.998599, 0.010365, -0.051893, 0.02, 0.006944, -0.997818, -0.065661, 0.291426, -0.052461, 0.065208, -0.996492, -0.0, 0.0, 0.0, 0.0, 1.0], [0.998649, 0.010149, -0.050968, 0.02, 0.00685, -0.997895, -0.064478, 0.291426, -0.051515, 0.064042, -0.996617, -0.0, 0.0, 0.0, 0.0, 1.0], [0.998793, 0.009507, -0.048189, 0.02, 0.006561, -0.99812, -0.06093, 0.291426, -0.048678, 0.060541, -0.996978, -0.0, 0.0, 0.0, 0.0, 1.0], [0.998885, 0.009085, -0.046335, 0.02, 0.006362, -0.998263, -0.058565, 0.291426, -0.046786, 0.058205, -0.997208, -0.0, 0.0, 0.0, 0.0, 1.0], [0.99909, 0.008088, -0.04188, 0.02, 0.005867, -0.998583, -0.052888, 0.291426, -0.042248, 0.052594, -0.997722, -0.0, 0.0, 0.0, 0.0, 1.0], [0.99909, 0.008088, -0.04188, 0.02, 0.005867, -0.998583, -0.052888, 0.291426, -0.042248, 0.052594, -0.997722, -0.0, 0.0, 0.0, 0.0, 1.0], [0.99909, 0.008088, -0.04188, 0.02, 0.005867, -0.998583, -0.052888, 0.291426, -0.042248, 0.052594, -0.997722, -0.0, 0.0, 0.0, 0.0, 1.0], [0.99909, 0.008088, -0.04188, 0.02, 0.005867, -0.998583, -0.052888, 0.291426, -0.042248, 0.052594, -0.997722, -0.0, 0.0, 0.0, 0.0, 1.0], [0.999619, 0.005083, -0.02714, 0.02, 0.003953, -0.99913, -0.041518, 0.291426, -0.027327, 0.041395, -0.998769, -0.0, 0.0, 0.0, 0.0, 1.0], [0.99983, 0.003327, -0.018108, 0.02, 0.002699, -0.999398, -0.034578, 0.291426, -0.018212, 0.034523, -0.999238, -0.0, 0.0, 0.0, 0.0, 1.0]]}, {"name": "Elbow_L", "time": [0.0, 0.0333, 0.0667, 0.1, 0.15, 0.2, 0.3, 0.4, 0.5, 0.6167], "transform": [[-1.0, 0.0, -1e-06, -0.0, 1e-06, 0.268838, -0.963186, 0.329779, 0.0, -0.963185, -0.268838, -0.0, 0.0, 0.0, 0.0, 1.0], [-1.0, -0.0, -0.0, 0.0, 0.0, 0.319154, -0.947703, 0.329779, -0.0, -0.947703, -0.319154, -0.0, 0.0, 0.0, 0.0, 1.0], [-1.0, 0.0, 1e-06, -0.0, -0.0, 0.370283, -0.928919, 0.329779, -0.0, -0.928919, -0.370283, 0.0, 0.0, 0.0, 0.0, 1.0], [-1.0, -0.0, -0.0, 0.0, 0.0, 0.372053, -0.928211, 0.329779, 0.0, -0.928212, -0.372053, -0.0, 0.0, 0.0, 0.0, 1.0], [-1.0, 0.0, -0.0, 0.0, 0.0, 0.376292, -0.926501, 0.329779, 0.0, -0.926501, -0.376292, -0.0, 0.0, 0.0, 0.0, 1.0], [-1.0, 0.0, -0.0, -0.0, 0.0, 0.376292, -0.926501, 0.329779, 0.0, -0.926501, -0.376293, 0.0, 0.0, 0.0, 0.0, 1.0], [-1.0, 0.0, -0.0, -0.0, 0.0, 0.376292, -0.926501, 0.329779, 0.0, -0.926501, -0.376292, -0.0, 0.0, 0.0, 0.0, 1.0], [-1.0, -0.0, -0.0, -0.0, 0.0, 0.376292, -0.926501, 0.329779, 0.0, -0.926501, -0.376292, -0.0, 0.0, 0.0, 0.0, 1.0], [-1.0, 0.0, -0.0, -0.0, 0.0, 0.324474, -0.945895, 0.329779, 0.0, -0.945895, -0.324474, 0.0, 0.0, 0.0, 0.0, 1.0], [-1.0, -0.0, -0.0, 0.0, 1e-06, 0.289839, -0.957076, 0.329779, 1e-06, -0.957076, -0.289839, 0.0, 0.0, 0.0, 0.0, 1.0]]}]}