{"animation": [{"name": "Root", "time": [0.0, 0.1, 0.2, 0.25, 0.3, 0.35, 0.5, 0.65], "transform": [[-0.541757, 0.227035, 0.809293, -5e-06, 0.829207, 0.301903, 0.470394, 0.000946, -0.137532, 0.92591, -0.351817, 0.433939, 0.0, 0.0, 0.0, 1.0], [-0.992495, 0.116713, 0.0365, -5e-06, 0.075389, 0.34896, 0.9341, 0.676502, 0.096284, 0.929841, -0.35514, 0.489859, 0.0, 0.0, 0.0, 1.0], [-0.861553, 0.11958, -0.493383, -5e-06, -0.427578, 0.353011, 0.832202, 1.13428, 0.273684, 0.927946, -0.253008, 0.488321, 0.0, 0.0, 0.0, 1.0], [0.380824, -0.118453, -0.917029, -5e-06, -0.876152, 0.270738, -0.398821, 1.549835, 0.295516, 0.955338, -0.000679, 0.448832, 0.0, 0.0, 0.0, 1.0], [0.997982, 0.056828, 0.028342, -5e-06, 0.019421, 0.151796, -0.988221, 2.000947, -0.06046, 0.986777, 0.150386, 0.49755, 0.0, 0.0, 0.0, 1.0], [0.742864, 0.09133, 0.663183, -5e-06, 0.635959, 0.213103, -0.741717, 2.000947, -0.209067, 0.972752, 0.100225, 0.487879, 0.0, 0.0, 0.0, 1.0], [0.716103, 0.093663, 0.691682, -5e-06, 0.664348, 0.212496, -0.71658, 2.000947, -0.214097, 0.972663, 0.089944, 0.487073, 0.0, 0.0, 0.0, 1.0], [0.689771, 0.095889, 0.71765, -5e-06, 0.690277, 0.212004, -0.691789, 2.000947, -0.21848, 0.972553, 0.080045, 0.486267, 0.0, 0.0, 0.0, 1.0]]}, {"name": "Thigh_R", "time": [0.0, 0.1, 0.2, 0.25, 0.3, 0.35, 0.5, 0.65], "transform": [[0.851107, 0.520362, -0.069551, 0.124994, 0.520056, -0.817556, 0.247267, -0.002831, 0.071807, -0.246622, -0.966445, -1.2e-05, 0.0, 0.0, 0.0, 1.0], [0.958148, 0.203809, -0.201007, 0.124994, 0.281974, -0.792978, 0.540067, -0.00283, -0.049325, -0.574142, -0.817264, -1.2e-05, 0.0, 0.0, 0.0, 1.0], [0.949776, 0.219933, -0.2226, 0.124994, 0.301503, -0.833594, 0.462835, -0.00283, -0.083765, -0.506705, -0.858039, -1.2e-05, 0.0, 0.0, 0.0, 1.0], [0.88913, 0.442845, -0.11547, 0.124994, 0.432465, -0.730462, 0.528579, -0.00283, 0.149733, -0.519913, -0.840992, -1.2e-05, 0.0, 0.0, 0.0, 1.0], [0.985778, 0.100305, -0.134823, 0.124994, 0.15764, -0.274091, 0.948694, -0.002831, 0.058206, -0.956457, -0.286005, -1.2e-05, 0.0, 0.0, 0.0, 1.0], [0.787384, 0.529949, -0.314921, 0.124994, 0.516102, -0.287313, 0.806898, -0.002831, 0.337135, -0.797872, -0.499735, -1.2e-05, 0.0, 0.0, 0.0, 1.0], [0.786602, 0.537794, -0.303364, 0.124994, 0.528956, -0.333472, 0.780382, -0.00283, 0.318522, -0.774319, -0.546781, -1.2e-05, 0.0, 0.0, 0.0, 1.0], [0.784762, 0.547972, -0.289604, 0.124994, 0.540478, -0.376335, 0.752496, -0.00283, 0.30336, -0.747057, -0.591501, -1.2e-05, 0.0, 0.0, 0.0, 1.0]]}, {"name": "Leg_R", "time": [0.0, 0.1, 0.2, 0.25, 0.3, 0.35, 0.5, 0.65], "transform": [[0.999671, 0.02171, -0.013571, -0.0, 0.017445, -0.189614, 0.981703, 0.37472, 0.01874, -0.981618, -0.189931, 0.0, 0.0, 0.0, 0.0, 1.0], [0.99696, -0.048461, -0.061011, -0.0, 0.06941, 0.196652, 0.978013, 0.37472, -0.035398, -0.979275, 0.199418, 0.0, 0.0, 0.0, 0.0, 1.0], [0.996763, -0.070189, -0.039197, 0.0, 0.073232, 0.591592, 0.802904, 0.37472, -0.033166, -0.803177, 0.594817, -0.0, 0.0, 0.0, 0.0, 1.0], [0.997667, 0.026931, -0.062724, 0.0, 0.008703, 0.861203, 0.508186, 0.37472, 0.067704, -0.507546, 0.85896, -0.0, 0.0, 0.0, 0.0, 1.0], [0.997979, 0.058827, -0.024034, -0.0, 0.020815, 0.054734, 0.998284, 0.374721, 0.060042, -0.996766, 0.053398, 0.0, 0.0, 0.0, 0.0, 1.0], [0.995228, 0.086356, -0.04545, -0.0, 0.030948, 0.162401, 0.98624, 0.37472, 0.092549, -0.982939, 0.158953, -0.0, 0.0, 0.0, 0.0, 1.0], [0.993529, 0.101906, -0.050175, 0.0, 0.033246, 0.161491, 0.986314, 0.37472, 0.108614, -0.981599, 0.157058, -0.0, 0.0, 0.0, 0.0, 1.0], [0.991565, 0.117435, -0.054869, -0.0, 0.035559, 0.160618, 0.986377, 0.37472, 0.124648, -0.980007, 0.155087, 0.0, 0.0, 0.0, 0.0, 1.0]]}, {"name": "Knee_R", "time": [0.0, 0.1, 0.2, 0.25, 0.3, 0.35, 0.5, 0.65], "transform": [[0.9999, 0.007662, -0.011907, -0.0, -0.013488, 0.771223, -0.636421, 0.37472, 0.004306, 0.636518, 0.77125, 0.0, 0.0, 0.0, 0.0, 1.0], [0.999143, -0.035143, -0.021873, -0.0, 0.005307, 0.632812, -0.774289, 0.37472, 0.041052, 0.773509, 0.632454, 0.0, 0.0, 0.0, 0.0, 1.0], [0.999145, -0.039788, -0.011257, 0.0, 0.007865, 0.450137, -0.892925, 0.37472, 0.040595, 0.892074, 0.450064, -0.0, 0.0, 0.0, 0.0, 1.0], [0.999406, 0.009264, -0.033193, 0.0, -0.034461, 0.263313, -0.964094, 0.37472, -0.000191, 0.964666, 0.263476, -0.0, 0.0, 0.0, 0.0, 1.0], [0.999414, 0.024639, -0.023755, -0.0, -0.03419, 0.68714, -0.725721, 0.374721, -0.001558, 0.726108, 0.68758, 0.0, 0.0, 0.0, 0.0, 1.0], [0.998644, 0.034859, -0.038652, -0.0, -0.052026, 0.646423, -0.761203, 0.37472, -0.00155, 0.762182, 0.647361, -0.0, 0.0, 0.0, 0.0, 1.0], [0.998161, 0.041776, -0.043919, 0.0, -0.06052, 0.646436, -0.760564, 0.37472, -0.003383, 0.761823, 0.647776, -0.0, 0.0, 0.0, 0.0, 1.0], [0.997602, 0.048693, -0.049181, -0.0, -0.069012, 0.646371, -0.759896, 0.37472, -0.005213, 0.761468, 0.648181, 0.0, 0.0, 0.0, 0.0, 1.0]]}, {"name": "Thigh_L", "time": [0.0, 0.1, 0.2, 0.25, 0.3, 0.35, 0.5, 0.65], "transform": [[0.980971, -0.174986, -0.084122, -0.125427, -0.067353, -0.713066, 0.697853, -0.002972, -0.1821, -0.678908, -0.711283, 0.000486, 0.0, 0.0, 0.0, 1.0], [0.936317, -0.305059, -0.173928, -0.126584, -0.035982, -0.576039, 0.81663, -0.001252, -0.34931, -0.758366, -0.550331, 0.001566, 0.0, 0.0, 0.0, 1.0], [0.92542, -0.296771, -0.235638, -0.128162, 0.089791, -0.432391, 0.897205, 0.000326, -0.368152, -0.851449, -0.373496, 0.003145, 0.0, 0.0, 0.0, 1.0], [0.825458, -0.556328, 0.09549, -0.131319, -0.479451, -0.601751, 0.638767, 0.003483, -0.297903, -0.573057, -0.763452, 0.006301, 0.0, 0.0, 0.0, 1.0], [0.984367, -0.162889, -0.066989, -0.134826, -0.169253, -0.980068, -0.103937, 0.00699, -0.048723, 0.11365, -0.992317, 0.009808, 0.0, 0.0, 0.0, 1.0], [0.886861, -0.459179, 0.051287, -0.137231, -0.46175, -0.876944, 0.133248, 0.009395, -0.016208, -0.141855, -0.989754, 0.012214, 0.0, 0.0, 0.0, 1.0], [0.879651, -0.472847, 0.051267, -0.137432, -0.475222, -0.869402, 0.135293, 0.009595, -0.019402, -0.143374, -0.989479, 0.012414, 0.0, 0.0, 0.0, 1.0], [0.872292, -0.485883, 0.054998, -0.137632, -0.488638, -0.861898, 0.135521, 0.009796, -0.018445, -0.145088, -0.989248, 0.012614, 0.0, 0.0, 0.0, 1.0]]}, {"name": "Leg_L", "time": [0.0, 0.1, 0.2, 0.25, 0.3, 0.35, 0.5, 0.65], "transform": [[0.997128, -0.013759, 0.074473, 0.0, -0.037342, 0.76619, 0.641527, 0.37472, -0.065887, -0.642466, 0.763477, -0.0, 0.0, 0.0, 0.0, 1.0], [0.999035, -0.011762, 0.042326, 0.0, -0.03407, 0.400761, 0.915549, 0.37472, -0.027731, -0.916107, 0.399973, -0.0, 0.0, 0.0, 0.0, 1.0], [0.998581, -0.02307, 0.048022, -0.0, -0.049928, -0.090728, 0.994623, 0.37472, -0.018589, -0.995608, -0.091751, -0.0, 0.0, 0.0, 0.0, 1.0], [0.996332, -0.075435, 0.040436, 0.0, -0.052987, -0.172614, 0.983563, 0.37472, -0.067216, -0.982097, -0.175978, -0.0, 0.0, 0.0, 0.0, 1.0], [0.996812, -0.001425, 0.079789, 0.0, -0.054294, 0.720651, 0.691168, 0.37472, -0.058485, -0.693296, 0.718275, 0.0, 0.0, 0.0, 0.0, 1.0], [0.996966, 0.026356, 0.073271, -0.0, -0.060356, 0.856091, 0.51329, 0.37472, -0.049199, -0.516154, 0.855081, -0.0, 0.0, 0.0, 0.0, 1.0], [0.996408, 0.043614, 0.072609, 0.0, -0.072975, 0.877224, 0.474502, 0.37472, -0.043, -0.478095, 0.877255, 0.0, 0.0, 0.0, 0.0, 1.0], [0.995609, 0.060816, 0.071177, 0.0, -0.085842, 0.896425, 0.434801, 0.37472, -0.037362, -0.439001, 0.897709, 0.0, 0.0, 0.0, 0.0, 1.0]]}, {"name": "Knee_L", "time": [0.0, 0.1, 0.2, 0.25, 0.3, 0.35, 0.5, 0.65], "transform": [[0.999259, -0.000309, 0.038475, 0.0, 0.036261, 0.341977, -0.939008, 0.37472, -0.012867, 0.939708, 0.341736, -0.0, 0.0, 0.0, 0.0, 1.0], [0.999737, 0.000429, 0.022919, 0.0, 0.018945, 0.547412, -0.836649, 0.37472, -0.012905, 0.836864, 0.54726, -0.0, 0.0, 0.0, 0.0, 1.0], [0.999576, -0.000936, 0.029109, -0.0, 0.020316, 0.738569, -0.673872, 0.37472, -0.020868, 0.674178, 0.738274, -0.0, 0.0, 0.0, 0.0, 1.0], [0.998883, -0.028297, 0.037853, 0.0, 0.046008, 0.765435, -0.641867, 0.37472, -0.010811, 0.642891, 0.765881, -0.0, 0.0, 0.0, 0.0, 1.0], [0.999173, 0.007033, 0.040061, 0.0, 0.034533, 0.373735, -0.926893, 0.37472, -0.021491, 0.927509, 0.373183, 0.0, 0.0, 0.0, 0.0, 1.0], [0.999227, 0.018185, 0.034864, -0.0, 0.028732, 0.267663, -0.963084, 0.37472, -0.026845, 0.963341, 0.266934, -0.0, 0.0, 0.0, 0.0, 1.0], [0.999087, 0.026371, 0.033605, 0.0, 0.026084, 0.246388, -0.96882, 0.37472, -0.033829, 0.968812, 0.245475, 0.0, 0.0, 0.0, 0.0, 1.0], [0.998887, 0.034498, 0.032159, 0.0, 0.023591, 0.224962, -0.974082, 0.37472, -0.040838, 0.973756, 0.223898, 0.0, 0.0, 0.0, 0.0, 1.0]]}, {"name": "Torso", "time": [0.0, 0.1, 0.2, 0.25, 0.3, 0.35, 0.5, 0.65], "transform": [[0.989935, 0.129708, 0.056617, -0.0, -0.127808, 0.991146, -0.035994, 0.05, -0.060784, 0.028396, 0.997747, -0.0, 0.0, 0.0, 0.0, 1.0], [0.995272, -0.08472, 0.047507, 0.0, 0.086233, 0.995801, -0.030739, 0.05, -0.044703, 0.03469, 0.998398, 0.0, 0.0, 0.0, 0.0, 1.0], [0.998653, -0.040633, 0.032267, 0.0, 0.046077, 0.980419, -0.191458, 0.05, -0.023856, 0.192687, 0.98097, -0.0, 0.0, 0.0, 0.0, 1.0], [0.998531, -0.007941, 0.053584, -0.0, 0.002764, 0.995377, 0.096002, 0.05, -0.054099, -0.095713, 0.993937, -0.0, 0.0, 0.0, 0.0, 1.0], [0.998964, -0.001266, 0.045457, 0.0, -0.018863, 0.898023, 0.439542, 0.05, -0.041377, -0.439945, 0.89707, -0.0, 0.0, 0.0, 0.0, 1.0], [0.991871, 0.096797, 0.082583, 0.0, -0.112013, 0.972146, 0.205875, 0.05, -0.060355, -0.213452, 0.975086, 0.0, 0.0, 0.0, 0.0, 1.0], [0.987482, 0.10077, 0.121329, 0.0, -0.11349, 0.988191, 0.102941, 0.05, -0.109522, -0.115423, 0.987259, 0.0, 0.0, 0.0, 0.0, 1.0], [0.986317, 0.080272, 0.143984, 0.0, -0.083847, 0.996298, 0.018926, 0.05, -0.141932, -0.03074, 0.989398, -0.0, 0.0, 0.0, 0.0, 1.0]]}, {"name": "Chest", "time": [0.0, 0.1, 0.2, 0.25, 0.3, 0.35, 0.5, 0.65], "transform": [[0.904971, 0.106196, 0.412006, 0.0, -0.259564, 0.905075, 0.336846, 0.3, -0.337125, -0.411778, 0.846631, 0.0, 0.0, 0.0, 0.0, 1.0], [0.9693, 0.242333, 0.041605, 0.0, -0.182174, 0.594168, 0.783438, 0.3, 0.165133, -0.766967, 0.620074, -0.0, 0.0, 0.0, 0.0, 1.0], [0.546425, 0.112195, 0.829958, 0.0, -0.528566, 0.814893, 0.237837, 0.3, -0.649643, -0.568649, 0.50458, 0.0, 0.0, 0.0, 0.0, 1.0], [0.588387, -0.146214, 0.795249, 0.0, -0.143096, 0.949161, 0.280385, 0.3, -0.795816, -0.278773, 0.537552, 0.0, 0.0, 0.0, 0.0, 1.0], [0.597306, -0.042824, 0.800869, -0.0, -0.198042, 0.959775, 0.199025, 0.3, -0.777177, -0.277485, 0.564798, -0.0, 0.0, 0.0, 0.0, 1.0], [0.692025, 0.056458, 0.719662, -0.0, -0.232418, 0.961277, 0.14808, 0.3, -0.683434, -0.269737, 0.67835, -0.0, 0.0, 0.0, 0.0, 1.0], [0.540922, 0.030355, 0.840524, 0.0, -0.330132, 0.926809, 0.178987, 0.3, -0.773572, -0.374302, 0.511353, 0.0, 0.0, 0.0, 0.0, 1.0], [0.536625, 0.060906, 0.841619, 0.0, -0.370194, 0.913276, 0.169948, 0.3, -0.75828, -0.402761, 0.512634, 0.0, 0.0, 0.0, 0.0, 1.0]]}, {"name": "Head", "time": [0.0, 0.1, 0.2, 0.25, 0.3, 0.35, 0.5, 0.65], "transform": [[0.190446, -0.098719, -0.976721, 0.0, 0.157765, 0.985076, -0.068802, 0.4, 0.968939, -0.140989, 0.203179, 0.0, 0.0, 0.0, 0.0, 1.0], [0.475169, 0.13723, -0.869127, 0.0, -0.394594, 0.916101, -0.071085, 0.4, 0.786455, 0.376729, 0.489453, -0.0, 0.0, 0.0, 0.0, 1.0], [0.5297, -0.253924, 0.809284, -0.0, 0.251498, 0.958248, 0.136051, 0.4, -0.810042, 0.131467, 0.571446, 0.0, 0.0, 0.0, 0.0, 1.0], [0.991092, -0.032277, 0.129211, -0.0, 0.069002, 0.954265, -0.290889, 0.400001, -0.113913, 0.297213, 0.947992, -0.0, 0.0, 0.0, 0.0, 1.0], [0.508368, -0.528155, -0.680158, 0.0, -0.065464, 0.763846, -0.64207, 0.400001, 0.858648, 0.370934, 0.35374, 0.0, 0.0, 0.0, 0.0, 1.0], [0.014757, -0.394299, -0.918864, 0.0, -0.059532, 0.916987, -0.394451, 0.400001, 0.998117, 0.060523, -0.009941, -0.0, 0.0, 0.0, 0.0, 1.0], [-0.237522, -0.35989, -0.902254, -0.0, -0.148231, 0.931385, -0.332488, 0.400001, 0.960006, 0.054769, -0.274572, -0.0, 0.0, 0.0, 0.0, 1.0], [-0.290604, -0.309807, -0.905301, 0.0, -0.134022, 0.949984, -0.282077, 0.4, 0.947411, 0.039358, -0.317591, 0.0, 0.0, 0.0, 0.0, 1.0]]}, {"name": "Shoulder_R", "time": [0.0, 0.1, 0.2, 0.25, 0.3, 0.35, 0.5, 0.65], "transform": [[-0.033506, 0.963281, 0.26641, 0.0, 0.00897, -0.266259, 0.963861, 0.4, 0.999398, 0.034685, 0.000281, 0.0, 0.0, 0.0, 0.0, 1.0], [-0.074729, 0.903523, 0.42198, 0.0, 0.020009, -0.42172, 0.906507, 0.4, 0.997003, 0.076186, 0.013437, -0.0, 0.0, 0.0, 0.0, 1.0], [-0.170202, 0.966569, 0.191782, 0.0, 0.045575, -0.186692, 0.981362, 0.4, 0.984355, 0.17577, -0.012276, 0.0, 0.0, 0.0, 0.0, 1.0], [-0.250011, 0.952388, 0.174511, -0.0, 0.066947, -0.1628, 0.984385, 0.4, 0.965927, 0.25779, -0.023058, 0.0, 0.0, 0.0, 0.0, 1.0], [0.008714, 0.989888, 0.141586, 0.0, -0.002336, -0.141571, 0.989925, 0.4, 0.999961, -0.008957, 0.001079, -0.0, 0.0, 0.0, 0.0, 1.0], [0.062683, 0.991522, 0.11382, 0.0, -0.016789, -0.11298, 0.993455, 0.4, 0.997895, -0.064184, 0.009564, -0.0, 0.0, 0.0, 0.0, 1.0], [0.135274, 0.984489, 0.111719, -0.0, -0.036228, -0.107765, 0.993515, 0.4, 0.990148, -0.138444, 0.021088, -0.0, 0.0, 0.0, 0.0, 1.0], [0.206778, 0.972033, 0.111328, 0.0, -0.055376, -0.101977, 0.993244, 0.4, 0.976822, -0.211546, 0.03274, 0.0, 0.0, 0.0, 0.0, 1.0]]}, {"name": "Arm_R", "time": [0.0, 0.1, 0.2, 0.25, 0.3, 0.35, 0.5, 0.65], "transform": [[0.882465, -0.108892, -0.457598, -0.0, 0.373067, 0.754547, 0.539882, 0.388213, 0.286493, -0.647146, 0.70648, 0.0, 0.0, 0.0, 0.0, 1.0], [0.930211, -0.361157, -0.065367, -0.0, 0.346153, 0.804079, 0.483352, 0.388213, -0.122007, -0.472249, 0.872974, 0.0, 0.0, 0.0, 0.0, 1.0], [0.970134, -0.172439, 0.170597, -0.0, 0.120606, 0.953108, 0.27755, 0.388213, -0.21046, -0.248687, 0.945436, 0.0, 0.0, 0.0, 0.0, 1.0], [0.564177, 0.438763, 0.699418, 0.0, -0.131604, 0.884067, -0.448442, 0.388213, -0.815094, 0.160955, 0.556514, 1e-06, 0.0, 0.0, 0.0, 1.0], [-0.020846, -0.960022, -0.279137, 0.0, 0.355291, 0.25386, -0.899622, 0.388213, 0.934519, -0.117928, 0.335797, 0.0, 0.0, 0.0, 0.0, 1.0], [-0.03751, -0.710495, -0.702701, -0.0, 0.869841, 0.322924, -0.372943, 0.388213, 0.49189, -0.625228, 0.605912, 0.0, 0.0, 0.0, 0.0, 1.0], [0.018429, -0.580585, -0.813991, -0.0, 0.968646, 0.212088, -0.129345, 0.388213, 0.247732, -0.786086, 0.566297, 0.0, 0.0, 0.0, 0.0, 1.0], [0.090801, -0.567651, -0.818247, 0.0, 0.979609, 0.198748, -0.029171, 0.388213, 0.179184, -0.798914, 0.57413, 1e-06, 0.0, 0.0, 0.0, 1.0]]}, {"name": "Hand_R", "time": [0.0, 0.1, 0.2, 0.25, 0.3, 0.35, 0.5, 0.65], "transform": [[-0.180401, -0.002255, 0.983584, -0.0, 0.752847, 0.643232, 0.139555, 0.329779, -0.632984, 0.765678, -0.114341, 0.0, 0.0, 0.0, 0.0, 1.0], [-0.446835, -0.065203, 0.892232, 0.0, 0.446026, 0.848314, 0.285363, 0.329779, -0.775496, 0.525476, -0.349971, 0.0, 0.0, 0.0, 0.0, 1.0], [-0.224536, 0.065556, 0.972254, -0.0, 0.312961, 0.949734, 0.008239, 0.329779, -0.92284, 0.306131, -0.233764, -0.0, 0.0, 0.0, 0.0, 1.0], [-0.150615, -0.054503, 0.987087, -0.0, 0.506822, 0.853023, 0.124434, 0.329779, -0.84879, 0.51902, -0.100855, 0.0, 0.0, 0.0, 0.0, 1.0], [-0.050072, 0.073587, 0.996031, 0.0, 0.040966, 0.996592, -0.071569, 0.329779, -0.997905, 0.03722, -0.052916, -0.0, 0.0, 0.0, 0.0, 1.0], [0.042043, -0.044255, 0.998138, -0.0, 0.102266, 0.993957, 0.039763, 0.329779, -0.99387, 0.100403, 0.046315, -0.0, 0.0, 0.0, 0.0, 1.0], [0.048504, -0.067643, 0.996533, 0.0, 0.10819, 0.992184, 0.062083, 0.329779, -0.992948, 0.104803, 0.055444, -0.0, 0.0, 0.0, 0.0, 1.0], [0.054766, -0.090814, 0.994364, 0.0, 0.1142, 0.989884, 0.084117, 0.329779, -0.991949, 0.108948, 0.064583, 0.0, 0.0, 0.0, 0.0, 1.0]]}, {"name": "Tool_R", "time": [0.0, 0.1, 0.2, 0.25, 0.3, 0.35, 0.5, 0.65], "transform": [[0.99974, -0.022818, -4.3e-05, -0.02, -0.022818, -0.999737, -0.003181, 0.291425, 2.9e-05, 0.003181, -0.999995, -0.0, 0.0, 0.0, 0.0, 1.0], [0.999786, -0.020688, -0.000584, -0.02, -0.020695, -0.999124, -0.036408, 0.291425, 0.00017, 0.036412, -0.999337, -0.0, 0.0, 0.0, 0.0, 1.0], [0.999829, -0.018514, -0.000975, -0.02, -0.018512, -0.994138, -0.106534, 0.291425, 0.001003, 0.106534, -0.994309, 0.0, 0.0, 0.0, 0.0, 1.0], [0.999901, -0.014098, -0.001295, -0.02, -0.013985, -0.969358, -0.245258, 0.291425, 0.002202, 0.245251, -0.969458, -0.0, 0.0, 0.0, 0.0, 1.0], [0.999938, -0.010787, 0.003139, -0.02, -0.010388, -0.994167, -0.107356, 0.291425, 0.004278, 0.107317, -0.994217, -0.0, 0.0, 0.0, 0.0, 1.0], [0.999981, -0.006269, -5.9e-05, -0.02, -0.006214, -0.989914, -0.141532, 0.291426, 0.000829, 0.141529, -0.989936, -0.0, 0.0, 0.0, 0.0, 1.0], [0.999984, -0.005676, 0.001446, -0.02, -0.005825, -0.98939, 0.145165, 0.291425, 0.000607, -0.145171, -0.989409, -0.0, 0.0, 0.0, 0.0, 1.0], [0.999986, -0.005434, 0.000379, -0.02, -0.005433, -0.99998, -0.003047, 0.291425, 0.000395, 0.003045, -0.999997, 0.0, 0.0, 0.0, 0.0, 1.0]]}, {"name": "Elbow_R", "time": [0.0, 0.1, 0.2, 0.25, 0.3, 0.35, 0.5, 0.65], "transform": [[-1.0, 0.0, 0.0, -0.0, 1e-06, 0.76453, -0.644582, 0.329779, 1e-06, -0.644589, -0.764535, 0.0, 0.0, 0.0, 0.0, 1.0], [-1.0, -0.0, -0.0, 0.0, 1e-06, -0.46251, -0.886613, 0.329779, 0.0, -0.886615, 0.462512, 0.0, 0.0, 0.0, 0.0, 1.0], [-1.0, -0.0, -0.0, -0.0, 1e-06, -0.433633, -0.901089, 0.329779, 0.0, -0.901091, 0.433634, -0.0, 0.0, 0.0, 0.0, 1.0], [-1.0, 0.0, -1e-06, -0.0, 0.0, 0.778429, -0.627733, 0.329779, 0.0, -0.627733, -0.77843, 0.0, 0.0, 0.0, 0.0, 1.0], [-1.0, -0.0, -0.0, 0.0, 1e-06, -0.291405, -0.9566, 0.329779, 0.0, -0.956599, 0.291405, -0.0, 0.0, 0.0, 0.0, 1.0], [-1.0, 0.0, -0.0, -0.0, 0.0, 0.548105, -0.836412, 0.329779, 0.0, -0.83641, -0.548102, -0.0, 0.0, 0.0, 0.0, 1.0], [-1.0, 0.0, -0.0, 0.0, 1e-06, 0.525156, -0.851009, 0.329779, 0.0, -0.851006, -0.525153, -0.0, 0.0, 0.0, 0.0, 1.0], [-1.0, 0.0, -0.0, 0.0, 0.0, 0.504366, -0.863492, 0.329779, -0.0, -0.86349, -0.504364, 0.0, 0.0, 0.0, 0.0, 1.0]]}, {"name": "Shoulder_L", "time": [0.0, 0.1, 0.2, 0.25, 0.3, 0.35, 0.5, 0.65], "transform": [[-0.056591, -0.904738, -0.422194, 0.0, -0.015155, -0.422044, 0.906449, 0.4, -0.998282, 0.057695, 0.010173, 0.0, 0.0, 0.0, 0.0, 1.0], [0.358761, -0.880738, -0.30918, 0.0, 0.096072, -0.294631, 0.95077, 0.4, -0.928472, -0.370803, -0.021088, -0.0, 0.0, 0.0, 0.0, 1.0], [0.362743, -0.855224, -0.370149, 0.0, 0.097138, -0.360338, 0.92775, 0.4, -0.926813, -0.37249, -0.047636, 0.0, 0.0, 0.0, 0.0, 1.0], [-0.047642, -0.912223, -0.406915, 0.0, -0.012758, -0.406789, 0.913433, 0.4, -0.998783, 0.048709, 0.007742, 0.0, 0.0, 0.0, 0.0, 1.0], [0.083118, -0.92969, -0.358843, -0.0, 0.022258, -0.358267, 0.933354, 0.4, -0.996291, -0.085566, -0.009086, 0.0, 0.0, 0.0, 0.0, 1.0], [0.212194, -0.927065, -0.309071, 0.0, 0.056823, -0.304033, 0.950966, 0.4, -0.975574, -0.219352, -0.011836, -0.0, 0.0, 0.0, 0.0, 1.0], [0.23103, -0.923736, -0.30551, -0.0, 0.061867, -0.299422, 0.952113, 0.4, -0.970978, -0.238867, -0.012027, 0.0, 0.0, 0.0, 0.0, 1.0], [0.249738, -0.920027, -0.301964, -0.0, 0.066876, -0.294712, 0.953243, 0.4, -0.966001, -0.258255, -0.012073, 0.0, 0.0, 0.0, 0.0, 1.0]]}, {"name": "Arm_L", "time": [0.0, 0.1, 0.2, 0.25, 0.3, 0.35, 0.5, 0.65], "transform": [[-0.286387, 0.925743, 0.246948, -0.0, 0.072063, 0.277826, -0.957925, 0.388212, -0.9554, -0.256541, -0.146278, 1e-06, 0.0, 0.0, 0.0, 1.0], [0.32646, 0.723169, 0.608646, -0.0, 0.408187, 0.472924, -0.780849, 0.388212, -0.85253, 0.503358, -0.140798, 1e-06, 0.0, 0.0, 0.0, 1.0], [0.078228, 0.917058, 0.391004, -0.0, 0.396211, 0.331302, -0.856303, 0.388212, -0.914821, 0.221907, -0.337432, 1e-06, 0.0, 0.0, 0.0, 1.0], [0.572176, 0.468279, 0.673298, -0.0, 0.350545, 0.602552, -0.716972, 0.388212, -0.74144, 0.646255, 0.180613, 1e-06, 0.0, 0.0, 0.0, 1.0], [0.585647, 0.556776, 0.589082, -0.0, -0.130512, 0.782044, -0.609405, 0.388212, -0.79999, 0.280014, 0.530668, 1e-06, 0.0, 0.0, 0.0, 1.0], [0.375375, 0.446163, 0.812424, -0.0, 0.021652, 0.872061, -0.488919, 0.388212, -0.92662, 0.201119, 0.31769, 1e-06, 0.0, 0.0, 0.0, 1.0], [0.355056, -0.001581, 0.934844, -0.0, 0.005504, 0.999985, -0.0004, 0.388212, -0.934829, 0.005287, 0.355059, 1e-06, 0.0, 0.0, 0.0, 1.0], [0.312377, -0.145716, 0.938716, -0.0, 0.003984, 0.988358, 0.152096, 0.388212, -0.94995, -0.043771, 0.30932, 1e-06, 0.0, 0.0, 0.0, 1.0]]}, {"name": "Hand_L", "time": [0.0, 0.1, 0.2, 0.25, 0.3, 0.35, 0.5, 0.65], "transform": [[0.999641, 0.026161, 0.005705, 0.0, -0.020695, 0.89007, -0.455353, 0.329779, -0.01699, 0.455072, 0.890293, 0.0, 0.0, 0.0, 0.0, 1.0], [0.999918, -0.000487, 0.012804, 0.0, 0.003999, 0.961225, -0.27574, 0.329779, -0.012174, 0.275769, 0.961147, 0.0, 0.0, 0.0, 0.0, 1.0], [0.998947, 0.001334, -0.045865, -0.0, -0.007579, 0.990646, -0.136249, 0.329779, 0.045255, 0.136453, 0.989612, -0.0, 0.0, 0.0, 0.0, 1.0], [0.997823, 0.065, -0.011168, 0.0, -0.065792, 0.992832, -0.099782, 0.329779, 0.004602, 0.1003, 0.994946, -0.0, 0.0, 0.0, 0.0, 1.0], [0.995197, 0.097869, 0.002261, 0.0, -0.095031, 0.971362, -0.217772, 0.329779, -0.023509, 0.216511, 0.975997, -0.0, 0.0, 0.0, 0.0, 1.0], [0.991309, 0.131056, 0.011456, 0.0, -0.119975, 0.936336, -0.32997, 0.329779, -0.053972, 0.325728, 0.943922, -0.0, 0.0, 0.0, 0.0, 1.0], [0.991113, 0.132082, 0.015764, 0.0, -0.119757, 0.937594, -0.32646, 0.329779, -0.0579, 0.321671, 0.94508, 0.0, 0.0, 0.0, 0.0, 1.0], [0.990903, 0.133078, 0.020031, 0.0, -0.119555, 0.938824, -0.32298, 0.329779, -0.061787, 0.317647, 0.946194, -0.0, 0.0, 0.0, 0.0, 1.0]]}, {"name": "Tool_L", "time": [0.0, 0.1, 0.2, 0.25, 0.3, 0.35, 0.5, 0.65], "transform": [[1.0, 1.2e-05, -1.6e-05, 0.02, 7e-06, -0.965935, -0.258786, 0.291426, -1.8e-05, 0.258786, -0.965935, -0.0, 0.0, 0.0, 0.0, 1.0], [1.0, 2.3e-05, -1.6e-05, 0.02, 1.2e-05, -0.861956, -0.506983, 0.291426, -2.6e-05, 0.506983, -0.861956, -0.0, 0.0, 0.0, 0.0, 1.0], [1.0, 3.7e-05, 0.0, 0.02, 1.6e-05, -0.422827, -0.906211, 0.291426, -3.4e-05, 0.90621, -0.422827, -0.0, 0.0, 0.0, 0.0, 1.0], [1.0, 3.1e-05, -4.5e-05, 0.02, 2.3e-05, -0.984824, -0.173556, 0.291426, -4.9e-05, 0.173556, -0.984824, -0.0, 0.0, 0.0, 0.0, 1.0], [1.0, 4.1e-05, -5.6e-05, 0.02, 2.7e-05, -0.976303, -0.216408, 0.291426, -6.4e-05, 0.216408, -0.976303, 0.0, 0.0, 0.0, 0.0, 1.0], [1.0, 5.1e-05, -6.8e-05, 0.02, 3.1e-05, -0.965956, -0.258707, 0.291426, -7.8e-05, 0.258707, -0.965956, -0.0, 0.0, 0.0, 0.0, 1.0], [1.0, 4.7e-05, -7.2e-05, 0.02, 3.2e-05, -0.979566, -0.201123, 0.291426, -8e-05, 0.201123, -0.979566, -0.0, 0.0, 0.0, 0.0, 1.0], [1.0, 4.4e-05, -7.7e-05, 0.02, 3.3e-05, -0.989742, -0.142863, 0.291426, -8.3e-05, 0.142863, -0.989743, -0.0, 0.0, 0.0, 0.0, 1.0]]}, {"name": "Elbow_L", "time": [0.0, 0.1, 0.2, 0.25, 0.3, 0.35, 0.5, 0.65], "transform": [[-1.0, 0.0, -0.0, 0.0, 0.0, 0.234071, -0.97222, 0.329779, -0.0, -0.972219, -0.234071, 0.0, 0.0, 0.0, 0.0, 1.0], [-1.0, -0.0, -0.0, 0.0, 0.0, 0.139251, -0.990257, 0.329779, 0.0, -0.990257, -0.139251, 0.0, 0.0, 0.0, 0.0, 1.0], [-1.0, 0.0, -0.0, -0.0, 0.0, 0.068457, -0.997654, 0.329779, 0.0, -0.997654, -0.068457, -0.0, 0.0, 0.0, 0.0, 1.0], [-1.0, 0.0, -0.0, 0.0, 1e-06, 0.050213, -0.998738, 0.329779, -0.0, -0.998738, -0.050214, -0.0, 0.0, 0.0, 0.0, 1.0], [-1.0, -0.0, -0.0, 0.0, 0.0, 0.108935, -0.994049, 0.329779, 0.0, -0.994049, -0.108935, -0.0, 0.0, 0.0, 0.0, 1.0], [-1.0, -0.0, -0.0, 0.0, 1e-06, 0.165379, -0.98623, 0.329779, 0.0, -0.98623, -0.165379, -0.0, 0.0, 0.0, 0.0, 1.0], [-1.0, 0.0, -0.0, 0.0, 0.0, 0.163298, -0.986577, 0.329779, 0.0, -0.986577, -0.163298, 0.0, 0.0, 0.0, 0.0, 1.0], [-1.0, -0.0, -0.0, 0.0, 0.0, 0.161237, -0.986916, 0.329779, 0.0, -0.986916, -0.161237, -0.0, 0.0, 0.0, 0.0, 1.0]]}]}