{

    "animation": [
        {
            "name": "Root",
            "time": [0.0, 0.05, 0.1, 0.15, 0.2, 0.4, 0.6],
            "transform": [
                [-0.108617, -0.05022, -0.992814, -5e-06, -0.926088, 0.368134, 0.082696, 0.000946, 0.361336, 0.928415, -0.086493, 0.451954, 0.0, 0.0, 0.0, 1.0],
                [-0.452947, -0.040131, 0.890634, -5e-06, 0.838297, 0.32088, 0.440789, 0.647477, -0.303476, 0.946269, -0.1117, 0.410147, 0.0, 0.0, 0.0, 1.0],
                [0.66036, -0.057935, 0.748711, -5e-06, 0.655914, 0.529966, -0.537506, 0.775848, -0.365651, 0.846038, 0.387969, 0.40248, 0.0, 0.0, 0.0, 1.0],
                [0.998569, -0.009897, 0.052555, -5e-06, 0.050111, 0.516393, -0.854885, 1.039527, -0.018678, 0.856295, 0.51615, 0.464347, 0.0, 0.0, 0.0, 1.0],
                [0.989751, -0.009897, -0.142463, -5e-06, -0.116943, 0.516393, -0.848329, 1.200946, 0.081962, 0.856295, 0.509943, 0.4844, 0.0, 0.0, 0.0, 1.0],
                [0.906095, -0.0077, -0.423005, -5e-06, -0.384061, 0.404395, -0.830037, 1.200946, 0.177452, 0.914552, 0.363463, 0.513548, 0.0, 0.0, 0.0, 1.0],
                [0.960167, -0.019241, -0.278765, -5e-06, -0.269546, 0.199189, -0.942162, 1.200946, 0.073655, 0.979772, 0.186068, 0.607903, 0.0, 0.0, 0.0, 1.0]
            ]
        },
        {
            "name": "Thigh_R",
            "time": [0.0, 0.05, 0.1, 0.15, 0.2, 0.4, 0.6],
            "transform": [
                [0.979172, 0.202984, 0.00417, 0.124994, 0.106718, -0.532052, 0.839958, -0.002831, 0.172717, -0.82202, -0.542633, -1.2e-05, 0.0, 0.0, 0.0, 1.0],
                [0.912224, 0.237832, -0.33359, 0.124994, 0.396131, -0.304278, 0.86631, -0.00283, 0.104532, -0.922416, -0.371782, -1.2e-05, 0.0, 0.0, 0.0, 1.0],
                [0.90795, 0.211724, -0.36166, 0.124994, 0.389691, -0.109088, 0.914461, -0.002831, 0.15416, -0.971221, -0.181553, -1.2e-05, 0.0, 0.0, 0.0, 1.0],
                [0.872624, 0.485326, 0.054611, 0.124994, 0.27132, -0.574714, 0.772064, -0.002831, 0.40609, -0.658906, -0.633189, -1.2e-05, 0.0, 0.0, 0.0, 1.0],
                [0.825418, 0.48838, 0.283137, 0.124994, 0.29355, -0.799738, 0.523684, -0.002831, 0.482192, -0.349144, -0.803484, -1.2e-05, 0.0, 0.0, 0.0, 1.0],
                [0.931786, 0.347516, 0.104897, 0.124994, 0.182791, -0.698847, 0.691519, -0.002831, 0.313621, -0.625175, -0.7147, -1.2e-05, 0.0, 0.0, 0.0, 1.0],
                [0.9676, 0.21598, 0.130774, 0.124994, 0.16371, -0.930988, 0.326279, -0.00283, 0.192219, -0.294298, -0.936184, -1.2e-05, 0.0, 0.0, 0.0, 1.0]
            ]
        },
        {
            "name": "Leg_R",
            "time": [0.0, 0.05, 0.1, 0.15, 0.2, 0.4, 0.6],
            "transform": [
                [0.980681, -0.191926, -0.037729, 0.0, 0.145009, 0.583931, 0.798746, 0.37472, -0.131269, -0.788788, 0.600483, -0.0, 0.0, 0.0, 0.0, 1.0],
                [0.998356, 0.020549, -0.053514, 0.0, 0.057303, -0.332299, 0.941431, 0.37472, 0.001563, -0.942949, -0.332931, 0.0, 0.0, 0.0, 0.0, 1.0],
                [0.996982, -0.018893, -0.075278, -0.0, 0.060088, -0.426009, 0.902719, 0.37472, -0.049124, -0.904519, -0.423589, -0.0, 0.0, 0.0, 0.0, 1.0],
                [0.995278, -0.096689, -0.008137, -0.0, 0.008681, 0.005207, 0.999947, 0.37472, -0.096641, -0.995303, 0.006022, -0.0, 0.0, 0.0, 0.0, 1.0],
                [0.992799, -0.115734, 0.030876, 0.0, 0.041035, 0.570791, 0.820068, 0.37472, -0.112533, -0.812896, 0.571431, -0.0, 0.0, 0.0, 0.0, 1.0],
                [0.992442, 0.048907, -0.11254, 0.0, 0.083214, 0.405782, 0.910172, 0.37472, 0.09018, -0.912659, 0.398646, -0.0, 0.0, 0.0, 0.0, 1.0],
                [0.997581, -0.000459, -0.069508, 0.0, 0.043205, 0.787439, 0.614875, 0.37472, 0.054451, -0.616391, 0.785555, 0.0, 0.0, 0.0, 0.0, 1.0]
            ]
        },
        {
            "name": "Knee_R",
            "time": [0.0, 0.05, 0.1, 0.15, 0.2, 0.4, 0.6],
            "transform": [
                [0.994889, -0.100899, 0.003924, 0.0, 0.048643, 0.444854, -0.894281, 0.37472, 0.088486, 0.889902, 0.447488, -0.0, 0.0, 0.0, 0.0, 1.0],
                [0.999478, -0.003571, -0.032089, 0.0, -0.015623, 0.816266, -0.577464, 0.37472, 0.028255, 0.577665, 0.815786, 0.0, 0.0, 0.0, 0.0, 1.0],
                [0.999018, -0.030154, -0.032464, -0.0, 0.008039, 0.843885, -0.536463, 0.37472, 0.043573, 0.535676, 0.843299, -0.0, 0.0, 0.0, 0.0, 1.0],
                [0.99862, -0.050069, 0.015902, -0.0, 0.046568, 0.703603, -0.709065, 0.37472, 0.024313, 0.708827, 0.704964, -0.0, 0.0, 0.0, 0.0, 1.0],
                [0.998091, -0.054173, 0.029664, 0.0, 0.05132, 0.460185, -0.886339, 0.37472, 0.034364, 0.886169, 0.462086, -0.0, 0.0, 0.0, 0.0, 1.0],
                [0.997942, 0.007735, -0.063657, 0.0, -0.05757, 0.54532, -0.836248, 0.37472, 0.028245, 0.838192, 0.544643, -0.0, 0.0, 0.0, 0.0, 1.0],
                [0.999378, -0.006057, -0.034741, 0.0, -0.03087, 0.325998, -0.944867, 0.37472, 0.017049, 0.945351, 0.325608, 0.0, 0.0, 0.0, 0.0, 1.0]
            ]
        },
        {
            "name": "Thigh_L",
            "time": [0.0, 0.05, 0.1, 0.15, 0.2, 0.4, 0.6],
            "transform": [
                [0.890854, -0.34023, 0.301036, -0.125006, -0.437382, -0.821454, 0.365938, -0.00283, 0.122785, -0.457666, -0.880605, -1.2e-05, 0.0, 0.0, 0.0, 1.0],
                [0.944546, -0.305444, 0.120569, -0.125006, -0.320891, -0.780582, 0.536396, -0.002831, -0.069725, -0.54534, -0.83531, -1.2e-05, 0.0, 0.0, 0.0, 1.0],
                [0.971764, -0.235182, 0.01906, -0.125006, -0.219625, -0.872038, 0.437395, -0.002831, -0.086246, -0.429231, -0.899068, -1.2e-05, 0.0, 0.0, 0.0, 1.0],
                [0.9839, -0.119034, 0.133297, -0.125006, -0.164444, -0.311021, 0.936068, -0.002831, -0.069966, -0.942919, -0.325589, -1.2e-05, 0.0, 0.0, 0.0, 1.0],
                [0.919297, -0.02117, 0.392993, -0.125006, -0.388026, 0.11814, 0.914045, -0.002831, -0.065778, -0.992771, 0.100391, -1.2e-05, 0.0, 0.0, 0.0, 1.0],
                [0.836164, -0.346159, 0.425443, -0.125006, -0.471528, -0.057475, 0.879975, -0.002831, -0.280158, -0.936413, -0.211282, -1.2e-05, 0.0, 0.0, 0.0, 1.0],
                [0.93059, -0.281116, 0.23447, -0.125006, -0.363563, -0.635017, 0.681597, -0.00283, -0.042715, -0.719533, -0.693143, -1.2e-05, 0.0, 0.0, 0.0, 1.0]
            ]
        },
        {
            "name": "Leg_L",
            "time": [0.0, 0.05, 0.1, 0.15, 0.2, 0.4, 0.6],
            "transform": [
                [0.993411, -0.11372, 0.014149, 0.0, -0.040138, -0.22964, 0.972446, 0.37472, -0.107337, -0.966608, -0.232691, 0.0, 0.0, 0.0, 0.0, 1.0],
                [0.996403, 0.025265, 0.080878, -0.0, -0.084717, 0.315147, 0.945254, 0.37472, -0.001607, -0.948704, 0.316155, 0.0, 0.0, 0.0, 0.0, 1.0],
                [0.996779, 0.001455, 0.080163, 0.0, -0.065793, 0.586249, 0.807453, 0.37472, -0.045821, -0.810127, 0.584458, 0.0, 0.0, 0.0, 0.0, 1.0],
                [0.998276, 0.052004, 0.027213, -0.0, -0.023839, -0.064452, 0.997633, 0.37472, 0.053635, -0.996564, -0.063101, -0.0, 0.0, 0.0, 0.0, 1.0],
                [0.999779, -0.020797, 0.003192, 0.0, 0.002568, 0.271189, 0.962523, 0.37472, -0.020883, -0.962302, 0.271182, 0.0, 0.0, 0.0, 0.0, 1.0],
                [0.994163, -0.08146, 0.070744, -0.0, -0.038098, 0.348401, 0.936571, 0.37472, -0.100941, -0.933799, 0.343264, 0.0, 0.0, 0.0, 0.0, 1.0],
                [0.99849, -0.019484, 0.051355, 0.0, -0.021329, 0.724066, 0.6894, 0.37472, -0.050617, -0.689455, 0.722558, 0.0, 0.0, 0.0, 0.0, 1.0]
            ]
        },
        {
            "name": "Knee_L",
            "time": [0.0, 0.05, 0.1, 0.15, 0.2, 0.4, 0.6],
            "transform": [
                [0.997965, -0.053494, 0.034697, 0.0, 0.063481, 0.782639, -0.619229, 0.37472, 0.00597, 0.620172, 0.784443, 0.0, 0.0, 0.0, 0.0, 1.0],
                [0.999007, 0.025715, 0.036386, -0.0, 0.014494, 0.584665, -0.811145, 0.37472, -0.042133, 0.810866, 0.583712, 0.0, 0.0, 0.0, 0.0, 1.0],
                [0.999148, 0.010383, 0.039935, 0.0, 0.030849, 0.454797, -0.89006, 0.37472, -0.027404, 0.890534, 0.45409, 0.0, 0.0, 0.0, 0.0, 1.0],
                [0.999488, 0.031909, 0.002343, -0.0, -0.021664, 0.728853, -0.684328, 0.37472, -0.023544, 0.683926, 0.729171, -0.0, 0.0, 0.0, 0.0, 1.0],
                [0.999938, -0.009862, 0.005087, 0.0, 0.010009, 0.603586, -0.797235, 0.37472, 0.004792, 0.797237, 0.603647, 0.0, 0.0, 0.0, 0.0, 1.0],
                [0.998396, -0.029656, 0.048229, -0.0, 0.056527, 0.570256, -0.81952, 0.37472, -0.003199, 0.820932, 0.571017, 0.0, 0.0, 0.0, 0.0, 1.0],
                [0.999609, -0.004794, 0.027563, 0.0, 0.027372, 0.371447, -0.928051, 0.37472, -0.005789, 0.928442, 0.371432, 0.0, 0.0, 0.0, 0.0, 1.0]
            ]
        },
        {
            "name": "Torso",
            "time": [0.0, 0.0167, 0.05, 0.1, 0.15, 0.2, 0.4, 0.6],
            "transform": [
                [0.988827, -0.147601, -0.020836, -0.0, 0.141077, 0.971796, -0.188971, 0.05, 0.048141, 0.18392, 0.981761, 0.0, 0.0, 0.0, 0.0, 1.0],
                [0.996033, -0.072583, -0.051469, -0.0, 0.060159, 0.975525, -0.211496, 0.05, 0.065561, 0.207561, 0.976022, -0.0, 0.0, 0.0, 0.0, 1.0],
                [0.99217, -0.122889, 0.022274, 0.0, 0.124882, 0.978315, -0.165237, 0.05, -0.001485, 0.166725, 0.986002, -0.0, 0.0, 0.0, 0.0, 1.0],
                [0.990932, 0.000904, 0.134361, 0.0, 0.039973, 0.952718, -0.301216, 0.05, -0.12828, 0.303855, 0.944042, -0.0, 0.0, 0.0, 0.0, 1.0],
                [0.999061, -0.033653, 0.02728, -0.0, 0.037674, 0.985798, -0.163652, 0.05, -0.021385, 0.164526, 0.98614, 0.0, 0.0, 0.0, 0.0, 1.0],
                [0.973276, -0.006882, -0.229536, -0.0, -0.072497, 0.939225, -0.33556, 0.05, 0.217895, 0.343234, 0.913625, 0.0, 0.0, 0.0, 0.0, 1.0],
                [0.999366, 0.022822, -0.027351, 0.0, -0.027392, 0.983205, -0.180439, 0.05, 0.022773, 0.181074, 0.983206, -0.0, 0.0, 0.0, 0.0, 1.0],
                [0.997203, 0.009309, -0.074157, 0.0, -0.015635, 0.996242, -0.085186, 0.05, 0.073086, 0.086108, 0.993602, 0.0, 0.0, 0.0, 0.0, 1.0]
            ]
        },
        {
            "name": "Chest",
            "time": [0.0, 0.05, 0.1, 0.15, 0.2, 0.4, 0.6],
            "transform": [
                [0.766373, 0.18854, -0.614106, 0.0, 0.108685, 0.904125, 0.413214, 0.3, 0.633136, -0.383421, 0.672405, 0.0, 0.0, 0.0, 0.0, 1.0],
                [0.975651, -0.193706, 0.102873, -0.0, 0.090592, 0.783067, 0.615305, 0.3, -0.199745, -0.591004, 0.781547, -0.0, 0.0, 0.0, 0.0, 1.0],
                [0.925773, 0.070245, -0.371496, 0.0, 0.151459, 0.831394, 0.534644, 0.3, 0.346415, -0.551226, 0.759043, -0.0, 0.0, 0.0, 0.0, 1.0],
                [0.890628, 0.154121, -0.427817, 0.0, 0.128211, 0.817535, 0.561426, 0.3, 0.436282, -0.554873, 0.70836, 0.0, 0.0, 0.0, 0.0, 1.0],
                [0.532794, 0.198458, -0.822645, 0.0, 0.341186, 0.839226, 0.42343, 0.3, 0.774418, -0.506276, 0.379423, -0.0, 0.0, 0.0, 0.0, 1.0],
                [0.578209, 0.239024, -0.780092, -0.0, 0.109859, 0.924609, 0.364734, 0.3, 0.808459, -0.296592, 0.508358, -0.0, 0.0, 0.0, 0.0, 1.0],
                [0.890062, 0.083389, -0.448148, 0.0, 0.008837, 0.979784, 0.199864, 0.3, 0.455755, -0.181851, 0.871331, -0.0, 0.0, 0.0, 0.0, 1.0]
            ]
        },
        {
            "name": "Head",
            "time": [0.0, 0.0167, 0.0333, 0.05, 0.1, 0.15, 0.2, 0.4, 0.6],
            "transform": [
                [-0.520475, 0.212916, 0.826905, 0.0, -0.080832, 0.951777, -0.295947, 0.400001, -0.850043, -0.220874, -0.478167, -0.0, 0.0, 0.0, 0.0, 1.0],
                [-0.539977, -0.089816, 0.836873, 0.0, -0.148233, 0.988896, 0.010487, 0.4, -0.828525, -0.11839, -0.547296, -0.0, 0.0, 0.0, 0.0, 1.0],
                [0.208866, 0.119517, -0.970614, -0.0, 0.017378, 0.991893, 0.125877, 0.4, 0.977791, -0.043159, 0.205096, -0.0, 0.0, 0.0, 0.0, 1.0],
                [-0.162035, 0.200078, -0.966289, -0.0, -0.218253, 0.94771, 0.23283, 0.4, 0.962347, 0.248622, -0.109895, -0.0, 0.0, 0.0, 0.0, 1.0],
                [0.891056, -0.066163, -0.449046, -0.0, -0.15703, 0.88329, -0.441746, 0.4, 0.425865, 0.464134, 0.776672, 0.0, 0.0, 0.0, 0.0, 1.0],
                [0.909003, 0.226344, 0.349973, 0.0, 0.042677, 0.784728, -0.618369, 0.400001, -0.414598, 0.577035, 0.703662, -0.0, 0.0, 0.0, 0.0, 1.0],
                [0.329925, 0.274349, 0.903263, 0.0, 0.214262, 0.910103, -0.354689, 0.4, -0.91937, 0.310555, 0.241483, -0.0, 0.0, 0.0, 0.0, 1.0],
                [0.267484, 0.166841, 0.949008, 0.0, 0.217631, 0.948985, -0.228177, 0.4, -0.938663, 0.267568, 0.217529, 0.0, 0.0, 0.0, 0.0, 1.0],
                [0.676109, 0.052494, 0.73493, -0.0, 0.107647, 0.979719, -0.169009, 0.400001, -0.728896, 0.193381, 0.656745, -0.0, 0.0, 0.0, 0.0, 1.0]
            ]
        },
        {
            "name": "Shoulder_R",
            "time": [0.0, 0.0167, 0.05, 0.1, 0.15, 0.2, 0.4, 0.6],
            "transform": [
                [0.482982, 0.807007, 0.339806, 0.0, -0.129339, -0.318063, 0.939205, 0.400001, 0.866025, -0.497569, -0.049241, -0.0, 0.0, 0.0, 0.0, 1.0],
                [0.274843, 0.922633, 0.270572, 0.0, -0.073602, -0.260395, 0.962692, 0.4, 0.958668, -0.284504, -0.00366, -0.0, 0.0, 0.0, 0.0, 1.0],
                [-0.196582, 0.91942, 0.34062, -0.0, 0.05264, -0.337001, 0.940032, 0.4, 0.979073, 0.202723, 0.017851, -0.0, 0.0, 0.0, 0.0, 1.0],
                [-0.250011, 0.95628, 0.151731, -0.0, 0.066947, -0.139259, 0.987991, 0.4, 0.965926, 0.257166, -0.029204, 0.0, 0.0, 0.0, 0.0, 1.0],
                [0.07843, 0.925665, 0.370127, 0.0, -0.021006, -0.369654, 0.928932, 0.400001, 0.996698, -0.080631, -0.009548, -0.0, 0.0, 0.0, 0.0, 1.0],
                [0.138585, 0.900529, 0.412119, 0.0, -0.037114, -0.411119, 0.910826, 0.4, 0.989655, -0.141522, -0.023552, -0.0, 0.0, 0.0, 0.0, 1.0],
                [0.138585, 0.900529, 0.412119, 0.0, -0.037114, -0.41112, 0.910826, 0.4, 0.989655, -0.141522, -0.023552, 0.0, 0.0, 0.0, 0.0, 1.0],
                [0.069667, 0.930652, 0.359211, -0.0, -0.018659, -0.358807, 0.933225, 0.400001, 0.997396, -0.071717, -0.007632, -0.0, 0.0, 0.0, 0.0, 1.0]
            ]
        },
        {
            "name": "Arm_R",
            "time": [0.0, 0.0167, 0.05, 0.1, 0.15, 0.2, 0.4, 0.6],
            "transform": [
                [-0.100448, -0.186441, -0.977317, -0.0, 0.248713, 0.946393, -0.206105, 0.388213, 0.963353, -0.263774, -0.048693, 0.0, 0.0, 0.0, 0.0, 1.0],
                [-0.059503, -0.929261, -0.364596, 0.0, -0.31214, 0.364248, -0.877434, 0.388213, 0.948169, 0.061595, -0.311734, 1e-06, 0.0, 0.0, 0.0, 1.0],
                [0.410724, -0.906494, 0.097842, 0.0, -0.261968, -0.220114, -0.939638, 0.388213, 0.873313, 0.3603, -0.327879, 1e-06, 0.0, 0.0, 0.0, 1.0],
                [0.698731, 0.089611, -0.709748, -0.0, -0.148537, 0.988674, -0.021403, 0.388213, 0.699792, 0.120379, 0.704129, 0.0, 0.0, 0.0, 0.0, 1.0],
                [0.78806, 0.143318, -0.598682, -0.0, -0.153556, 0.987544, 0.034278, 0.388213, 0.596138, 0.064918, 0.800252, 0.0, 0.0, 0.0, 0.0, 1.0],
                [0.372973, -0.396788, -0.838718, -0.0, 0.013108, 0.906108, -0.42284, 0.388213, 0.927748, 0.146715, 0.343155, 0.0, 0.0, 0.0, 0.0, 1.0],
                [0.280668, 0.197556, -0.939253, -0.0, -0.134402, 0.977035, 0.165341, 0.388213, 0.950348, 0.079832, 0.300774, 0.0, 0.0, 0.0, 0.0, 1.0],
                [0.180657, 0.005117, -0.983533, -1e-05, 0.493147, 0.864734, 0.095081, 0.388358, 0.850982, -0.502203, 0.153697, -0.000455, 0.0, 0.0, 0.0, 1.0]
            ]
        },
        {
            "name": "Hand_R",
            "time": [0.0, 0.05, 0.1, 0.15, 0.2, 0.4, 0.6],
            "transform": [
                [0.985813, -0.157991, 0.056673, -0.0, 0.1594, 0.775437, -0.610974, 0.329779, 0.052582, 0.611339, 0.789621, 0.0, 0.0, 0.0, 0.0, 1.0],
                [0.999449, -0.006182, 0.032613, 0.0, 0.014698, 0.963355, -0.26783, 0.329779, -0.029762, 0.268162, 0.962914, -0.0, 0.0, 0.0, 0.0, 1.0],
                [0.999441, -0.009853, 0.031964, 0.0, 0.01494, 0.98651, -0.163025, 0.329779, -0.029927, 0.163412, 0.986104, -0.0, 0.0, 0.0, 0.0, 1.0],
                [0.99947, -0.010488, 0.030814, 0.0, 0.013891, 0.993569, -0.112377, 0.329779, -0.029437, 0.112745, 0.993187, -0.0, 0.0, 0.0, 0.0, 1.0],
                [0.99947, -0.006386, 0.031918, 0.0, 0.013891, 0.970473, -0.240813, 0.329779, -0.029438, 0.241129, 0.970046, 0.0, 0.0, 0.0, 0.0, 1.0],
                [0.999709, -0.005883, 0.023389, -0.0, 0.011465, 0.969127, -0.246294, 0.329779, -0.021218, 0.246491, 0.968913, 0.0, 0.0, 0.0, 0.0, 1.0],
                [0.999908, 0.007797, 0.011092, -0.0, -0.005769, 0.985016, -0.172366, 0.329779, -0.01227, 0.172287, 0.98497, -0.0, 0.0, 0.0, 0.0, 1.0]
            ]
        },
        {
            "name": "Tool_R",
            "time": [0.0, 0.05, 0.1, 0.15, 0.2, 0.4, 0.6],
            "transform": [
                [0.999749, 0.02234, -0.001939, -0.02, 0.015206, -0.73895, -0.673589, 0.291425, -0.01648, 0.67339, -0.739105, -0.0, 0.0, 0.0, 0.0, 1.0],
                [0.999997, -0.002531, 0.000318, -0.02, -0.002368, -0.967579, -0.252556, 0.291425, 0.000947, 0.252554, -0.967583, -0.0, 0.0, 0.0, 0.0, 1.0],
                [0.999997, -0.002601, 0.000597, -0.02, -0.002231, -0.937506, -0.347961, 0.291425, 0.001464, 0.347958, -0.937509, 0.0, 0.0, 0.0, 0.0, 1.0],
                [0.999997, -0.002199, 0.000624, -0.02, -0.001819, -0.931011, -0.364987, 0.291425, 0.001383, 0.364984, -0.931013, -0.0, 0.0, 0.0, 0.0, 1.0],
                [0.999998, -0.00222, 0.000542, -0.02, -0.001899, -0.939181, -0.343417, 0.291425, 0.001272, 0.343415, -0.939183, -0.0, 0.0, 0.0, 0.0, 1.0],
                [0.99991, 0.013228, 0.002267, -0.02, 0.013407, -0.992092, -0.124795, 0.291425, 0.000598, 0.124814, -0.99218, -0.0, 0.0, 0.0, 0.0, 1.0],
                [0.999978, 0.006598, 0.001078, -0.02, 0.006676, -0.993975, -0.109397, 0.291425, 0.00035, 0.109402, -0.993998, 0.0, 0.0, 0.0, 0.0, 1.0]
            ]
        },
        {
            "name": "Elbow_R",
            "time": [0.0, 0.05, 0.1, 0.15, 0.2, 0.4, 0.6],
            "transform": [
                [-1.0, -0.0, -0.0, -0.0, 0.0, 0.323486, -0.946233, 0.329779, 0.0, -0.946233, -0.323486, 0.0, 0.0, 0.0, 0.0, 1.0],
                [-1.0, -0.0, -0.0, 0.0, 0.0, 0.149223, -0.988804, 0.329779, 0.0, -0.988804, -0.149222, -0.0, 0.0, 0.0, 0.0, 1.0],
                [-1.0, 0.0, -1e-06, 0.0, 0.0, 0.095941, -0.995387, 0.329779, 0.0, -0.995387, -0.095941, -0.0, 0.0, 0.0, 0.0, 1.0],
                [-1.0, 0.0, -0.0, 0.0, 0.0, 0.070437, -0.997516, 0.329779, 0.0, -0.997516, -0.070437, -0.0, 0.0, 0.0, 0.0, 1.0],
                [-1.0, -0.0, -1e-06, 0.0, 1e-06, 0.135379, -0.990794, 0.329779, -0.0, -0.990795, -0.135379, 0.0, 0.0, 0.0, 0.0, 1.0],
                [-1.0, 0.0, -0.0, -0.0, 0.0, 0.136939, -0.99058, 0.329779, -0.0, -0.99058, -0.136939, 0.0, 0.0, 0.0, 0.0, 1.0],
                [-1.0, -0.0, -0.0, -0.0, 0.0, 0.092855, -0.99568, 0.329779, 0.0, -0.99568, -0.092855, -0.0, 0.0, 0.0, 0.0, 1.0]
            ]
        },
        {
            "name": "Shoulder_L",
            "time": [0.0, 0.05, 0.1, 0.15, 0.2, 0.4, 0.6],
            "transform": [
                [-0.25001, -0.873957, -0.416766, 0.0, -0.06695, -0.413801, 0.907902, 0.400001, -0.965926, 0.254887, 0.044943, -0.0, 0.0, 0.0, 0.0, 1.0],
                [-0.25001, -0.912367, -0.324162, -0.0, -0.06695, -0.317703, 0.945823, 0.4, -0.965926, 0.258168, 0.018346, -0.0, 0.0, 0.0, 0.0, 1.0],
                [-0.25001, -0.912367, -0.324162, -0.0, -0.06695, -0.317703, 0.945823, 0.4, -0.965926, 0.258168, 0.018346, 0.0, 0.0, 0.0, 0.0, 1.0],
                [-0.25001, -0.912367, -0.324162, 0.0, -0.06695, -0.317704, 0.945823, 0.400001, -0.965926, 0.258168, 0.018346, -0.0, 0.0, 0.0, 0.0, 1.0],
                [-0.25001, -0.912367, -0.324162, 0.0, -0.06695, -0.317703, 0.945823, 0.4, -0.965926, 0.258167, 0.018346, -0.0, 0.0, 0.0, 0.0, 1.0],
                [-0.173507, -0.916791, -0.359706, 0.0, -0.046463, -0.357219, 0.932864, 0.4, -0.983736, 0.178572, 0.019383, 0.0, 0.0, 0.0, 0.0, 1.0],
                [-0.087197, -0.938935, -0.332864, -0.0, -0.023351, -0.332119, 0.942949, 0.400001, -0.995917, 0.089995, 0.007035, -0.0, 0.0, 0.0, 0.0, 1.0]
            ]
        },
        {
            "name": "Arm_L",
            "time": [0.0, 0.05, 0.1, 0.15, 0.2, 0.4, 0.6],
            "transform": [
                [-0.028406, 0.072138, 0.99699, 0.0, -0.513572, 0.854632, -0.07647, 0.388212, -0.857576, -0.514198, 0.012772, 0.0, 0.0, 0.0, 0.0, 1.0],
                [-0.023816, -0.462496, 0.886302, -0.0, -0.569851, 0.734704, 0.368076, 0.388212, -0.821403, -0.496294, -0.281052, 1e-06, 0.0, 0.0, 0.0, 1.0],
                [-0.023816, -0.462496, 0.886302, -0.0, -0.569851, 0.734704, 0.368075, 0.388212, -0.821403, -0.496294, -0.281052, 1e-06, 0.0, 0.0, 0.0, 1.0],
                [-0.023816, -0.462496, 0.886302, -0.0, -0.569851, 0.734704, 0.368075, 0.388212, -0.821403, -0.496294, -0.281052, 1e-06, 0.0, 0.0, 0.0, 1.0],
                [0.068535, -0.365742, 0.92819, -0.0, -0.321148, 0.872767, 0.367616, 0.388212, -0.944546, -0.323281, -0.057642, 1e-06, 0.0, 0.0, 0.0, 1.0],
                [0.095756, -0.440156, 0.892801, -0.0, -0.468175, 0.771608, 0.430621, 0.388212, -0.878433, -0.459221, -0.132184, 1e-06, 0.0, 0.0, 0.0, 1.0],
                [0.084167, -0.230491, 0.969428, 1e-05, -0.740503, 0.636522, 0.215631, 0.388358, -0.666763, -0.736012, -0.117106, -0.000454, 0.0, 0.0, 0.0, 1.0]
            ]
        },
        {
            "name": "Hand_L",
            "time": [0.0, 0.05, 0.1, 0.15, 0.2, 0.4, 0.6],
            "transform": [
                [0.929761, 0.231137, -0.286568, -0.0, -0.366267, 0.501781, -0.783622, 0.329779, -0.03733, 0.833542, 0.551194, 0.0, 0.0, 0.0, 0.0, 1.0],
                [0.853794, 0.238547, -0.462743, -0.0, -0.520468, 0.370256, -0.769431, 0.329779, -0.012212, 0.897778, 0.440278, -0.0, 0.0, 0.0, 0.0, 1.0],
                [0.831099, 0.217083, -0.512005, 0.0, -0.555343, 0.372748, -0.743406, 0.329779, 0.029468, 0.902183, 0.430346, -0.0, 0.0, 0.0, 0.0, 1.0],
                [0.876003, 0.308485, -0.370751, -0.0, -0.472811, 0.397481, -0.786421, 0.329779, -0.095233, 0.864202, 0.494049, -0.0, 0.0, 0.0, 0.0, 1.0],
                [0.537383, 0.05513, -0.841534, -0.0, -0.833818, 0.184244, -0.520386, 0.329779, 0.126359, 0.981333, 0.144978, -0.0, 0.0, 0.0, 0.0, 1.0],
                [0.710175, -0.056479, -0.701756, -0.0, -0.624438, 0.409837, -0.664914, 0.329779, 0.325159, 0.910409, 0.255788, -0.0, 0.0, 0.0, 0.0, 1.0],
                [0.919103, 0.075939, -0.386629, 0.0, -0.287129, 0.801054, -0.525233, 0.329779, 0.269825, 0.593756, 0.758055, 0.0, 0.0, 0.0, 0.0, 1.0]
            ]
        },
        {
            "name": "Tool_L",
            "time": [0.0, 0.05, 0.1, 0.15, 0.2, 0.4, 0.6],
            "transform": [
                [1.0, 0.0, 0.0, 0.02, 0.0, -1.0, 0.0, 0.291426, 0.0, -0.0, -1.0, -0.0, 0.0, 0.0, 0.0, 1.0],
                [1.0, -0.0, 0.0, 0.02, -0.0, -1.0, -0.0, 0.291426, 0.0, -0.0, -1.0, -0.0, 0.0, 0.0, 0.0, 1.0],
                [1.0, 0.0, 0.0, 0.02, 0.0, -1.0, -0.0, 0.291426, 0.0, -0.0, -1.0, -0.0, 0.0, 0.0, 0.0, 1.0],
                [1.0, 0.0, 0.0, 0.02, 0.0, -1.0, -0.0, 0.291426, 0.0, -0.0, -1.0, -0.0, 0.0, 0.0, 0.0, 1.0],
                [1.0, 0.0, 0.0, 0.02, 0.0, -1.0, -0.0, 0.291426, 0.0, 0.0, -1.0, -0.0, 0.0, 0.0, 0.0, 1.0],
                [1.0, -0.0, 0.0, 0.02, 0.0, -1.0, 0.0, 0.291426, 0.0, -0.0, -1.0, 0.0, 0.0, 0.0, 0.0, 1.0],
                [1.0, 0.0, 0.0, 0.02, 0.0, -1.0, -0.0, 0.291426, 0.0, -0.0, -1.0, -0.0, 0.0, 0.0, 0.0, 1.0]
            ]
        },
        {
            "name": "Elbow_L",
            "time": [0.0, 0.05, 0.1, 0.15, 0.2, 0.4, 0.6],
            "transform": [
                [-1.0, 0.0, -0.0, -0.0, 0.0, 0.473509, -0.880789, 0.329779, -0.0, -0.88079, -0.473509, 0.0, 0.0, 0.0, 0.0, 1.0],
                [-1.0, 0.0, -0.0, -0.0, 0.0, 0.529003, -0.84862, 0.329779, 0.0, -0.848619, -0.529003, -0.0, 0.0, 0.0, 0.0, 1.0],
                [-1.0, 0.0, -0.0, 0.0, 0.0, 0.533605, -0.845734, 0.329779, 0.0, -0.845734, -0.533604, -0.0, 0.0, 0.0, 0.0, 1.0],
                [-1.0, 0.0, -0.0, -0.0, 1e-06, 0.501844, -0.864958, 0.329779, 0.0, -0.864958, -0.501844, -0.0, 0.0, 0.0, 0.0, 1.0],
                [-1.0, 0.0, -0.0, -0.0, 1e-06, 0.653395, -0.757018, 0.329779, 0.0, -0.757017, -0.653395, -0.0, 0.0, 0.0, 0.0, 1.0],
                [-1.0, 0.0, -1e-06, -0.0, 0.0, 0.603951, -0.797022, 0.329779, 0.0, -0.797022, -0.603951, -0.0, 0.0, 0.0, 0.0, 1.0],
                [-1.0, 0.0, -0.0, 0.0, 1e-06, 0.326148, -0.945319, 0.329779, 0.0, -0.945319, -0.326148, 0.0, 0.0, 0.0, 0.0, 1.0]
            ]
        }
    ]
}