{

    "animation": [
        {
            "name": "Root",
            "time": [0.0, 0.1, 0.15, 0.2, 0.25, 0.3, 0.3667, 0.6],
            "transform": [
                [0.73375, 0.0, 0.679419, -5e-06, 0.656269, 0.258819, -0.708748, 0.000946, -0.175847, 0.965926, 0.189909, 0.535798, 0.0, 0.0, 0.0, 1.0],
                [0.612249, 0.0, 0.790665, -5e-06, 0.778653, 0.173648, -0.602947, 0.540295, -0.137298, 0.984808, 0.106316, 0.518277, 0.0, 0.0, 0.0, 1.0],
                [0.889035, 0.0, 0.457839, -5e-06, 0.442238, 0.258819, -0.858742, 0.840295, -0.118497, 0.965926, 0.230099, 0.544986, 0.0, 0.0, 0.0, 1.0],
                [0.989322, 0.078014, 0.123106, -5e-06, 0.099235, 0.258057, -0.96102, 1.218477, -0.106741, 0.962975, 0.24756, 0.504478, 0.0, 0.0, 0.0, 1.0],
                [0.986209, 0.054646, -0.156223, -5e-06, -0.164907, 0.244291, -0.955577, 1.550946, -0.014055, 0.968161, 0.249934, 0.549055, 0.0, 0.0, 0.0, 1.0],
                [0.766738, 0.032053, -0.641159, -5e-06, -0.627908, 0.245273, -0.738629, 2.059786, 0.133584, 0.968924, 0.208187, 0.48029, 0.0, 0.0, 0.0, 1.0],
                [0.634856, 0.0, -0.772631, -5e-06, -0.746304, 0.258819, -0.613223, 2.150947, 0.199972, 0.965926, 0.164313, 0.511563, 0.0, 0.0, 0.0, 1.0],
                [0.413298, 0.0, -0.910596, -5e-06, -0.896762, 0.173648, -0.407019, 2.150947, 0.158123, 0.984808, 0.071769, 0.511563, 0.0, 0.0, 0.0, 1.0]
            ]
        },
        {
            "name": "Thigh_R",
            "time": [0.0, 0.1, 0.15, 0.2, 0.25, 0.3, 0.3667, 0.6],
            "transform": [
                [0.994584, 0.103144, -0.012832, 0.124994, 0.085589, -0.742679, 0.664155, -0.002831, 0.058974, -0.661655, -0.747485, -1.2e-05, 0.0, 0.0, 0.0, 1.0],
                [0.980743, -0.128714, 0.146889, 0.124994, -0.195085, -0.610009, 0.768005, -0.00283, -0.00925, -0.781871, -0.623372, -1.2e-05, 0.0, 0.0, 0.0, 1.0],
                [0.999654, 0.003163, -0.026133, 0.124994, 0.025921, -0.291195, 0.956313, -0.002831, -0.004585, -0.956659, -0.291176, -1.2e-05, 0.0, 0.0, 0.0, 1.0],
                [0.993795, 0.005541, -0.111089, 0.124994, 0.108475, -0.269084, 0.956989, -0.002831, -0.024589, -0.963101, -0.268016, -1.2e-05, 0.0, 0.0, 0.0, 1.0],
                [0.991841, -0.021372, -0.125674, 0.124994, 0.07817, -0.676789, 0.732001, -0.00283, -0.100703, -0.735852, -0.669596, -1.2e-05, 0.0, 0.0, 0.0, 1.0],
                [0.882164, 0.451891, -0.1326, 0.124994, 0.468863, -0.816295, 0.33739, -0.00283, 0.044223, -0.359804, -0.93198, -1.2e-05, 0.0, 0.0, 0.0, 1.0],
                [0.874244, 0.476421, -0.093397, 0.124994, 0.465258, -0.767207, 0.441509, -0.00283, 0.138689, -0.42944, -0.892384, -1.2e-05, 0.0, 0.0, 0.0, 1.0],
                [0.874381, 0.393588, -0.283808, 0.124994, 0.484838, -0.684808, 0.544033, -0.002831, 0.019771, -0.613293, -0.789608, -1.2e-05, 0.0, 0.0, 0.0, 1.0]
            ]
        },
        {
            "name": "Leg_R",
            "time": [0.0, 0.1, 0.15, 0.2, 0.25, 0.3, 0.3667, 0.6],
            "transform": [
                [0.999962, 0.004034, -0.007756, 0.0, 0.008723, -0.40094, 0.916063, 0.37472, 0.000586, -0.916095, -0.40096, 0.0, 0.0, 0.0, 0.0, 1.0],
                [0.998405, 0.053374, -0.018409, 0.0, 0.030966, -0.245026, 0.969021, 0.37472, 0.04721, -0.968046, -0.246287, -0.0, 0.0, 0.0, 0.0, 1.0],
                [0.984771, 0.152629, -0.083253, 0.0, 0.008591, 0.435555, 0.900121, 0.37472, 0.173646, -0.887128, 0.42761, -0.0, 0.0, 0.0, 0.0, 1.0],
                [0.999345, -0.01198, -0.034161, 0.0, 0.034746, 0.052599, 0.998011, 0.37472, -0.01016, -0.998542, 0.052981, 0.0, 0.0, 0.0, 0.0, 1.0],
                [0.999483, 0.024686, -0.02065, -0.0, 0.016641, 0.15279, 0.988119, 0.37472, 0.027548, -0.98795, 0.1523, -0.0, 0.0, 0.0, 0.0, 1.0],
                [0.99693, 0.042773, -0.065603, 0.0, 0.027351, 0.594779, 0.803423, 0.37472, 0.073385, -0.802749, 0.591783, 0.0, 0.0, 0.0, 0.0, 1.0],
                [0.999688, -0.017845, -0.017599, 0.0, 0.025048, 0.735608, 0.676944, 0.37472, 0.000866, -0.677173, 0.735823, 0.0, 0.0, 0.0, 0.0, 1.0],
                [0.997433, -0.06698, -0.025403, 0.0, 0.062929, 0.649836, 0.757465, 0.37472, -0.034227, -0.757118, 0.652381, -0.0, 0.0, 0.0, 0.0, 1.0]
            ]
        },
        {
            "name": "Knee_R",
            "time": [0.0, 0.6],
            "transform": [
                [0.999988, -7.5e-05, -0.004972, 0.0, -0.002658, 0.836945, -0.547282, 0.37472, 0.004202, 0.547288, 0.836933, 0.0, 0.0, 0.0, 0.0, 1.0],
                [0.999327, -0.036286, -0.005388, 0.0, 0.010235, 0.416853, -0.908916, 0.37472, 0.035227, 0.908249, 0.416944, -0.0, 0.0, 0.0, 0.0, 1.0]
            ]
        },
        {
            "name": "Thigh_L",
            "time": [0.0, 0.1, 0.15, 0.2, 0.25, 0.3, 0.3667, 0.6],
            "transform": [
                [0.993982, -0.014636, -0.108556, -0.125006, 0.090853, -0.443464, 0.891674, -0.002831, -0.061191, -0.896171, -0.439465, -1.2e-05, 0.0, 0.0, 0.0, 1.0],
                [0.88933, -0.424407, 0.17005, -0.125006, -0.454287, -0.778035, 0.433864, -0.00283, -0.051799, -0.463099, -0.884759, -1.2e-05, 0.0, 0.0, 0.0, 1.0],
                [0.802467, -0.539815, -0.254261, -0.125006, -0.478727, -0.836799, 0.265688, -0.00283, -0.356188, -0.091484, -0.929927, -1.2e-05, 0.0, 0.0, 0.0, 1.0],
                [0.966896, -0.225294, -0.119812, -0.125006, -0.115823, -0.805871, 0.580653, -0.00283, -0.22737, -0.547554, -0.805288, -1.2e-05, 0.0, 0.0, 0.0, 1.0],
                [0.982699, -0.129783, -0.132134, -0.125006, -0.025912, -0.802746, 0.595758, -0.00283, -0.183389, -0.582027, -0.792221, -1.2e-05, 0.0, 0.0, 0.0, 1.0],
                [0.82945, -0.469582, 0.302501, -0.125006, -0.44556, -0.22959, 0.865313, -0.00283, -0.336884, -0.852515, -0.39966, -1.2e-05, 0.0, 0.0, 0.0, 1.0],
                [0.774864, -0.561952, 0.289477, -0.125006, -0.563381, -0.406238, 0.719426, -0.00283, -0.286686, -0.720543, -0.631372, -1.2e-05, 0.0, 0.0, 0.0, 1.0],
                [0.807158, -0.558466, 0.191344, -0.125006, -0.551524, -0.597793, 0.581779, -0.002831, -0.21052, -0.575118, -0.79052, -1.2e-05, 0.0, 0.0, 0.0, 1.0]
            ]
        },
        {
            "name": "Leg_L",
            "time": [0.0, 0.1, 0.15, 0.2, 0.25, 0.3, 0.3667, 0.6],
            "transform": [
                [0.998833, 0.019005, 0.044397, -0.0, -0.047955, 0.281582, 0.958339, 0.37472, 0.005712, -0.959348, 0.282165, 0.0, 0.0, 0.0, 0.0, 1.0],
                [0.99978, -0.002578, 0.020802, 0.0, -0.015839, 0.557097, 0.830297, 0.37472, -0.013729, -0.830444, 0.556934, -0.0, 0.0, 0.0, 0.0, 1.0],
                [0.989214, -0.092216, 0.113806, 0.0, -0.042789, 0.561136, 0.826616, 0.37472, -0.140088, -0.822569, 0.551139, -0.0, 0.0, 0.0, 0.0, 1.0],
                [0.99537, -0.07574, 0.059166, 0.0, -0.055442, 0.050362, 0.99719, 0.37472, -0.078507, -0.995854, 0.04593, 0.0, 0.0, 0.0, 0.0, 1.0],
                [0.999111, -0.041327, -0.008225, -0.0, 0.008718, 0.011758, 0.999893, 0.37472, -0.041225, -0.999077, 0.012108, 0.0, 0.0, 0.0, 0.0, 1.0],
                [0.984449, -0.160809, 0.070694, -0.0, -0.026516, 0.261795, 0.964758, 0.37472, -0.173649, -0.951632, 0.253459, 0.0, 0.0, 0.0, 0.0, 1.0],
                [0.994243, -0.101795, 0.033438, -0.0, -0.004793, 0.269511, 0.962985, 0.37472, -0.10704, -0.957601, 0.267472, 0.0, 0.0, 0.0, 0.0, 1.0],
                [0.98799, -0.138815, 0.067838, 0.0, -0.039425, 0.198031, 0.979402, 0.37472, -0.14939, -0.970315, 0.19018, -0.0, 0.0, 0.0, 0.0, 1.0]
            ]
        },
        {
            "name": "Knee_L",
            "time": [0.0, 0.6],
            "transform": [
                [0.999676, 0.016896, 0.019039, -0.0, 0.005123, 0.599117, -0.800645, 0.37472, -0.024934, 0.800483, 0.598837, 0.0, 0.0, 0.0, 0.0, 1.0],
                [0.996609, -0.057402, 0.058945, 0.0, 0.081972, 0.63113, -0.771333, 0.37472, 0.007074, 0.77355, 0.633696, -0.0, 0.0, 0.0, 0.0, 1.0]
            ]
        },
        {
            "name": "Torso",
            "time": [0.0, 0.1, 0.15, 0.2, 0.25, 0.3, 0.3667, 0.6],
            "transform": [
                [0.996564, 0.078055, 0.027702, 0.0, -0.081282, 0.985937, 0.146021, 0.05, -0.015915, -0.147771, 0.988894, -0.0, 0.0, 0.0, 0.0, 1.0],
                [0.976568, 0.189675, 0.101684, 0.0, -0.202935, 0.968888, 0.141678, 0.05, -0.071648, -0.158994, 0.984676, -0.0, 0.0, 0.0, 0.0, 1.0],
                [0.938306, 0.182775, 0.293556, 0.0, -0.23773, 0.957429, 0.16375, 0.05, -0.25113, -0.223435, 0.941812, -0.0, 0.0, 0.0, 0.0, 1.0],
                [0.991979, -0.014838, 0.125527, -0.0, -0.030169, 0.936592, 0.349121, 0.05, -0.122748, -0.350108, 0.928632, -0.0, 0.0, 0.0, 0.0, 1.0],
                [0.991629, -0.127019, 0.023198, -0.0, 0.098762, 0.861874, 0.497414, 0.05, -0.083175, -0.490959, 0.867203, 0.0, 0.0, 0.0, 0.0, 1.0],
                [0.95081, -0.281486, -0.12933, -0.0, 0.299832, 0.941177, 0.155844, 0.05, 0.077854, -0.186955, 0.979279, 0.0, 0.0, 0.0, 0.0, 1.0],
                [0.970128, -0.204125, -0.131093, 0.0, 0.200423, 0.978852, -0.040979, 0.05, 0.136685, 0.013481, 0.990523, 0.0, 0.0, 0.0, 0.0, 1.0],
                [0.979302, -0.195227, 0.053432, -0.0, 0.195998, 0.980558, -0.009537, 0.05, -0.050532, 0.019812, 0.998526, 0.0, 0.0, 0.0, 0.0, 1.0]
            ]
        },
        {
            "name": "Chest",
            "time": [0.0, 0.1, 0.15, 0.2, 0.25, 0.3, 0.3667, 0.6],
            "transform": [
                [0.666079, -0.17124, 0.725958, -0.0, 0.039908, 0.980077, 0.194566, 0.3, -0.744812, -0.100625, 0.659643, -0.0, 0.0, 0.0, 0.0, 1.0],
                [0.542822, -0.293312, 0.786964, 0.0, -0.077811, 0.915437, 0.394867, 0.3, -0.836235, -0.275577, 0.474096, 0.0, 0.0, 0.0, 0.0, 1.0],
                [0.713707, -0.224088, 0.663632, 0.0, 0.075387, 0.966515, 0.245288, 0.3, -0.696376, -0.125035, 0.706701, 0.0, 0.0, 0.0, 0.0, 1.0],
                [0.831873, -0.110695, 0.543814, -0.0, 0.06875, 0.992913, 0.096943, 0.3, -0.550691, -0.043257, 0.833588, 0.0, 0.0, 0.0, 0.0, 1.0],
                [0.945508, -0.004315, 0.325571, 0.0, 0.001903, 0.999968, 0.007728, 0.3, -0.325595, -0.006687, 0.945486, 0.0, 0.0, 0.0, 0.0, 1.0],
                [0.974497, 0.070867, 0.212918, 0.0, -0.10653, 0.981189, 0.160997, 0.3, -0.197504, -0.179573, 0.963714, -0.0, 0.0, 0.0, 0.0, 1.0],
                [0.997179, 0.071582, -0.022603, 0.0, -0.060649, 0.945706, 0.319314, 0.3, 0.044233, -0.317042, 0.94738, 0.0, 0.0, 0.0, 0.0, 1.0],
                [0.950038, 0.086485, -0.299914, 0.0, 0.018483, 0.943575, 0.330642, 0.3, 0.311587, -0.319666, 0.894834, -0.0, 0.0, 0.0, 0.0, 1.0]
            ]
        },
        {
            "name": "Head",
            "time": [0.0, 0.1, 0.15, 0.2, 0.25, 0.3, 0.3667, 0.6],
            "transform": [
                [0.013147, -0.220462, -0.975307, 0.0, -0.186497, 0.957735, -0.219004, 0.4, 0.982367, 0.184771, -0.028525, -0.0, 0.0, 0.0, 0.0, 1.0],
                [-0.342214, -0.237356, -0.909149, 0.0, -0.292872, 0.946312, -0.136818, 0.4, 0.892813, 0.219444, -0.393356, -0.0, 0.0, 0.0, 0.0, 1.0],
                [0.129447, -0.28477, -0.949815, 0.0, -0.068835, 0.952983, -0.295101, 0.400001, 0.989194, 0.10358, 0.103759, 0.0, 0.0, 0.0, 0.0, 1.0],
                [0.662855, -0.266826, -0.699592, -0.0, -0.059632, 0.912567, -0.404556, 0.4, 0.74637, 0.30988, 0.588988, 0.0, 0.0, 0.0, 0.0, 1.0],
                [0.971592, -0.144304, -0.187579, -0.0, 0.019698, 0.839158, -0.543532, 0.4, 0.235842, 0.524396, 0.818162, -0.0, 0.0, 0.0, 0.0, 1.0],
                [0.82626, 0.119013, 0.550573, 0.0, 0.141782, 0.902015, -0.407757, 0.4, -0.545154, 0.414974, 0.728425, 0.0, 0.0, 0.0, 0.0, 1.0],
                [0.493382, 0.209215, 0.844277, -0.0, 0.19427, 0.919618, -0.341413, 0.400001, -0.847841, 0.332464, 0.413079, -0.0, 0.0, 0.0, 0.0, 1.0],
                [0.200504, 0.213723, 0.956097, -0.0, 0.222529, 0.94047, -0.256896, 0.4, -0.954085, 0.264268, 0.141009, 0.0, 0.0, 0.0, 0.0, 1.0]
            ]
        },
        {
            "name": "Shoulder_R",
            "time": [0.0, 0.1, 0.15, 0.2, 0.25, 0.3, 0.3667, 0.6],
            "transform": [
                [-1e-06, 0.965964, 0.258674, 0.0, -3e-06, -0.258674, 0.965965, 0.4, 1.0, 0.0, 3e-06, -0.0, 0.0, 0.0, 0.0, 1.0],
                [-1e-06, 0.965965, 0.258674, 0.0, -3e-06, -0.258674, 0.965965, 0.4, 1.0, 0.0, 3e-06, -0.0, 0.0, 0.0, 0.0, 1.0],
                [0.195743, 0.967832, 0.158067, 0.0, -0.052421, -0.150628, 0.9872, 0.4, 0.979253, -0.201523, 0.02125, -0.0, 0.0, 0.0, 0.0, 1.0],
                [0.085152, 0.992505, 0.087659, -0.0, -0.022806, -0.086014, 0.996032, 0.4, 0.996107, -0.086813, 0.01531, 0.0, 0.0, 0.0, 0.0, 1.0],
                [-0.123983, 0.988339, 0.088393, -0.0, 0.033198, -0.084899, 0.995836, 0.4, 0.991729, 0.126401, -0.022285, 0.0, 0.0, 0.0, 0.0, 1.0],
                [-0.128868, 0.907558, 0.399665, 0.0, 0.034506, -0.398678, 0.916442, 0.4, 0.991061, 0.131891, 0.02006, 0.0, 0.0, 0.0, 0.0, 1.0],
                [-1e-06, 0.944284, 0.329132, 0.0, -3e-06, -0.329132, 0.944284, 0.4, 1.0, -0.0, 3e-06, 0.0, 0.0, 0.0, 0.0, 1.0],
                [-1e-06, 0.944284, 0.329132, -0.0, -3e-06, -0.329132, 0.944284, 0.4, 1.0, -0.0, 3e-06, 0.0, 0.0, 0.0, 0.0, 1.0]
            ]
        },
        {
            "name": "Arm_R",
            "time": [0.0, 0.1, 0.15, 0.2, 0.25, 0.3, 0.3667, 0.6],
            "transform": [
                [0.127912, -0.978599, -0.161192, 0.0, -0.548352, 0.065645, -0.833667, 0.388213, 0.826407, 0.195026, -0.528219, 0.0, 0.0, 0.0, 0.0, 1.0],
                [0.092609, -0.995303, -0.028222, -0.0, -0.460021, -0.017631, -0.887733, 0.388213, 0.883065, 0.095195, -0.459493, 1e-06, 0.0, 0.0, 0.0, 1.0],
                [0.030147, -0.993567, 0.10916, -0.0, -0.52588, -0.10864, -0.843592, 0.388213, 0.850025, -0.031973, -0.525772, 1e-06, 0.0, 0.0, 0.0, 1.0],
                [0.104971, -0.087915, -0.990582, -0.0, -0.487571, 0.863603, -0.128313, 0.388213, 0.86675, 0.496448, 0.047788, 0.0, 0.0, 0.0, 0.0, 1.0],
                [0.578155, 0.177058, -0.796484, 0.0, -0.360807, 0.931021, -0.054939, 0.388213, 0.731816, 0.31914, 0.602158, 1e-06, 0.0, 0.0, 0.0, 1.0],
                [0.509058, -0.023084, -0.860422, 0.0, -0.113529, 0.989106, -0.093704, 0.388213, 0.853212, 0.145383, 0.500892, 1e-06, 0.0, 0.0, 0.0, 1.0],
                [0.305524, 0.215191, -0.927549, -0.0, -0.092331, 0.976233, 0.196073, 0.388213, 0.947697, 0.025736, 0.318132, 1e-06, 0.0, 0.0, 0.0, 1.0],
                [0.217287, 0.134526, -0.966793, -0.0, -0.148424, 0.983494, 0.103492, 0.388213, 0.964757, 0.121008, 0.233668, 0.0, 0.0, 0.0, 0.0, 1.0]
            ]
        },
        {
            "name": "Hand_R",
            "time": [0.0, 0.1, 0.15, 0.2, 0.25, 0.3, 0.3667, 0.6],
            "transform": [
                [0.984808, 0.077887, 0.155201, 0.0, 0.076667, 0.606915, -0.79106, 0.329779, -0.155807, 0.790941, 0.591723, 0.0, 0.0, 0.0, 0.0, 1.0],
                [0.999339, -0.003288, 0.036212, -0.0, 0.020056, 0.880538, -0.473552, 0.329779, -0.030329, 0.473965, 0.880021, -0.0, 0.0, 0.0, 0.0, 1.0],
                [0.999546, -0.02846, -0.009863, -0.0, 0.02577, 0.977538, -0.209179, 0.329779, 0.015595, 0.20883, 0.977827, -0.0, 0.0, 0.0, 0.0, 1.0],
                [0.999269, -0.009134, -0.037127, 0.0, 0.006178, 0.996859, -0.078957, 0.329779, 0.037732, 0.07867, 0.996186, 0.0, 0.0, 0.0, 0.0, 1.0],
                [0.999145, 0.001142, -0.041329, 0.0, -0.000764, 0.999958, 0.009168, 0.329779, 0.041337, -0.009129, 0.999103, -0.0, 0.0, 0.0, 0.0, 1.0],
                [0.999558, -0.022275, -0.01969, -0.0, 0.021424, 0.998871, -0.042403, 0.329779, 0.020612, 0.041962, 0.998906, 0.0, 0.0, 0.0, 0.0, 1.0],
                [0.998198, -0.057403, 0.017464, -0.0, 0.059128, 0.990547, -0.123779, 0.329779, -0.010193, 0.124589, 0.992156, -0.0, 0.0, 0.0, 0.0, 1.0],
                [0.998198, -0.057403, 0.017464, -0.0, 0.059128, 0.990547, -0.123779, 0.329779, -0.010193, 0.124589, 0.992156, -0.0, 0.0, 0.0, 0.0, 1.0]
            ]
        },
        {
            "name": "Tool_R",
            "time": [0.0, 0.1, 0.15, 0.2, 0.25, 0.3, 0.3667, 0.6],
            "transform": [
                [1.0, -0.0, 0.0, -0.02, 0.0, -0.880398, -0.474236, 0.229798, 0.0, 0.474236, -0.880398, 0.033197, 0.0, 0.0, 0.0, 1.0],
                [1.0, 0.0, 0.0, -0.02, 0.0, -0.880398, -0.474236, 0.247405, 0.0, 0.474236, -0.880398, 0.023712, 0.0, 0.0, 0.0, 1.0],
                [1.0, 0.0, 0.0, -0.02, 0.0, -0.922907, -0.385024, 0.247507, 0.0, 0.385024, -0.922907, 0.0239, 0.0, 0.0, 0.0, 1.0],
                [1.0, 0.0, 0.0, -0.02, 0.0, -0.971022, -0.238991, 0.227256, 0.0, 0.238991, -0.971022, 0.027969, 0.0, 0.0, 0.0, 1.0],
                [1.0, -0.0, 0.0, -0.02, 0.0, -0.818044, -0.575157, 0.219465, 0.0, 0.575156, -0.818044, 0.054052, 0.0, 0.0, 0.0, 1.0],
                [1.0, 0.0, 0.0, -0.02, 0.0, -0.843512, -0.53711, 0.240815, -0.0, 0.53711, -0.843512, 0.032226, 0.0, 0.0, 0.0, 1.0],
                [1.0, 0.0, 0.0, -0.02, 0.0, -0.91162, -0.411034, 0.236728, 0.0, 0.411034, -0.91162, 0.024662, 0.0, 0.0, 0.0, 1.0],
                [1.0, 0.0, 0.0, -0.02, 0.0, -0.969146, -0.246488, 0.223585, 0.0, 0.246488, -0.969146, 0.017254, 0.0, 0.0, 0.0, 1.0]
            ]
        },
        {
            "name": "Elbow_R",
            "time": [0.0, 0.6],
            "transform": [
                [-1.0, -0.0, -1e-06, 0.0, 1e-06, 0.447751, -0.894159, 0.329779, 0.0, -0.894159, -0.447751, 0.0, 0.0, 0.0, 0.0, 1.0],
                [-1.0, 0.0, -0.0, -0.0, 0.0, 0.062419, -0.99805, 0.329779, 0.0, -0.99805, -0.062419, -0.0, 0.0, 0.0, 0.0, 1.0]
            ]
        },
        {
            "name": "Shoulder_L",
            "time": [0.0, 0.1, 0.15, 0.2, 0.25, 0.3, 0.3667, 0.6],
            "transform": [
                [0.0, -0.965965, -0.258673, 0.0, -0.0, -0.258673, 0.965965, 0.4, -1.0, -0.0, -0.0, 0.0, 0.0, 0.0, 0.0, 1.0],
                [0.0, -0.965965, -0.258674, 0.0, -0.0, -0.258674, 0.965965, 0.4, -1.0, -0.0, -0.0, 0.0, 0.0, 0.0, 0.0, 1.0],
                [0.195744, -0.967832, -0.158066, 0.0, 0.052418, -0.150628, 0.9872, 0.4, -0.979253, -0.201524, 0.021247, -0.0, 0.0, 0.0, 0.0, 1.0],
                [0.475779, -0.872814, -0.108763, 0.0, 0.127408, -0.053962, 0.990381, 0.4, -0.870288, -0.48506, 0.085529, 0.0, 0.0, 0.0, 0.0, 1.0],
                [0.146575, -0.985193, -0.088948, -0.0, 0.039251, -0.084056, 0.995687, 0.4, -0.988421, -0.149434, 0.026349, -0.0, 0.0, 0.0, 0.0, 1.0],
                [-0.128866, -0.907558, -0.399665, 0.0, -0.034509, -0.398677, 0.916442, 0.4, -0.991061, 0.131891, 0.020057, 0.0, 0.0, 0.0, 0.0, 1.0],
                [0.0, -0.944284, -0.329132, -0.0, -0.0, -0.329132, 0.944284, 0.4, -1.0, -0.0, -0.0, 0.0, 0.0, 0.0, 0.0, 1.0],
                [0.0, -0.965965, -0.258673, -0.0, -0.0, -0.258673, 0.965965, 0.4, -1.0, -0.0, -0.0, 0.0, 0.0, 0.0, 0.0, 1.0]
            ]
        },
        {
            "name": "Arm_L",
            "time": [0.0, 0.1, 0.15, 0.2, 0.25, 0.3, 0.3667, 0.6],
            "transform": [
                [0.088188, 0.212805, 0.973107, -0.0, -0.849947, 0.525504, -0.037894, 0.388212, -0.519435, -0.823747, 0.227216, 1e-06, 0.0, 0.0, 0.0, 1.0],
                [-0.091316, -0.010946, 0.995762, -0.0, -0.698416, 0.713481, -0.056206, 0.388212, -0.709842, -0.700589, -0.072797, 1e-06, 0.0, 0.0, 0.0, 1.0],
                [0.085222, 0.018751, 0.996186, -0.0, -0.550098, 0.834511, 0.031352, 0.388212, -0.83074, -0.550672, 0.081434, 1e-06, 0.0, 0.0, 0.0, 1.0],
                [0.232633, 0.029621, 0.972113, -0.0, -0.468438, 0.879369, 0.085305, 0.388212, -0.852319, -0.475219, 0.218446, 1e-06, 0.0, 0.0, 0.0, 1.0],
                [0.295022, 0.034696, 0.95486, 0.0, -0.447305, 0.888086, 0.105933, 0.388212, -0.844322, -0.458367, 0.277524, 1e-06, 0.0, 0.0, 0.0, 1.0],
                [0.327171, 0.039343, 0.944146, 0.0, -0.440689, 0.890183, 0.115616, 0.388212, -0.835914, -0.453901, 0.30858, 1e-06, 0.0, 0.0, 0.0, 1.0],
                [0.33527, 0.041032, 0.941228, 0.0, -0.438384, 0.891099, 0.117308, 0.388212, -0.833915, -0.451949, 0.316747, 1e-06, 0.0, 0.0, 0.0, 1.0],
                [0.33527, 0.041032, 0.941228, -0.0, -0.438384, 0.891099, 0.117308, 0.388212, -0.833914, -0.451949, 0.316747, 1e-06, 0.0, 0.0, 0.0, 1.0]
            ]
        },
        {
            "name": "Hand_L",
            "time": [0.0, 0.1, 0.15, 0.2, 0.25, 0.3, 0.3667, 0.6],
            "transform": [
                [0.965926, 0.12941, -0.224144, -0.0, -0.176957, 0.962193, -0.207054, 0.329779, 0.188874, 0.239663, 0.952307, 0.0, 0.0, 0.0, 0.0, 1.0],
                [0.866025, 0.0, -0.5, -0.0, -0.401144, 0.596938, -0.694801, 0.329779, 0.298469, 0.802287, 0.516964, -0.0, 0.0, 0.0, 0.0, 1.0],
                [0.858367, -0.053722, -0.510215, 0.0, -0.428068, 0.47316, -0.769986, 0.329779, 0.282779, 0.879337, 0.383148, 0.0, 0.0, 0.0, 0.0, 1.0],
                [0.859976, -0.108296, -0.498712, 0.0, -0.441393, 0.332658, -0.833373, 0.329779, 0.256152, 0.936809, 0.238277, -0.0, 0.0, 0.0, 0.0, 1.0],
                [0.86205, -0.136924, -0.487977, 0.0, -0.445863, 0.252927, -0.858623, 0.329779, 0.240989, 0.957747, 0.156986, 0.0, 0.0, 0.0, 0.0, 1.0],
                [0.864487, -0.158686, -0.47695, 0.0, -0.447333, 0.189878, -0.873979, 0.329779, 0.22925, 0.968899, 0.093162, -0.0, 0.0, 0.0, 0.0, 1.0],
                [0.866025, -0.17101, -0.469847, 0.0, -0.447717, 0.153122, -0.880967, 0.329779, 0.222598, 0.973298, 0.056044, -0.0, 0.0, 0.0, 0.0, 1.0],
                [0.866025, -0.17101, -0.469847, 0.0, -0.447717, 0.153122, -0.880967, 0.329779, 0.222598, 0.973298, 0.056044, 0.0, 0.0, 0.0, 0.0, 1.0]
            ]
        },
        {
            "name": "Tool_L",
            "time": [0.0, 0.1, 0.15, 0.2, 0.25, 0.3, 0.3667, 0.6],
            "transform": [
                [1.0, -0.0, 0.0, 0.02, -0.0, -1.0, -0.0, 0.291426, 0.0, -0.0, -1.0, -0.0, 0.0, 0.0, 0.0, 1.0],
                [1.0, -0.0, 0.0, 0.02, 0.0, -0.880398, -0.474236, 0.247406, 0.0, 0.474236, -0.880398, 0.023712, 0.0, 0.0, 0.0, 1.0],
                [1.0, -0.0, 0.0, 0.02, -0.0, -0.922907, -0.385024, 0.247508, 0.0, 0.385024, -0.922907, 0.0239, 0.0, 0.0, 0.0, 1.0],
                [1.0, -0.0, 0.0, 0.02, -0.0, -0.971022, -0.238991, 0.227256, 0.0, 0.238991, -0.971022, 0.027969, 0.0, 0.0, 0.0, 1.0],
                [1.0, -0.0, 0.0, 0.02, 0.0, -0.818044, -0.575157, 0.219465, 0.0, 0.575157, -0.818044, 0.054052, 0.0, 0.0, 0.0, 1.0],
                [1.0, -0.0, 0.0, 0.02, 0.0, -0.843512, -0.53711, 0.240815, 1e-06, 0.53711, -0.843512, 0.032227, 0.0, 0.0, 0.0, 1.0],
                [1.0, -0.0, 0.0, 0.019999, -0.0, -0.91162, -0.411034, 0.236729, 0.0, 0.411034, -0.91162, 0.024662, 0.0, 0.0, 0.0, 1.0],
                [1.0, 0.0, 0.0, 0.02, -0.0, -1.0, -0.0, 0.291426, 0.0, 0.0, -1.0, 0.0, 0.0, 0.0, 0.0, 1.0]
            ]
        },
        {
            "name": "Elbow_L",
            "time": [0.0, 0.6],
            "transform": [
                [-1.0, 0.0, -0.0, -0.0, 0.0, 0.122961, -0.992412, 0.329779, -0.0, -0.992411, -0.122961, 0.0, 0.0, 0.0, 0.0, 1.0],
                [-1.0, 0.0, -0.0, 0.0, 0.0, 0.686482, -0.727148, 0.329779, 0.0, -0.727148, -0.686482, 0.0, 0.0, 0.0, 0.0, 1.0]
            ]
        }
    ]
}