{"animation": [{"name": "Root", "time": [0.0, 0.1, 0.1333, 0.1667, 0.2, 0.3833, 0.6167], "transform": [[-0.147762, 0.162995, 0.975499, -5e-06, 0.986118, 0.099823, 0.132692, 0.000946, -0.075749, 0.981564, -0.175483, 0.773972, 0.0, 0.0, 0.0, 1.0], [-0.23222, 0.162995, 0.958909, -5e-06, 0.9708, 0.099823, 0.218132, 0.000946, -0.060167, 0.981564, -0.181417, 0.573972, 0.0, 0.0, 0.0, 1.0], [0.709763, 0.09175, 0.69844, -5e-06, 0.696503, 0.057011, -0.715285, 1.200946, -0.105447, 0.994149, -0.02344, 0.703972, 0.0, 0.0, 0.0, 1.0], [0.975579, -0.107776, 0.191391, -5e-06, 0.208642, 0.182311, -0.960849, 4.000947, 0.068664, 0.977316, 0.200345, 0.808972, 0.0, 0.0, 0.0, 1.0], [0.966315, -0.201467, -0.160144, -5e-06, -0.06328, 0.417154, -0.90663, 4.000947, 0.24946, 0.886224, 0.390354, 1.013972, 0.0, 0.0, 0.0, 1.0], [0.809419, -0.116682, -0.575522, -5e-06, -0.534849, 0.258136, -0.804551, 4.000947, 0.24244, 0.959036, 0.146533, 1.123972, 0.0, 0.0, 0.0, 1.0], [0.486884, -0.116682, -0.865638, -5e-06, -0.871526, 0.001124, -0.490348, 4.000947, 0.058188, 0.993169, -0.101145, 0.485521, 0.0, 0.0, 0.0, 1.0]]}, {"name": "Thigh_R", "time": [0.0, 0.1, 0.1333, 0.1667, 0.2, 0.3833, 0.6167], "transform": [[0.997605, -0.017645, 0.066879, 0.124994, -0.017124, -0.999817, -0.008353, -0.002831, 0.067015, 0.007187, -0.997725, -1.2e-05, 0.0, 0.0, 0.0, 1.0], [0.996227, -0.040382, 0.076827, 0.124994, -0.037646, -0.998615, -0.036741, -0.002831, 0.078204, 0.03371, -0.996366, -1.2e-05, 0.0, 0.0, 0.0, 1.0], [0.998548, -0.00351, 0.053755, 0.126242, -0.020164, -0.949683, 0.31256, -0.003052, 0.049953, -0.31319, -0.948375, 0.001536, 0.0, 0.0, 0.0, 1.0], [0.999555, 0.023764, 0.017977, 0.127489, 0.007066, -0.775127, 0.631764, -0.003275, 0.028948, -0.631356, -0.774951, 0.003084, 0.0, 0.0, 0.0, 1.0], [0.999058, 0.036281, -0.023741, 0.128737, 0.038895, -0.507961, 0.8605, -0.003496, 0.01916, -0.860614, -0.508895, 0.00463, 0.0, 0.0, 0.0, 1.0], [0.99472, -0.075804, 0.069153, 0.128737, -0.101609, -0.633904, 0.766707, -0.003496, -0.014283, -0.769687, -0.63826, 0.00463, 0.0, 0.0, 0.0, 1.0], [0.895723, 0.256281, 0.363311, 0.124995, 0.006286, -0.824369, 0.566015, -0.002831, 0.444561, -0.50471, -0.740019, -1.2e-05, 0.0, 0.0, 0.0, 1.0]]}, {"name": "Leg_R", "time": [0.0, 0.1, 0.1333, 0.1667, 0.2, 0.3833, 0.6167], "transform": [[0.986384, -0.144712, -0.078128, 0.0, 0.135389, 0.444875, 0.8853, 0.37472, -0.093356, -0.883825, 0.45841, -0.0, 0.0, 0.0, 0.0, 1.0], [0.976283, -0.171986, -0.131495, 0.0, 0.153506, 0.121618, 0.980636, 0.37472, -0.152664, -0.977562, 0.145135, 0.0, 0.0, 0.0, 0.0, 1.0], [0.987254, -0.112718, -0.112357, 0.0, 0.115503, 0.021765, 0.993069, 0.37472, -0.109491, -0.993388, 0.034507, -0.0, 0.0, 0.0, 0.0, 1.0], [0.994719, -0.055219, -0.086516, 0.0, 0.08191, -0.080842, 0.993356, 0.37472, -0.061847, -0.995195, -0.075892, -0.0, 0.0, 0.0, 0.0, 1.0], [0.998511, -0.000782, -0.054554, -0.0, 0.05348, -0.183898, 0.98149, 0.37472, -0.0108, -0.982945, -0.183582, 0.0, 0.0, 0.0, 0.0, 1.0], [0.991931, -0.126746, -0.003012, -0.0, 0.071515, 0.539751, 0.838781, 0.37472, -0.104687, -0.832229, 0.54446, 0.0, 0.0, 0.0, 0.0, 1.0], [0.999041, 0.003419, -0.043671, -0.0, 0.040253, 0.321566, 0.946031, 0.37472, 0.017278, -0.946881, 0.321119, 0.0, 0.0, 0.0, 0.0, 1.0]]}, {"name": "Knee_R", "time": [0.0, 0.1, 0.1333, 0.1667, 0.2, 0.3833, 0.6167], "transform": [[1.0, 0.0, -1e-06, 0.0, -1e-06, 0.0, -1.0, 0.37472, -0.0, 1.0, 0.0, -0.0, 0.0, 0.0, 0.0, 1.0], [1.0, 0.0, -1e-06, 0.0, -1e-06, 0.0, -1.0, 0.37472, -0.0, 1.0, 0.0, 0.0, 0.0, 0.0, 0.0, 1.0], [1.0, 0.0, -1e-06, 0.0, -1e-06, 0.0, -1.0, 0.37472, -0.0, 1.0, 0.0, -0.0, 0.0, 0.0, 0.0, 1.0], [1.0, 0.0, -1e-06, 0.0, -1e-06, 0.0, -1.0, 0.37472, -0.0, 1.0, 0.0, -0.0, 0.0, 0.0, 0.0, 1.0], [1.0, 0.0, -1e-06, -0.0, -1e-06, 0.0, -1.0, 0.37472, -0.0, 1.0, 0.0, 0.0, 0.0, 0.0, 0.0, 1.0], [1.0, 0.0, -1e-06, -0.0, -1e-06, 0.0, -1.0, 0.37472, -0.0, 1.0, 0.0, 0.0, 0.0, 0.0, 0.0, 1.0], [1.0, 0.0, -1e-06, -0.0, -1e-06, 0.0, -1.0, 0.37472, -0.0, 1.0, 0.0, 0.0, 0.0, 0.0, 0.0, 1.0]]}, {"name": "Thigh_L", "time": [0.0, 0.1, 0.1333, 0.1667, 0.2, 0.3833, 0.6167], "transform": [[0.982207, -0.187682, 0.006563, -0.125006, -0.089671, -0.438004, 0.89449, -0.002831, -0.165005, -0.879164, -0.44704, -1.2e-05, 0.0, 0.0, 0.0, 1.0], [0.981357, -0.188856, -0.035666, -0.125006, -0.088741, -0.609854, 0.78753, -0.002831, -0.170481, -0.769683, -0.615244, -1.2e-05, 0.0, 0.0, 0.0, 1.0], [0.984935, -0.156389, -0.073776, -0.124939, -0.08074, -0.793223, 0.603555, -0.001599, -0.15291, -0.588506, -0.793901, -0.0001, 0.0, 0.0, 0.0, 1.0], [0.988121, -0.114377, -0.10263, -0.124871, -0.068139, -0.924712, 0.374517, -0.000368, -0.137739, -0.363076, -0.921522, -0.000187, 0.0, 0.0, 0.0, 1.0], [0.990588, -0.067095, -0.119291, -0.124804, -0.052219, -0.99094, 0.123728, 0.000864, -0.126512, -0.116334, -0.985119, -0.000276, 0.0, 0.0, 0.0, 1.0], [0.954588, -0.29378, 0.049522, -0.124804, -0.232995, -0.632568, 0.738626, 0.000864, -0.185668, -0.716623, -0.672292, -0.000277, 0.0, 0.0, 0.0, 1.0], [0.953843, -0.28205, 0.103091, -0.124804, -0.288479, -0.765245, 0.57548, 0.000864, -0.083424, -0.578659, -0.81129, -0.000276, 0.0, 0.0, 0.0, 1.0]]}, {"name": "Leg_L", "time": [0.0, 0.1, 0.1333, 0.1667, 0.2, 0.3833, 0.6167], "transform": [[0.998938, -0.041476, 0.020063, 0.0, -0.017436, 0.062751, 0.997876, 0.37472, -0.042647, -0.997168, 0.061961, 0.0, 0.0, 0.0, 0.0, 1.0], [0.998922, -0.035995, 0.029296, -0.0, -0.017436, 0.293926, 0.95567, 0.37472, -0.04301, -0.95515, 0.292982, -0.0, 0.0, 0.0, 0.0, 1.0], [0.99914, -0.018105, 0.03729, -0.0, -0.027254, 0.390904, 0.920029, 0.37472, -0.031234, -0.920253, 0.390075, -0.0, 0.0, 0.0, 0.0, 1.0], [0.999052, -0.010626, 0.042219, 0.0, -0.0384, 0.241873, 0.969549, 0.37472, -0.020514, -0.97025, 0.241235, 0.0, 0.0, 0.0, 0.0, 1.0], [0.99866, 0.006518, 0.05133, -0.0, -0.050553, 0.334326, 0.941101, 0.37472, -0.011027, -0.942435, 0.334208, -0.0, 0.0, 0.0, 0.0, 1.0], [0.995905, -0.036522, 0.082696, 0.0, -0.089655, -0.281735, 0.955294, 0.37472, -0.011591, -0.958798, -0.283855, -0.0, 0.0, 0.0, 0.0, 1.0], [0.977733, -0.163799, 0.131173, 0.0, -0.178666, -0.32191, 0.929759, 0.37472, -0.110067, -0.932493, -0.344008, 0.0, 0.0, 0.0, 0.0, 1.0]]}, {"name": "Knee_L", "time": [0.0, 0.1, 0.1333, 0.1667, 0.2, 0.3833, 0.6167], "transform": [[1.0, -0.0, 0.0, 0.0, 0.0, 0.0, -1.0, 0.37472, 0.0, 1.0, 0.0, 0.0, 0.0, 0.0, 0.0, 1.0], [1.0, -0.0, 0.0, -0.0, 0.0, 0.0, -1.0, 0.37472, 0.0, 1.0, 0.0, -0.0, 0.0, 0.0, 0.0, 1.0], [1.0, -0.0, 0.0, -0.0, 0.0, 0.0, -1.0, 0.37472, 0.0, 1.0, 0.0, -0.0, 0.0, 0.0, 0.0, 1.0], [1.0, -0.0, 0.0, 0.0, 0.0, 0.0, -1.0, 0.37472, 0.0, 1.0, 0.0, 0.0, 0.0, 0.0, 0.0, 1.0], [1.0, -0.0, 0.0, -0.0, 0.0, 0.0, -1.0, 0.37472, 0.0, 1.0, 0.0, -0.0, 0.0, 0.0, 0.0, 1.0], [1.0, -0.0, 0.0, 0.0, 0.0, 0.0, -1.0, 0.37472, 0.0, 1.0, 0.0, -0.0, 0.0, 0.0, 0.0, 1.0], [1.0, -0.0, 0.0, 0.0, 0.0, 0.0, -1.0, 0.37472, 0.0, 1.0, 0.0, 0.0, 0.0, 0.0, 0.0, 1.0]]}, {"name": "Torso", "time": [0.0, 0.1, 0.1333, 0.1667, 0.2, 0.3833, 0.6167], "transform": [[0.999904, -0.013856, -0.000222, -0.0, 0.013858, 0.999776, 0.015991, 0.05, 0.0, -0.015992, 0.999872, -0.0, 0.0, 0.0, 0.0, 1.0], [0.999904, -0.013856, -0.000222, -0.0, 0.013858, 0.999776, 0.015991, 0.05, 0.0, -0.015992, 0.999872, 0.0, 0.0, 0.0, 0.0, 1.0], [0.999484, -0.032074, -0.001691, -0.0, 0.032118, 0.998097, 0.052629, 0.05, -0.0, -0.052656, 0.998613, 0.0, 0.0, 0.0, 0.0, 1.0], [0.999447, 0.033155, 0.002368, 0.0, -0.033239, 0.996907, 0.071215, 0.05, 0.0, -0.071254, 0.997458, -0.0, 0.0, 0.0, 0.0, 1.0], [0.999956, 0.009323, 0.001231, -0.0, -0.009404, 0.991348, 0.130918, 0.05, 0.0, -0.130923, 0.991392, 0.0, 0.0, 0.0, 0.0, 1.0], [0.999988, -0.00482, 8.2e-05, -0.0, 0.004821, 0.999844, -0.016988, 0.05, 0.0, 0.016988, 0.999856, -0.0, 0.0, 0.0, 0.0, 1.0], [0.999973, -0.007249, 0.000325, -0.0, 0.007257, 0.998972, -0.044733, 0.05, -0.0, 0.044734, 0.998999, 0.0, 0.0, 0.0, 0.0, 1.0]]}, {"name": "Chest", "time": [0.0, 0.1, 0.1333, 0.1667, 0.2, 0.3833, 0.6167], "transform": [[0.875148, -0.269718, 0.401705, 0.0, -0.065829, 0.756129, 0.651103, 0.3, -0.479356, -0.596256, 0.64397, -0.0, 0.0, 0.0, 0.0, 1.0], [0.876603, -0.253751, 0.408875, -0.0, -0.114702, 0.715001, 0.68965, 0.3, -0.467345, -0.651448, 0.597666, -0.0, 0.0, 0.0, 0.0, 1.0], [0.992473, 0.020646, 0.120713, -0.0, -0.051337, 0.96504, 0.257026, 0.3, -0.111186, -0.261288, 0.958836, 0.0, 0.0, 0.0, 0.0, 1.0], [0.984091, 0.075005, -0.161056, 0.0, -0.034525, 0.969968, 0.240767, 0.3, 0.174278, -0.231376, 0.957127, 0.0, 0.0, 0.0, 0.0, 1.0], [0.89203, 0.119344, -0.435936, -0.0, -0.023016, 0.975252, 0.219893, 0.3, 0.45139, -0.186117, 0.872701, 0.0, 0.0, 0.0, 0.0, 1.0], [0.670051, -0.04091, -0.741187, -0.0, 0.320274, 0.916696, 0.238938, 0.3, 0.669669, -0.397483, 0.627337, 0.0, 0.0, 0.0, 0.0, 1.0], [0.656983, -0.050244, -0.752229, -0.0, 0.429177, 0.845246, 0.318379, 0.3, 0.619822, -0.532009, 0.576877, 0.0, 0.0, 0.0, 0.0, 1.0]]}, {"name": "Head", "time": [0.0, 0.1, 0.1333, 0.1667, 0.2, 0.3833, 0.6167], "transform": [[-0.108121, 0.209411, -0.971832, 0.0, 0.029413, 0.977809, 0.207427, 0.4, 0.993703, -0.006157, -0.111881, 0.0, 0.0, 0.0, 0.0, 1.0], [-0.160044, 0.209411, -0.964642, 0.0, 0.040487, 0.977809, 0.205552, 0.4, 0.986279, -0.006158, -0.164971, 0.0, 0.0, 0.0, 0.0, 1.0], [0.788237, 0.039897, -0.614077, -0.0, -0.096819, 0.993509, -0.059729, 0.4, 0.607707, 0.106535, 0.786983, -0.0, 0.0, 0.0, 0.0, 1.0], [0.998432, 0.055001, -0.010427, 0.0, -0.055756, 0.960319, -0.273275, 0.4, -0.005017, 0.273428, 0.96188, 0.0, 0.0, 0.0, 0.0, 1.0], [0.768752, 0.263856, 0.582577, -0.0, -0.058783, 0.936217, -0.346457, 0.4, -0.63684, 0.232093, 0.735228, -0.0, 0.0, 0.0, 0.0, 1.0], [0.218448, 0.114226, 0.969141, 0.0, 0.018455, 0.992465, -0.121134, 0.4, -0.975674, 0.044347, 0.214693, 0.0, 0.0, 0.0, 0.0, 1.0], [-0.149612, 0.047996, 0.987579, 0.0, 0.148205, 0.988625, -0.025595, 0.4, -0.977574, 0.142535, -0.155023, -0.0, 0.0, 0.0, 0.0, 1.0]]}, {"name": "Shoulder_R", "time": [0.0, 0.1, 0.1333, 0.1667, 0.2, 0.3833, 0.6167], "transform": [[0.482998, 0.868765, 0.109362, 0.0, -0.129279, -0.052775, 0.990203, 0.4, 0.866025, -0.492404, 0.086823, 0.0, 0.0, 0.0, 0.0, 1.0], [0.482998, 0.868765, 0.109362, 0.0, -0.129279, -0.052775, 0.990203, 0.4, 0.866026, -0.492404, 0.086823, 0.0, 0.0, 0.0, 0.0, 1.0], [0.482998, 0.868765, 0.109362, 0.0, -0.129279, -0.052775, 0.990203, 0.4, 0.866026, -0.492404, 0.086823, 0.0, 0.0, 0.0, 0.0, 1.0], [0.3514, 0.918469, 0.181474, 0.0, -0.094055, -0.158222, 0.982914, 0.4, 0.93149, -0.362465, 0.030787, 0.0, 0.0, 0.0, 0.0, 1.0], [0.17451, 0.941679, 0.287727, 0.0, -0.046708, -0.283965, 0.957696, 0.4, 0.983548, -0.180567, -0.005571, 0.0, 0.0, 0.0, 0.0, 1.0], [0.17451, 0.941679, 0.287727, 0.0, -0.046708, -0.283965, 0.957696, 0.4, 0.983548, -0.180567, -0.005571, 0.0, 0.0, 0.0, 0.0, 1.0], [0.17451, 0.941679, 0.287727, 0.0, -0.046708, -0.283965, 0.957696, 0.4, 0.983548, -0.180567, -0.005571, -0.0, 0.0, 0.0, 0.0, 1.0]]}, {"name": "Arm_R", "time": [0.0, 0.1, 0.1333, 0.1667, 0.2, 0.3833, 0.6167], "transform": [[-0.309227, -0.939798, 0.145458, -0.0, -0.415855, -0.003926, -0.909422, 0.388385, 0.855244, -0.341707, -0.389606, 0.0, 0.0, 0.0, 0.0, 1.0], [-0.309227, -0.939798, 0.145458, -0.0, -0.415855, -0.003926, -0.909422, 0.388385, 0.855244, -0.341707, -0.389606, -0.0, 0.0, 0.0, 0.0, 1.0], [-0.43424, -0.736836, -0.518177, 0.0, -0.28148, 0.65743, -0.698967, 0.388385, 0.85569, -0.157663, -0.492887, -0.0, 0.0, 0.0, 0.0, 1.0], [0.224972, -0.421413, -0.878521, -0.0, -0.369656, 0.797313, -0.477122, 0.388386, 0.901522, 0.432089, 0.023596, -0.0, 0.0, 0.0, 0.0, 1.0], [0.501739, 0.01039, -0.864957, 0.0, -0.21652, 0.969603, -0.113951, 0.388385, 0.837483, 0.244453, 0.488739, -0.0, 0.0, 0.0, 0.0, 1.0], [0.264482, -0.306047, -0.914541, 0.0, 0.040218, 0.950982, -0.306613, 0.388386, 0.963552, 0.044312, 0.263827, -0.0, 0.0, 0.0, 0.0, 1.0], [0.23809, 0.027363, -0.970858, -0.0, -0.332073, 0.941653, -0.054897, 0.388385, 0.91271, 0.335465, 0.233285, -0.0, 0.0, 0.0, 0.0, 1.0]]}, {"name": "Hand_R", "time": [0.0, 0.1, 0.1333, 0.1667, 0.2, 0.3833, 0.6167], "transform": [[0.65898, 0.707107, -0.25641, -0.0, -0.749094, 0.647735, -0.138918, 0.33, 0.067856, 0.283619, 0.956533, 0.0, 0.0, 0.0, 0.0, 1.0], [0.65898, 0.707107, -0.25641, 0.0, -0.749094, 0.647735, -0.138918, 0.33, 0.067856, 0.283619, 0.956533, 0.0, 0.0, 0.0, 0.0, 1.0], [0.985276, -0.123066, -0.118686, 0.0, 0.104332, 0.982722, -0.152876, 0.33, 0.135449, 0.138243, 0.981093, 0.0, 0.0, 0.0, 0.0, 1.0], [0.999488, -0.028346, 0.014832, -0.0, 0.029752, 0.994005, -0.105199, 0.33, -0.011761, 0.105586, 0.994341, -0.0, 0.0, 0.0, 0.0, 1.0], [0.997902, -0.056704, 0.031242, -0.0, 0.060706, 0.987245, -0.147167, 0.33, -0.022499, 0.148755, 0.988619, -0.0, 0.0, 0.0, 0.0, 1.0], [0.997902, -0.056704, 0.031242, -0.0, 0.060706, 0.987245, -0.147167, 0.33, -0.022499, 0.148755, 0.988619, 0.0, 0.0, 0.0, 0.0, 1.0], [0.997902, -0.056704, 0.031242, -0.0, 0.060706, 0.987245, -0.147168, 0.33, -0.022499, 0.148755, 0.988619, 0.0, 0.0, 0.0, 0.0, 1.0]]}, {"name": "Tool_R", "time": [0.0, 0.1, 0.1333, 0.1667, 0.2, 0.3833, 0.6167], "transform": [[-0.021627, -0.997731, 0.063763, -0.02019, -0.998703, 0.024501, 0.04464, 0.265303, -0.046101, -0.062715, -0.996966, -0.005737, 0.0, 0.0, 0.0, 1.0], [-0.021627, -0.997731, 0.063763, -0.020189, -0.998703, 0.024501, 0.04464, 0.265304, -0.046101, -0.062715, -0.996967, -0.005737, 0.0, 0.0, 0.0, 1.0], [0.903761, -0.407634, -0.13058, -0.014133, -0.360655, -0.889489, 0.2806, 0.273073, -0.230532, -0.206501, -0.950902, -0.004015, 0.0, 0.0, 0.0, 1.0], [0.976749, -0.193748, -0.09178, -0.007066, -0.194263, -0.980942, 0.003386, 0.282139, -0.090687, 0.014522, -0.995775, -0.002008, 0.0, 0.0, 0.0, 1.0], [0.999999, -0.001455, -0.001013, -0.0, -0.001658, -0.969859, -0.24365, 0.291204, -0.000628, 0.24365, -0.969865, -0.0, 0.0, 0.0, 0.0, 1.0], [0.999999, -0.001361, -0.001136, 0.0, -0.001658, -0.944933, -0.327252, 0.291203, -0.000628, 0.327252, -0.944939, -0.0, 0.0, 0.0, 0.0, 1.0], [0.999998, -0.001361, -0.001136, 0.0, -0.001658, -0.944933, -0.327252, 0.291204, -0.000628, 0.327252, -0.944939, 0.0, 0.0, 0.0, 0.0, 1.0]]}, {"name": "Elbow_R", "time": [0.0, 0.1, 0.1333, 0.1667, 0.2, 0.3833, 0.6167], "transform": [[-1.0, 0.0, 0.0, -0.0, -0.0, 0.0, -1.0, 0.33, -0.0, -1.0, -0.0, 0.0, 0.0, 0.0, 0.0, 1.0], [-1.0, 0.0, 0.0, 0.0, -0.0, 0.0, -1.0, 0.33, -0.0, -1.0, -0.0, 0.0, 0.0, 0.0, 0.0, 1.0], [-1.0, 0.0, 0.0, 0.0, -0.0, 0.0, -1.0, 0.33, -0.0, -1.0, 0.0, 0.0, 0.0, 0.0, 0.0, 1.0], [-1.0, 0.0, 0.0, -0.0, -0.0, 0.0, -1.0, 0.33, -0.0, -1.0, -0.0, -0.0, 0.0, 0.0, 0.0, 1.0], [-1.0, 0.0, 0.0, -0.0, -0.0, 0.0, -1.0, 0.33, -0.0, -1.0, -0.0, -0.0, 0.0, 0.0, 0.0, 1.0], [-1.0, 0.0, 0.0, -0.0, -0.0, -0.0, -1.0, 0.33, -0.0, -1.0, -0.0, 0.0, 0.0, 0.0, 0.0, 1.0], [-1.0, 0.0, 0.0, -0.0, -0.0, 0.0, -1.0, 0.33, -0.0, -1.0, -0.0, 0.0, 0.0, 0.0, 0.0, 1.0]]}, {"name": "Shoulder_L", "time": [0.0, 0.1, 0.1333, 0.1667, 0.2, 0.3833, 0.6167], "transform": [[0.014558, -0.942326, -0.33438, -0.0, 0.003894, -0.334359, 0.942437, 0.4, -0.999887, -0.015022, -0.001198, 0.0, 0.0, 0.0, 0.0, 1.0], [0.014558, -0.942326, -0.33438, 0.0, 0.003894, -0.334359, 0.942438, 0.4, -0.999887, -0.015022, -0.001198, 0.0, 0.0, 0.0, 0.0, 1.0], [-0.095004, -0.928799, -0.358197, -0.0, -0.025434, -0.357443, 0.933589, 0.4, -0.995152, 0.097805, 0.010336, -0.0, 0.0, 0.0, 0.0, 1.0], [-0.205495, -0.902994, -0.377324, -0.0, -0.05501, -0.374285, 0.925681, 0.4, -0.97711, 0.21098, 0.02724, 0.0, 0.0, 0.0, 0.0, 1.0], [-0.250015, -0.884729, -0.393376, -0.0, -0.066928, -0.389516, 0.918585, 0.4, -0.965925, 0.255988, 0.038172, -0.0, 0.0, 0.0, 0.0, 1.0], [-0.250015, -0.884729, -0.393376, 0.0, -0.066928, -0.389516, 0.918585, 0.4, -0.965925, 0.255988, 0.038172, 0.0, 0.0, 0.0, 0.0, 1.0], [-0.250015, -0.884729, -0.393376, 0.0, -0.066928, -0.389516, 0.918585, 0.4, -0.965925, 0.255988, 0.038172, -0.0, 0.0, 0.0, 0.0, 1.0]]}, {"name": "Arm_L", "time": [0.0, 0.1, 0.1333, 0.1667, 0.2, 0.3833, 0.6167], "transform": [[-0.350068, -0.387555, 0.852792, -0.0, -0.69665, 0.716319, 0.039563, 0.388354, -0.626204, -0.580248, -0.520751, -0.0, 0.0, 0.0, 0.0, 1.0], [-0.350068, -0.387555, 0.852792, -0.0, -0.696651, 0.716319, 0.039563, 0.388354, -0.626204, -0.580248, -0.520751, -0.0, 0.0, 0.0, 0.0, 1.0], [-0.383788, -0.319147, 0.866517, 0.0, -0.470366, 0.875081, 0.113971, 0.388354, -0.794646, -0.36384, -0.485961, 0.0, 0.0, 0.0, 0.0, 1.0], [-0.257603, -0.401392, 0.878933, 0.0, -0.561111, 0.802685, 0.202117, 0.388354, -0.786635, -0.441113, -0.431999, 0.0, 0.0, 0.0, 0.0, 1.0], [-0.111637, -0.471458, 0.874793, -0.0, -0.637937, 0.708964, 0.300675, 0.388354, -0.761953, -0.524497, -0.379907, -0.0, 0.0, 0.0, 0.0, 1.0], [-0.094434, -0.044671, 0.994528, -0.0, -0.571798, 0.820208, -0.017453, 0.388355, -0.814939, -0.570318, -0.102998, 0.0, 0.0, 0.0, 0.0, 1.0], [-0.091855, 0.102983, 0.990432, 0.0, -0.580491, 0.802609, -0.137289, 0.388355, -0.809068, -0.587548, -0.013943, 0.0, 0.0, 0.0, 0.0, 1.0]]}, {"name": "Hand_L", "time": [0.0, 0.1, 0.1333, 0.1667, 0.2, 0.3833, 0.6167], "transform": [[0.999741, -0.022036, 0.005683, -0.0, 0.006254, 0.025951, -0.999644, 0.33, 0.021881, 0.999421, 0.026082, -0.0, 0.0, 0.0, 0.0, 1.0], [0.999741, -0.022036, 0.005683, 0.0, 0.006254, 0.025951, -0.999644, 0.33, 0.021881, 0.999421, 0.026082, -0.0, 0.0, 0.0, 0.0, 1.0], [0.919516, 0.180477, -0.350631, 0.0, -0.374707, 0.678023, -0.632521, 0.33, 0.12365, 0.712564, 0.690668, -0.0, 0.0, 0.0, 0.0, 1.0], [0.977585, 0.091315, -0.19617, -0.0, -0.200304, 0.726445, -0.657527, 0.33, 0.082565, 0.681184, 0.727514, -0.0, 0.0, 0.0, 0.0, 1.0], [1.001271, -0.006799, -0.037696, -0.0, -0.019526, 0.757039, -0.653177, 0.33, 0.03304, 0.65342, 0.756368, 0.0, 0.0, 0.0, 0.0, 1.0], [1.001265, -0.00667, -0.037823, -0.0, -0.019079, 0.769247, -0.638773, 0.33, 0.033418, 0.639017, 0.768557, -0.0, 0.0, 0.0, 0.0, 1.0], [1.001281, -0.007207, -0.03729, -0.0, -0.021817, 0.695785, -0.718015, 0.33, 0.031179, 0.718302, 0.695131, 0.0, 0.0, 0.0, 0.0, 1.0]]}, {"name": "Tool_L", "time": [0.0, 0.1, 0.1333, 0.1667, 0.2, 0.3833, 0.6167], "transform": [[-0.999918, -0.006458, -0.011113, 0.019002, -0.003237, 0.963272, -0.268507, 0.272462, 0.012439, -0.268449, -0.963214, 0.123993, 0.0, 0.0, 0.0, 1.0], [-0.999918, -0.006458, -0.011113, 0.019002, -0.003237, 0.963272, -0.268507, 0.272462, 0.012439, -0.268449, -0.963214, 0.123993, 0.0, 0.0, 0.0, 1.0], [0.479403, 0.87754, 0.009866, 0.013301, 0.874411, -0.47859, 0.079735, 0.278084, 0.074692, -0.029598, -0.996767, 0.086795, 0.0, 0.0, 0.0, 1.0], [-0.506897, 0.861434, -0.03141, 0.006651, 0.861571, 0.507462, 0.013294, 0.284644, 0.027391, -0.020324, -0.999418, 0.043397, 0.0, 0.0, 0.0, 1.0], [-0.999475, 0.009594, -0.030946, -0.0, 0.009477, 0.999947, 0.003904, 0.291204, 0.030982, 0.003609, -0.999514, -0.0, 0.0, 0.0, 0.0, 1.0], [-0.999475, -0.001547, -0.032362, 1e-06, 0.009498, 0.940978, -0.338334, 0.291204, 0.030975, -0.338463, -0.94047, 0.0, 0.0, 0.0, 0.0, 1.0], [-0.999475, -0.004356, -0.032104, -0.0, 0.009504, 0.90791, -0.419058, 0.291204, 0.030973, -0.419143, -0.907392, -0.0, 0.0, 0.0, 0.0, 1.0]]}, {"name": "Elbow_L", "time": [0.0, 0.1, 0.1333, 0.1667, 0.2, 0.3833, 0.6167], "transform": [[-1.0, 0.0, -0.0, 0.0, 0.0, -0.0, -1.0, 0.33, -0.0, -1.0, 0.0, 0.0, 0.0, 0.0, 0.0, 1.0], [-1.0, 0.0, -0.0, 0.0, 0.0, -0.0, -1.0, 0.33, -0.0, -1.0, 0.0, 0.0, 0.0, 0.0, 0.0, 1.0], [-1.0, 0.0, -0.0, 0.0, 0.0, -0.0, -1.0, 0.33, -0.0, -1.0, 0.0, 0.0, 0.0, 0.0, 0.0, 1.0], [-1.0, 0.0, -0.0, 0.0, 0.0, -0.0, -1.0, 0.33, -0.0, -1.0, 0.0, 0.0, 0.0, 0.0, 0.0, 1.0], [-1.0, 0.0, -0.0, -0.0, 0.0, -0.0, -1.0, 0.33, -0.0, -1.0, 0.0, 0.0, 0.0, 0.0, 0.0, 1.0], [-1.0, 0.0, -0.0, -0.0, 0.0, -0.0, -1.0, 0.33, -0.0, -1.0, -0.0, 0.0, 0.0, 0.0, 0.0, 1.0], [-1.0, 0.0, -0.0, -0.0, 0.0, -0.0, -1.0, 0.33, -0.0, -1.0, 0.0, 0.0, 0.0, 0.0, 0.0, 1.0]]}]}