{"animation": [{"name": "Root", "time": [0.0, 0.1, 0.2, 0.2333, 0.3333, 0.4, 0.5, 0.7, 1.0], "transform": [[-0.351813, -0.101416, 0.93056, -5e-06, 0.9256, 0.110581, 0.361989, 0.000946, -0.139614, 0.988679, 0.054967, 0.66895, 0.0, 0.0, 0.0, 1.0], [0.203574, -0.026215, 0.978708, -5e-06, 0.957801, 0.212516, -0.193533, 0.48372, -0.202917, 0.976806, 0.068371, 0.668083, 0.0, 0.0, 0.0, 1.0], [0.709725, 0.020055, 0.704193, -5e-06, 0.674475, 0.26927, -0.687442, 0.665974, -0.203404, 0.962856, 0.177581, 0.56392, 0.0, 0.0, 0.0, 1.0], [0.999621, -0.01968, 0.019242, -5e-06, 0.025244, 0.376975, -0.925879, 1.000946, 0.010967, 0.926014, 0.377329, 0.49228, 0.0, 0.0, 0.0, 1.0], [0.7903, -0.002803, -0.612714, -5e-06, -0.550347, 0.43633, -0.711853, 1.200946, 0.269341, 0.899782, 0.343289, 0.365253, 0.0, 0.0, 0.0, 1.0], [0.392963, -0.00967, -0.919504, -5e-06, -0.915083, 0.094382, -0.392066, 1.200946, 0.090576, 0.995489, 0.028239, 0.369886, 0.0, 0.0, 0.0, 1.0], [0.141588, -0.00967, -0.989878, -5e-06, -0.985376, 0.094382, -0.141866, 1.200946, 0.094798, 0.995489, 0.003834, 0.369886, 0.0, 0.0, 0.0, 1.0], [0.568219, -0.013282, -0.82277, -5e-06, -0.820636, 0.06461, -0.567787, 1.200946, 0.0607, 0.997822, 0.025813, 0.529034, 0.0, 0.0, 0.0, 1.0], [0.678872, -0.013888, -0.734126, -5e-06, -0.733798, 0.022511, -0.678995, 1.200946, 0.025956, 0.99965, 0.005091, 0.608981, 0.0, 0.0, 0.0, 1.0]]}, {"name": "Thigh_R", "time": [0.0, 0.1, 0.2, 0.2333, 0.3333, 0.4, 0.5, 0.7, 0.8, 1.0], "transform": [[0.597195, 0.359338, 0.717101, 0.139884, 0.468399, -0.881992, 0.051886, -0.001518, 0.651122, 0.304903, -0.695035, 0.001242, 0.0, 0.0, 0.0, 1.0], [0.72293, 0.153414, 0.673673, 0.124994, 0.159633, -0.985744, 0.053176, -0.002831, 0.672227, 0.069098, -0.737114, -1.2e-05, 0.0, 0.0, 0.0, 1.0], [0.805432, 0.176971, 0.56565, 0.124994, 0.131611, -0.983954, 0.120443, -0.002831, 0.57789, -0.022563, -0.815802, -1.2e-05, 0.0, 0.0, 0.0, 1.0], [0.917933, 0.212164, 0.335239, 0.124711, 0.277771, -0.94702, -0.161231, -0.006975, 0.283271, 0.241119, -0.928234, -0.000655, 0.0, 0.0, 0.0, 1.0], [0.686432, 0.660717, 0.30375, 0.123863, 0.446002, -0.712431, 0.541778, -0.019408, 0.574363, -0.236421, -0.783717, -0.002584, 0.0, 0.0, 0.0, 1.0], [0.747194, 0.399213, -0.531347, 0.147567, 0.663923, -0.412111, 0.623996, -0.007935, 0.030134, -0.81902, -0.572973, 0.01234, 0.0, 0.0, 0.0, 1.0], [0.805854, 0.168918, -0.567506, 0.147567, 0.59145, -0.274951, 0.758015, -0.007935, -0.027994, -0.946502, -0.321477, 0.01234, 0.0, 0.0, 0.0, 1.0], [0.85373, 0.432527, -0.289937, 0.138538, 0.520195, -0.683583, 0.511967, -0.005893, 0.023244, -0.587906, -0.808594, 0.007399, 0.0, 0.0, 0.0, 1.0], [0.868455, 0.450817, -0.206274, 0.134023, 0.493046, -0.741847, 0.454497, -0.004872, 0.051871, -0.496413, -0.866535, 0.004929, 0.0, 0.0, 0.0, 1.0], [0.919892, 0.391129, -0.028564, 0.124994, 0.373669, -0.85206, 0.366558, -0.002831, 0.119033, -0.347867, -0.929957, -1.2e-05, 0.0, 0.0, 0.0, 1.0]]}, {"name": "Leg_R", "time": [0.0, 0.1, 0.2, 0.2333, 0.3333, 0.4, 0.5, 0.7, 0.8, 1.0], "transform": [[0.999339, -0.025331, 0.026012, 0.0, 0.017443, 0.963278, 0.267937, 0.37472, -0.031844, -0.267307, 0.963083, -0.0, 0.0, 0.0, 0.0, 1.0], [0.995525, -0.061204, 0.071992, 0.0, 0.017376, 0.867466, 0.497194, 0.37472, -0.092881, -0.49372, 0.864646, 0.0, 0.0, 0.0, 0.0, 1.0], [0.995521, -0.087624, 0.035492, 0.0, 0.027745, 0.629677, 0.776361, 0.37472, -0.090376, -0.771898, 0.629289, -0.0, 0.0, 0.0, 0.0, 1.0], [0.995838, 0.031144, -0.085646, -0.0, 0.017381, 0.857632, 0.51397, 0.37472, 0.089459, -0.513319, 0.853523, -0.0, 0.0, 0.0, 0.0, 1.0], [0.985432, 0.113292, -0.126838, 0.0, 0.023476, 0.648055, 0.761232, 0.37472, 0.168439, -0.753121, 0.635954, -0.0, 0.0, 0.0, 0.0, 1.0], [0.999014, -0.027147, -0.035133, -0.0, 0.03865, 0.14232, 0.989065, 0.37472, -0.02185, -0.989448, 0.143229, 0.0, 0.0, 0.0, 0.0, 1.0], [0.991123, -0.110375, -0.074101, 0.0, 0.088784, 0.134683, 0.986903, 0.37472, -0.09895, -0.984721, 0.143287, 0.0, 0.0, 0.0, 0.0, 1.0], [0.998144, -0.058657, -0.016383, 0.0, 0.048489, 0.602659, 0.796524, 0.37472, -0.036848, -0.79584, 0.604385, 0.0, 0.0, 0.0, 0.0, 1.0], [0.999393, -0.034741, 0.002809, 0.0, 0.022779, 0.71202, 0.70179, 0.37472, -0.026381, -0.7013, 0.712378, -0.0, 0.0, 0.0, 0.0, 1.0], [0.998389, -0.054565, 0.015588, 0.0, 0.017426, 0.556202, 0.830865, 0.37472, -0.054006, -0.829253, 0.556257, -0.0, 0.0, 0.0, 0.0, 1.0]]}, {"name": "Knee_R", "time": [0.0, 0.1, 0.2, 0.2333, 0.3333, 0.4, 0.5, 1.0], "transform": [[1.0, 0.0, -1e-06, 0.0, -1e-06, 0.0, -1.0, 0.37472, -0.0, 1.0, 0.0, -0.0, 0.0, 0.0, 0.0, 1.0], [1.0, 0.0, -1e-06, 0.0, -1e-06, 0.0, -1.0, 0.37472, -0.0, 1.0, 0.0, 0.0, 0.0, 0.0, 0.0, 1.0], [1.0, 0.0, -1e-06, 0.0, -1e-06, 0.0, -1.0, 0.37472, -0.0, 1.0, 0.0, -0.0, 0.0, 0.0, 0.0, 1.0], [1.0, 0.0, -1e-06, -0.0, -1e-06, 0.0, -1.0, 0.37472, -0.0, 1.0, 0.0, -0.0, 0.0, 0.0, 0.0, 1.0], [1.0, 0.0, -1e-06, 0.0, -1e-06, 0.0, -1.0, 0.37472, -0.0, 1.0, 0.0, -0.0, 0.0, 0.0, 0.0, 1.0], [1.0, 0.0, -1e-06, -0.0, -1e-06, 0.0, -1.0, 0.37472, -0.0, 1.0, 0.0, 0.0, 0.0, 0.0, 0.0, 1.0], [1.0, 0.0, -1e-06, 0.0, -1e-06, 0.0, -1.0, 0.37472, -0.0, 1.0, 0.0, 0.0, 0.0, 0.0, 0.0, 1.0], [1.0, 0.0, -1e-06, 0.0, -1e-06, 0.0, -1.0, 0.37472, -0.0, 1.0, 0.0, -0.0, 0.0, 0.0, 0.0, 1.0]]}, {"name": "Thigh_L", "time": [0.0, 0.1, 0.2, 0.2333, 0.3333, 0.4, 0.5, 0.7, 1.0], "transform": [[0.990515, 0.038345, 0.131952, -0.099915, -0.055853, -0.76502, 0.641581, -0.01809, 0.125547, -0.642865, -0.755621, -0.005923, 0.0, 0.0, 0.0, 1.0], [0.864949, 0.368532, 0.340661, -0.102934, -0.043191, -0.621613, 0.782133, -0.010412, 0.500001, -0.691218, -0.521745, -0.011443, 0.0, 0.0, 0.0, 1.0], [0.862413, 0.506193, 0.003618, -0.125006, 0.079019, -0.14168, 0.986754, -0.002831, 0.5, -0.850703, -0.162185, -1.2e-05, 0.0, 0.0, 0.0, 1.0], [0.982904, -0.081254, 0.165226, -0.124723, -0.162044, 0.044359, 0.985786, 0.001314, -0.087429, -0.995706, 0.030434, 0.000631, 0.0, 0.0, 0.0, 1.0], [0.765926, -0.478055, 0.429908, -0.123875, -0.301706, 0.323221, 0.89694, 0.013747, -0.567742, -0.816696, 0.103331, 0.00256, 0.0, 0.0, 0.0, 1.0], [0.684488, -0.708866, 0.170252, -0.124061, -0.504637, -0.292166, 0.812392, -0.003857, -0.526136, -0.641988, -0.557704, -5e-05, 0.0, 0.0, 0.0, 1.0], [0.621668, -0.783092, 0.0172, -0.124061, -0.56161, -0.430319, 0.706696, -0.003857, -0.546007, -0.44899, -0.707307, -5e-05, 0.0, 0.0, 0.0, 1.0], [0.778967, -0.625907, -0.038096, -0.124439, -0.413767, -0.558699, 0.718785, -0.003446, -0.471177, -0.544147, -0.694187, -3.5e-05, 0.0, 0.0, 0.0, 1.0], [0.891774, -0.450189, -0.045504, -0.125006, -0.308699, -0.67884, 0.666245, -0.00283, -0.330826, -0.580093, -0.744344, -1.2e-05, 0.0, 0.0, 0.0, 1.0]]}, {"name": "Leg_L", "time": [0.0, 0.1, 0.2, 0.2333, 0.3333, 0.4, 0.5, 0.7, 1.0], "transform": [[0.999347, 0.036118, -0.000432, -0.0, -0.033411, 0.928873, 0.36889, 0.37472, 0.013725, -0.368635, 0.929472, 0.0, 0.0, 0.0, 0.0, 1.0], [0.996139, 0.087674, -0.004444, 0.0, -0.056651, 0.680683, 0.730385, 0.37472, 0.067061, -0.727314, 0.683022, 0.0, 0.0, 0.0, 0.0, 1.0], [0.991313, 0.130098, -0.01927, -0.0, -0.038798, 0.42929, 0.902332, 0.37472, 0.125664, -0.893747, 0.430609, 0.0, 0.0, 0.0, 0.0, 1.0], [0.998444, 0.055724, -0.001739, 0.0, -0.039718, 0.732861, 0.679218, 0.37472, 0.039123, -0.678093, 0.733934, 0.0, 0.0, 0.0, 0.0, 1.0], [0.98801, -0.137189, 0.070836, -0.0, -0.088384, -0.126358, 0.988042, 0.37472, -0.126598, -0.982452, -0.136969, 0.0, 0.0, 0.0, 0.0, 1.0], [0.985244, -0.170046, 0.01943, -0.0, -0.042211, -0.131398, 0.99043, 0.37472, -0.165865, -0.976637, -0.136637, 0.0, 0.0, 0.0, 0.0, 1.0], [0.987044, -0.158935, 0.021982, 0.0, -0.045903, -0.148444, 0.987855, 0.37472, -0.153742, -0.976066, -0.153816, -0.0, 0.0, 0.0, 0.0, 1.0], [0.997013, -0.057372, 0.051689, -0.0, -0.022557, 0.423791, 0.905479, 0.37472, -0.073855, -0.903941, 0.421231, -0.0, 0.0, 0.0, 0.0, 1.0], [0.999679, -0.003363, 0.025107, 0.0, -0.017449, 0.627074, 0.778764, 0.37472, -0.018363, -0.778953, 0.626814, -0.0, 0.0, 0.0, 0.0, 1.0]]}, {"name": "Knee_L", "time": [0.0, 0.1, 0.2, 0.2333, 0.3333, 0.4, 0.5, 1.0], "transform": [[1.0, -0.0, 0.0, -0.0, 0.0, 0.0, -1.0, 0.37472, 0.0, 1.0, 0.0, 0.0, 0.0, 0.0, 0.0, 1.0], [1.0, -0.0, 0.0, 0.0, 0.0, 0.0, -1.0, 0.37472, 0.0, 1.0, 0.0, 0.0, 0.0, 0.0, 0.0, 1.0], [1.0, -0.0, 0.0, -0.0, 0.0, 0.0, -1.0, 0.37472, 0.0, 1.0, 0.0, 0.0, 0.0, 0.0, 0.0, 1.0], [1.0, -0.0, 0.0, 0.0, 0.0, 0.0, -1.0, 0.37472, 0.0, 1.0, 0.0, 0.0, 0.0, 0.0, 0.0, 1.0], [1.0, -0.0, 0.0, -0.0, 0.0, 0.0, -1.0, 0.37472, 0.0, 1.0, 0.0, 0.0, 0.0, 0.0, 0.0, 1.0], [1.0, -0.0, 0.0, -0.0, 0.0, 0.0, -1.0, 0.37472, 0.0, 1.0, 0.0, 0.0, 0.0, 0.0, 0.0, 1.0], [1.0, -0.0, 0.0, 0.0, 0.0, 0.0, -1.0, 0.37472, 0.0, 1.0, 0.0, -0.0, 0.0, 0.0, 0.0, 1.0], [1.0, -0.0, 0.0, 0.0, 0.0, 0.0, -1.0, 0.37472, 0.0, 1.0, 0.0, -0.0, 0.0, 0.0, 0.0, 1.0]]}, {"name": "Torso", "time": [0.0, 0.1, 0.2, 0.2333, 0.3333, 0.4, 0.5, 1.0], "transform": [[0.992662, -0.114829, 0.037879, 0.0, 0.120915, 0.942697, -0.310966, 0.05, -0.0, 0.313265, 0.949665, -0.0, 0.0, 0.0, 0.0, 1.0], [0.991131, -0.123938, 0.047938, -0.0, 0.132886, 0.924392, -0.357549, 0.05, -0.0, 0.360749, 0.932663, 0.0, 0.0, 0.0, 0.0, 1.0], [0.99567, -0.088622, 0.028056, 0.0, 0.092957, 0.949237, -0.300513, 0.05, -0.0, 0.30182, 0.953366, -0.0, 0.0, 0.0, 0.0, 1.0], [0.999529, 0.029922, 0.006865, -0.0, -0.0307, 0.974219, 0.223507, 0.05, 0.0, -0.223612, 0.974679, 0.0, 0.0, 0.0, 0.0, 1.0], [0.995044, -0.099388, -0.003266, -0.0, 0.099441, 0.994507, 0.032679, 0.05, 0.0, -0.032842, 0.999461, 0.0, 0.0, 0.0, 0.0, 1.0], [0.866025, -0.485228, -0.12064, 0.0, 0.5, 0.840439, 0.208954, 0.05, -0.0, -0.24128, 0.970455, 0.0, 0.0, 0.0, 0.0, 1.0], [0.866025, -0.498768, -0.035074, -0.0, 0.5, 0.863892, 0.06075, 0.05, -0.0, -0.070148, 0.997536, 0.0, 0.0, 0.0, 0.0, 1.0], [0.992201, -0.124113, -0.011522, -0.0, 0.124647, 0.987953, 0.091715, 0.05, 0.0, -0.092436, 0.995719, -0.0, 0.0, 0.0, 0.0, 1.0]]}, {"name": "Chest", "time": [0.0, 0.1, 0.2, 0.2333, 0.3333, 0.4, 0.5, 0.7, 1.0], "transform": [[0.705619, -0.135748, 0.695467, -0.0, -0.045852, 0.970674, 0.235987, 0.3, -0.707107, -0.198406, 0.6787, 0.0, 0.0, 0.0, 0.0, 1.0], [0.690594, -0.239862, 0.682308, 0.0, 0.151916, 0.970465, 0.187401, 0.3, -0.707106, -0.025765, 0.706637, 0.0, 0.0, 0.0, 0.0, 1.0], [0.678889, -0.337793, 0.651925, 0.0, 0.264827, 0.940775, 0.21168, 0.3, -0.684817, 0.02894, 0.72814, 0.0, 0.0, 0.0, 0.0, 1.0], [0.812046, -0.002754, 0.583587, 0.0, 0.129221, 0.976015, -0.175202, 0.3, -0.569107, 0.217683, 0.792927, 0.0, 0.0, 0.0, 0.0, 1.0], [0.777456, 0.127459, -0.615888, 0.0, -0.023649, 0.984482, 0.173887, 0.3, 0.628494, -0.120625, 0.768405, -0.0, 0.0, 0.0, 0.0, 1.0], [0.807055, 0.167387, -0.566253, 0.0, 0.024381, 0.948715, 0.315193, 0.3, 0.589972, -0.268184, 0.761584, -0.0, 0.0, 0.0, 0.0, 1.0], [0.838034, 0.02487, -0.54505, -0.0, 0.203856, 0.912344, 0.355065, 0.3, 0.506104, -0.408669, 0.759505, 0.0, 0.0, 0.0, 0.0, 1.0], [0.903981, -0.123988, -0.409202, -0.0, 0.268232, 0.909736, 0.316909, 0.3, 0.332973, -0.396241, 0.855641, -0.0, 0.0, 0.0, 0.0, 1.0], [0.988641, 0.033477, -0.146525, -0.0, -0.00633, 0.983289, 0.181942, 0.3, 0.150167, -0.178948, 0.972331, -0.0, 0.0, 0.0, 0.0, 1.0]]}, {"name": "Head", "time": [0.0, 0.1, 0.2, 0.2333, 0.3333, 0.4, 0.5, 1.0], "transform": [[-0.632529, 0.107164, -0.767086, 0.0, -0.035248, 0.985373, 0.166724, 0.4, 0.773735, 0.132496, -0.619501, 0.0, 0.0, 0.0, 0.0, 1.0], [-0.065587, 0.112666, -0.991466, 0.0, -0.076018, 0.990154, 0.117546, 0.4, 0.994946, 0.083078, -0.056377, 0.0, 0.0, 0.0, 0.0, 1.0], [0.30137, 0.141803, -0.942907, 0.0, -0.186609, 0.978529, 0.087517, 0.4, 0.935067, 0.149579, 0.32136, -0.0, 0.0, 0.0, 0.0, 1.0], [0.86774, -0.112629, -0.48409, 0.0, -0.039496, 0.95528, -0.293053, 0.4, 0.495447, 0.273413, 0.824485, 0.0, 0.0, 0.0, 0.0, 1.0], [0.377768, 0.201406, 0.903729, 0.0, 0.031476, 0.972697, -0.229934, 0.4, -0.925365, 0.115308, 0.361114, 0.0, 0.0, 0.0, 0.0, 1.0], [-0.066016, 0.304411, 0.95025, 0.0, 0.094517, 0.949954, -0.297749, 0.4, -0.993333, 0.070159, -0.091483, -0.0, 0.0, 0.0, 0.0, 1.0], [-0.199445, 0.304411, 0.931426, 0.0, 0.135587, 0.949953, -0.281433, 0.4, -0.970484, 0.070159, -0.230736, -0.0, 0.0, 0.0, 0.0, 1.0], [0.550911, 0.018584, 0.834348, 0.0, 0.102733, 0.990628, -0.089897, 0.4, -0.828217, 0.13524, 0.543839, -0.0, 0.0, 0.0, 0.0, 1.0]]}, {"name": "Shoulder_R", "time": [0.0, 0.1, 0.2, 0.2333, 0.2667, 0.3333, 0.4, 0.5, 1.0], "transform": [[0.243188, 0.965579, 0.092291, 0.0, -0.065091, -0.078688, 0.994771, 0.4, 0.967793, -0.247924, 0.043714, 0.0, 0.0, 0.0, 0.0, 1.0], [0.303263, 0.948123, 0.095369, 0.0, -0.081171, -0.074016, 0.993948, 0.4, 0.949445, -0.309169, 0.054513, 0.0, 0.0, 0.0, 0.0, 1.0], [0.043082, 0.963292, 0.264972, 0.0, -0.01153, -0.26472, 0.964256, 0.4, 0.999007, -0.044597, -0.000298, -0.0, 0.0, 0.0, 0.0, 1.0], [0.206299, 0.97427, 0.090759, 0.0, -0.055217, -0.081015, 0.995182, 0.4, 0.976931, -0.210316, 0.037083, -0.0, 0.0, 0.0, 0.0, 1.0], [0.190119, 0.925794, 0.326742, 0.0, -0.050886, -0.323072, 0.945005, 0.4, 0.980442, -0.196289, -0.014312, 0.0, 0.0, 0.0, 0.0, 1.0], [0.010392, 0.923103, 0.384411, 0.0, -0.00278, -0.384403, 0.923161, 0.4, 0.999942, -0.010662, -0.001428, 0.0, 0.0, 0.0, 0.0, 1.0], [-0.250018, 0.881479, 0.400607, 0.0, 0.066922, -0.397025, 0.915365, 0.4, 0.965926, 0.255667, 0.040273, -0.0, 0.0, 0.0, 0.0, 1.0], [-0.250018, 0.881479, 0.400607, 0.0, 0.066922, -0.397025, 0.915365, 0.4, 0.965926, 0.255667, 0.040273, -0.0, 0.0, 0.0, 0.0, 1.0], [0.003846, 0.951291, 0.308268, 0.0, -0.001028, -0.308267, 0.9513, 0.4, 0.999992, -0.003976, -0.000208, 0.0, 0.0, 0.0, 0.0, 1.0]]}, {"name": "Arm_R", "time": [0.0, 0.1, 0.2, 0.2333, 0.2667, 0.3, 0.3333, 0.4, 0.5, 0.7, 1.0], "transform": [[0.81038, -0.086699, 0.579453, 0.0, 0.481496, 0.662049, -0.574326, 0.388385, -0.333834, 0.744427, 0.578257, -0.0, 0.0, 0.0, 0.0, 1.0], [0.678888, -0.696599, -0.232074, -0.0, 0.059958, 0.367613, -0.928044, 0.388385, 0.731788, 0.616122, 0.291336, -0.0, 0.0, 0.0, 0.0, 1.0], [0.65922, -0.736872, 0.149817, -0.0, 0.155594, -0.061254, -0.98592, 0.388385, 0.735675, 0.673248, 0.074273, -0.0, 0.0, 0.0, 0.0, 1.0], [0.670903, -0.579176, -0.463079, -0.0, 0.037161, 0.649958, -0.759057, 0.388385, 0.740613, 0.492049, 0.457578, -0.0, 0.0, 0.0, 0.0, 1.0], [0.431215, -0.436841, -0.789442, -0.0, 0.263567, 0.897799, -0.35283, 0.388385, 0.862894, -0.055926, 0.502279, 0.0, 0.0, 0.0, 0.0, 1.0], [0.087174, -0.437005, -0.895223, -0.0, 0.318687, 0.863656, -0.39056, 0.388385, 0.943843, -0.251249, 0.214556, 0.0, 0.0, 0.0, 0.0, 1.0], [-0.196678, -0.345822, -0.917455, 0.0, 0.1542, 0.913177, -0.377266, 0.388385, 0.968267, -0.215672, -0.126276, -0.0, 0.0, 0.0, 0.0, 1.0], [-0.402631, -0.179447, -0.8976, -0.0, -0.123555, 0.982275, -0.140952, 0.388385, 0.906984, 0.054151, -0.417667, 0.0, 0.0, 0.0, 0.0, 1.0], [-0.35258, 0.077338, -0.932579, 0.0, -0.051388, 0.993474, 0.101816, 0.388385, 0.934368, 0.083821, -0.346305, 0.0, 0.0, 0.0, 0.0, 1.0], [0.416323, 0.416806, -0.808051, 0.0, 0.486479, 0.648702, 0.585254, 0.388385, 0.768123, -0.636755, 0.067302, -0.0, 0.0, 0.0, 0.0, 1.0], [0.345792, 0.144352, -0.927141, -0.0, 0.719876, 0.592955, 0.360809, 0.388385, 0.601837, -0.79219, 0.101123, -0.0, 0.0, 0.0, 0.0, 1.0]]}, {"name": "Hand_R", "time": [0.0, 0.1, 0.2, 0.2333, 0.3333, 0.4, 0.5, 0.7, 1.0], "transform": [[0.926418, -0.371021, 0.063989, 0.0, 0.376491, 0.911792, -0.163983, 0.33, 0.002496, 0.176008, 0.984386, 0.0, 0.0, 0.0, 0.0, 1.0], [0.95688, -0.148428, 0.249701, 0.0, 0.268161, 0.781829, -0.56288, 0.33, -0.111676, 0.605569, 0.787918, -0.0, 0.0, 0.0, 0.0, 1.0], [0.993272, -0.095617, 0.065332, -0.0, 0.112561, 0.929744, -0.350583, 0.33, -0.02722, 0.355579, 0.934249, 0.0, 0.0, 0.0, 0.0, 1.0], [0.995867, -0.086091, 0.028922, 0.0, 0.090692, 0.959576, -0.266443, 0.33, -0.004815, 0.267965, 0.963416, 0.0, 0.0, 0.0, 0.0, 1.0], [0.99292, -0.10156, -0.061607, 0.0, 0.096863, 0.992471, -0.074964, 0.33, 0.068757, 0.068466, 0.995281, 0.0, 0.0, 0.0, 0.0, 1.0], [0.996201, 9e-06, 0.087083, -0.0, 0.039248, 0.892627, -0.449086, 0.33, -0.077737, 0.450798, 0.889235, -0.0, 0.0, 0.0, 0.0, 1.0], [0.999559, 0.008966, 0.028305, 0.0, 0.007738, 0.841705, -0.539883, 0.33, -0.028665, 0.539865, 0.841264, -0.0, 0.0, 0.0, 0.0, 1.0], [0.980173, -0.17397, 0.094846, 0.0, 0.198066, 0.873711, -0.444297, 0.33, -0.005573, 0.454274, 0.890845, -0.0, 0.0, 0.0, 0.0, 1.0], [0.993917, 0.021296, 0.108059, 0.0, 0.011623, 0.95537, -0.295183, 0.33, -0.109522, 0.294643, 0.949311, 0.0, 0.0, 0.0, 0.0, 1.0]]}, {"name": "Tool_R", "time": [0.0, 0.1, 0.2, 0.2333, 0.2667, 0.3333, 0.4, 0.5, 0.7, 1.0], "transform": [[1.0, -0.0, 0.0, -0.0, 0.0, -0.96687, -0.255269, 0.291203, 0.0, 0.255268, -0.966872, 0.0, 0.0, 0.0, 0.0, 1.0], [1.0, -0.0, 0.0, -0.0, 0.0, -0.985863, -0.167554, 0.291204, 0.0, 0.167554, -0.985864, 0.0, 0.0, 0.0, 0.0, 1.0], [1.0, -0.0, 0.0, -0.0, 0.0, -0.991346, -0.131275, 0.291204, 0.0, 0.131275, -0.991347, -0.0, 0.0, 0.0, 0.0, 1.0], [1.0, -0.0, 0.0, 0.0, -0.0, -0.79836, -0.60218, 0.291204, 0.0, 0.60218, -0.798361, -0.0, 0.0, 0.0, 0.0, 1.0], [1.0, -0.0, 0.0, -0.0, 0.0, -0.88993, -0.456098, 0.291204, 0.0, 0.456098, -0.88993, -0.0, 0.0, 0.0, 0.0, 1.0], [1.0, -0.0, 0.0, -0.0, 0.0, -0.789813, -0.613348, 0.291204, 0.0, 0.613348, -0.789813, 0.0, 0.0, 0.0, 0.0, 1.0], [1.0, -0.0, 0.0, -0.0, -0.0, -0.918247, -0.396009, 0.291204, 0.0, 0.396009, -0.918247, 0.0, 0.0, 0.0, 0.0, 1.0], [1.0, -0.0, 0.0, 0.0, -0.0, -0.918247, -0.396009, 0.291204, 0.0, 0.396009, -0.918247, 0.0, 0.0, 0.0, 0.0, 1.0], [1.0, 0.0, 0.0, 0.0, -0.0, -0.999946, -0.010389, 0.291204, 0.0, 0.010389, -0.999946, 0.0, 0.0, 0.0, 0.0, 1.0], [1.0, -0.0, 0.0, -0.0, 0.0, -0.811623, -0.584182, 0.291204, 0.0, 0.584182, -0.811623, 0.0, 0.0, 0.0, 0.0, 1.0]]}, {"name": "Elbow_R", "time": [0.0, 0.1, 0.2, 0.2333, 0.3333, 0.4, 0.5, 1.0], "transform": [[-1.0, 0.0, 0.0, 0.0, -0.0, 0.003494, -0.999994, 0.33, -0.0, -0.999994, -0.003494, 0.0, 0.0, 0.0, 0.0, 1.0], [-1.0, 0.0, 0.0, 0.0, -0.0, 0.006989, -0.999976, 0.33, -0.0, -0.999976, -0.006989, 0.0, 0.0, 0.0, 0.0, 1.0], [-1.0, 0.0, 0.0, -0.0, -0.0, 0.013977, -0.999902, 0.33, -0.0, -0.999902, -0.013977, 0.0, 0.0, 0.0, 0.0, 1.0], [-1.0, 0.0, 0.0, 0.0, -0.0, 0.021256, -0.999774, 0.33, -0.0, -0.999774, -0.021257, 0.0, 0.0, 0.0, 0.0, 1.0], [-1.0, 0.0, 0.0, -0.0, -0.0, 0.025623, -0.999672, 0.33, -0.0, -0.999672, -0.025623, 0.0, 0.0, 0.0, 0.0, 1.0], [-1.0, 0.0, 0.0, -0.0, -0.0, 0.026788, -0.999641, 0.33, -0.0, -0.999641, -0.026788, 0.0, 0.0, 0.0, 0.0, 1.0], [-1.0, 0.0, 0.0, 0.0, -0.0, 0.026788, -0.999641, 0.33, -0.0, -0.999641, -0.026788, 0.0, 0.0, 0.0, 0.0, 1.0], [-1.0, 0.0, 0.0, 0.0, -0.0, 0.015897, -0.999874, 0.33, -0.0, -0.999874, -0.015897, 0.0, 0.0, 0.0, 0.0, 1.0]]}, {"name": "Shoulder_L", "time": [0.0, 0.1, 0.2, 0.2333, 0.3333, 0.4, 0.5, 0.7, 1.0], "transform": [[0.001665, -0.952265, -0.305268, 0.0, 0.000443, -0.305267, 0.952266, 0.4, -0.999998, -0.001721, -8.6e-05, 0.0, 0.0, 0.0, 0.0, 1.0], [-0.008695, -0.952097, -0.305671, 0.0, -0.00233, -0.305663, 0.952137, 0.4, -0.999959, 0.008991, 0.000439, 0.0, 0.0, 0.0, 0.0, 1.0], [1e-06, -0.96599, -0.25858, -0.0, -2e-06, -0.25858, 0.96599, 0.4, -1.0, -0.0, -2e-06, -0.0, 0.0, 0.0, 0.0, 1.0], [-0.004333, -0.945954, -0.324271, 0.0, -0.001162, -0.324269, 0.945964, 0.4, -0.99999, 0.004476, 0.000306, -0.0, 0.0, 0.0, 0.0, 1.0], [-0.006849, -0.931821, -0.362851, 0.0, -0.001836, -0.362847, 0.931847, 0.4, -0.999975, 0.007049, 0.000775, 0.0, 0.0, 0.0, 0.0, 1.0], [-0.250016, -0.873997, -0.416678, 0.0, -0.066928, -0.413717, 0.907942, 0.4, -0.965926, 0.254887, 0.044941, -0.0, 0.0, 0.0, 0.0, 1.0], [-0.250016, -0.873997, -0.416678, 0.0, -0.066928, -0.413716, 0.907942, 0.4, -0.965926, 0.254887, 0.044941, -0.0, 0.0, 0.0, 0.0, 1.0], [-0.196291, -0.892655, -0.405752, -0.0, -0.052546, -0.403631, 0.913411, 0.4, -0.979136, 0.200615, 0.032323, -0.0, 0.0, 0.0, 0.0, 1.0], [0.003428, -0.948585, -0.316502, -0.0, 0.000915, -0.3165, 0.948592, 0.4, -0.999993, -0.003541, -0.000217, -0.0, 0.0, 0.0, 0.0, 1.0]]}, {"name": "Arm_L", "time": [0.0, 0.1, 0.2, 0.2333, 0.3333, 0.4, 0.5, 0.7, 0.8, 1.0], "transform": [[-0.120116, 0.19009, 0.974391, 0.0, -0.709607, 0.669967, -0.218177, 0.388354, -0.694283, -0.717641, 0.054415, 0.0, 0.0, 0.0, 0.0, 1.0], [-0.219611, -0.062714, 0.97357, -0.0, -0.531041, 0.844821, -0.065368, 0.388354, -0.818393, -0.531361, -0.218836, -0.0, 0.0, 0.0, 0.0, 1.0], [-0.186958, -0.293225, 0.937585, -0.0, -0.546176, 0.824331, 0.148896, 0.388354, -0.816541, -0.484249, -0.314267, 0.0, 0.0, 0.0, 0.0, 1.0], [-0.118143, -0.489262, 0.864098, -0.0, -0.552573, 0.755407, 0.35217, 0.388354, -0.825049, -0.435871, -0.359599, 0.0, 0.0, 0.0, 0.0, 1.0], [0.300276, -0.588502, 0.750666, -0.0, -0.307871, 0.685067, 0.660226, 0.388354, -0.902801, -0.429358, 0.024527, -0.0, 0.0, 0.0, 0.0, 1.0], [0.275227, -0.349551, 0.89558, -0.0, 0.089873, 0.936833, 0.338033, 0.388354, -0.957169, -0.012547, 0.289257, 0.0, 0.0, 0.0, 0.0, 1.0], [0.263908, -0.442578, 0.857016, -0.0, 0.008978, 0.889605, 0.456643, 0.388354, -0.964506, -0.112817, 0.238748, 0.0, 0.0, 0.0, 0.0, 1.0], [0.28854, 0.32252, 0.901512, 0.0, -0.14821, 0.945255, -0.290733, 0.388354, -0.945927, -0.049725, 0.320545, 0.0, 0.0, 0.0, 0.0, 1.0], [0.349115, 0.232763, 0.90771, 0.0, -0.227195, 0.960783, -0.158991, 0.388354, -0.90912, -0.150721, 0.388306, -0.0, 0.0, 0.0, 0.0, 1.0], [0.27227, 0.151969, 0.950144, -0.0, -0.699865, 0.708936, 0.087161, 0.388354, -0.660346, -0.688704, 0.29938, 0.0, 0.0, 0.0, 0.0, 1.0]]}, {"name": "Hand_L", "time": [0.0, 0.1, 0.2, 0.2333, 0.3333, 0.4, 0.5, 0.8, 1.0], "transform": [[0.94642, 0.019121, -0.362213, 0.0, -0.359391, 0.267053, -0.896359, 0.33, 0.08083, 0.963505, 0.25563, -0.0, 0.0, 0.0, 0.0, 1.0], [1.014009, 0.011305, -0.010382, 0.0, -0.014636, 0.462107, -0.886707, 0.33, -0.0053, 0.886752, 0.462215, -0.0, 0.0, 0.0, 0.0, 1.0], [0.995834, 2.5e-05, -0.173616, 0.0, -0.150014, 0.519587, -0.841439, 0.33, 0.091197, 0.854417, 0.5117, -0.0, 0.0, 0.0, 0.0, 1.0], [0.974713, 0.080948, -0.233252, 0.0, -0.248314, 0.33236, -0.91027, 0.33, 0.003862, 0.939673, 0.342054, 0.0, 0.0, 0.0, 0.0, 1.0], [1.000501, 0.004842, -0.002137, -0.0, -0.004268, 0.498325, -0.866979, 0.33, -0.003135, 0.866977, 0.498339, -0.0, 0.0, 0.0, 0.0, 1.0], [0.872555, 0.306373, -0.381828, -0.0, -0.488424, 0.4845, -0.725983, 0.33, -0.037449, 0.819422, 0.572014, 0.0, 0.0, 0.0, 0.0, 1.0], [0.872555, 0.306373, -0.381828, -0.0, -0.488424, 0.4845, -0.725983, 0.33, -0.037449, 0.819422, 0.572014, -0.0, 0.0, 0.0, 0.0, 1.0], [0.913773, 0.365978, -0.177535, -0.0, -0.392645, 0.678816, -0.620594, 0.33, -0.106636, 0.636624, 0.763784, 0.0, 0.0, 0.0, 0.0, 1.0], [0.998309, -0.058097, -0.00193, 0.0, 0.051808, 0.904325, -0.423688, 0.33, 0.02636, 0.422871, 0.905807, -0.0, 0.0, 0.0, 0.0, 1.0]]}, {"name": "Tool_L", "time": [0.0, 0.1, 0.2, 0.2333, 0.3333, 0.4, 0.5, 1.0], "transform": [[1.0, 0.0002, -0.000511, -0.0, 0.0002, -0.999999, 0.000944, 0.291204, -0.000511, -0.000945, -1.0, 0.0, 0.0, 0.0, 0.0, 1.0], [1.0, 0.000263, -0.000674, 0.0, 0.000264, -0.999999, 0.001246, 0.291204, -0.000674, -0.001246, -0.999999, 0.0, 0.0, 0.0, 0.0, 1.0], [1.0, 0.00039, -0.001, -0.0, 0.000392, -0.999998, 0.001848, 0.291204, -0.000999, -0.001848, -0.999998, 0.0, 0.0, 0.0, 0.0, 1.0], [0.999999, 0.000449, -0.00115, -0.0, 0.000451, -0.999997, 0.002124, 0.291204, -0.001149, -0.002124, -0.999997, 0.0, 0.0, 0.0, 0.0, 1.0], [0.999999, 0.000484, -0.001239, 0.0, 0.000486, -0.999997, 0.002289, 0.291204, -0.001238, -0.00229, -0.999997, 0.0, 0.0, 0.0, 0.0, 1.0], [0.999999, 0.000443, -0.001135, 0.0, 0.000445, -0.999998, 0.002096, 0.291204, -0.001134, -0.002097, -0.999997, 0.0, 0.0, 0.0, 0.0, 1.0], [0.999999, 0.000443, -0.001135, 0.0, 0.000445, -0.999998, 0.002096, 0.291204, -0.001134, -0.002097, -0.999997, 0.0, 0.0, 0.0, 0.0, 1.0], [1.0, 0.00026, -0.000665, -0.0, 0.000261, -0.999999, 0.001229, 0.291204, -0.000665, -0.00123, -0.999999, 0.0, 0.0, 0.0, 0.0, 1.0]]}, {"name": "Elbow_L", "time": [0.0, 0.1, 0.2, 0.2333, 0.3333, 0.4, 0.5, 1.0], "transform": [[-1.0, 0.0, -0.0, 0.0, 0.0, -0.0, -1.0, 0.33, -0.0, -1.0, 0.0, 0.0, 0.0, 0.0, 0.0, 1.0], [-1.0, 0.0, -0.0, 0.0, 0.0, -0.0, -1.0, 0.33, -0.0, -1.0, 0.0, 0.0, 0.0, 0.0, 0.0, 1.0], [-1.0, 0.0, -0.0, 0.0, 0.0, -0.0, -1.0, 0.33, -0.0, -1.0, 0.0, 0.0, 0.0, 0.0, 0.0, 1.0], [-1.0, 0.0, -0.0, 0.0, 0.0, -0.0, -1.0, 0.33, -0.0, -1.0, 0.0, 0.0, 0.0, 0.0, 0.0, 1.0], [-1.0, 0.0, -0.0, 0.0, 0.0, -0.0, -1.0, 0.33, -0.0, -1.0, 0.0, 0.0, 0.0, 0.0, 0.0, 1.0], [-1.0, 0.0, -0.0, 0.0, 0.0, -0.0, -1.0, 0.33, -0.0, -1.0, 0.0, 0.0, 0.0, 0.0, 0.0, 1.0], [-1.0, 0.0, -0.0, 0.0, 0.0, -0.0, -1.0, 0.33, -0.0, -1.0, 0.0, 0.0, 0.0, 0.0, 0.0, 1.0], [-1.0, -0.0, -0.0, 0.0, 0.0, -0.0, -1.0, 0.33, -0.0, -1.0, 0.0, -0.0, 0.0, 0.0, 0.0, 1.0]]}]}