{"animation": [{"name": "Root", "time": [0.0, 0.0333, 0.0667, 0.1, 0.15, 0.2167, 0.4, 0.9], "transform": [[-0.779741, -0.080377, 0.620921, -5e-06, 0.614634, 0.090671, 0.783584, 0.000946, -0.119281, 0.992632, -0.021298, 0.498352, 0.0, 0.0, 0.0, 1.0], [-0.929413, -0.081732, -0.359876, -5e-06, -0.361766, 0.009119, 0.932224, 0.600946, -0.072911, 0.996613, -0.038043, 0.547757, 0.0, 0.0, 0.0, 1.0], [-0.337097, -0.026806, -0.941088, -5e-06, -0.940668, -0.031653, 0.337849, 0.621749, -0.038845, 0.999139, -0.014545, 0.407161, 0.0, 0.0, 0.0, 1.0], [0.230355, 0.048207, -0.971912, -5e-06, -0.972895, 0.032224, -0.22899, 0.97051, 0.02028, 0.998317, 0.054323, 0.391948, 0.0, 0.0, 0.0, 1.0], [0.957924, -0.136117, 0.252691, -5e-06, 0.281439, 0.272683, -0.92002, 1.50694, 0.056326, 0.952426, 0.299518, 0.459128, 0.0, 0.0, 0.0, 1.0], [0.099441, -0.201489, 0.97443, -5e-06, 0.941667, 0.335484, -0.026727, 1.797078, -0.321521, 0.920246, 0.223096, 0.428192, 0.0, 0.0, 0.0, 1.0], [-0.023837, -0.201489, 0.979201, -5e-06, 0.964233, 0.254003, 0.075738, 1.700946, -0.26398, 0.945984, 0.188228, 0.440069, 0.0, 0.0, 0.0, 1.0], [0.845746, -0.013887, -0.533406, -5e-06, -0.533057, 0.022512, -0.84578, 1.700946, 0.023753, 0.99965, 0.011637, 0.575058, 0.0, 0.0, 0.0, 1.0]]}, {"name": "Thigh_R", "time": [0.0, 0.0333, 0.0667, 0.1, 0.15, 0.2167, 0.4, 0.9], "transform": [[0.720367, 0.688377, 0.084887, 0.124994, 0.399702, -0.512033, 0.760302, -0.002831, 0.56684, -0.513768, -0.643998, -1.2e-05, 0.0, 0.0, 0.0, 1.0], [0.912641, 0.4071, 0.036797, 0.124994, 0.172406, -0.464991, 0.868365, -0.002831, 0.370622, -0.786162, -0.494557, -1.2e-05, 0.0, 0.0, 0.0, 1.0], [0.540974, 0.838837, 0.060792, 0.124994, 0.512563, -0.386136, 0.766925, -0.002831, 0.666801, -0.383727, -0.638847, -1.2e-05, 0.0, 0.0, 0.0, 1.0], [0.697557, 0.71064, -0.091662, 0.124994, 0.338298, -0.213866, 0.916413, -0.002831, 0.631637, -0.67026, -0.389592, -1.2e-05, 0.0, 0.0, 0.0, 1.0], [0.783571, 0.600671, 0.158768, 0.124994, 0.236234, -0.52439, 0.81805, -0.002831, 0.574636, -0.603495, -0.552796, -1.2e-05, 0.0, 0.0, 0.0, 1.0], [0.499428, 0.856555, -0.129918, 0.124994, 0.524382, -0.179503, 0.832344, -0.00283, 0.68963, -0.483825, -0.538813, -1.2e-05, 0.0, 0.0, 0.0, 1.0], [0.452705, 0.890096, 0.052767, 0.124994, 0.562029, -0.330791, 0.758087, -0.002831, 0.692227, -0.313534, -0.650011, -1.2e-05, 0.0, 0.0, 0.0, 1.0], [0.863867, 0.45838, 0.208855, 0.125469, 0.373875, -0.861335, 0.343973, 0.017162, 0.337565, -0.219061, -0.915456, 0.000221, 0.0, 0.0, 0.0, 1.0]]}, {"name": "Leg_R", "time": [0.0, 0.0333, 0.0667, 0.1, 0.15, 0.2167, 0.4, 0.9], "transform": [[0.989303, 0.133279, -0.059294, -0.0, 0.017267, 0.296625, 0.954838, 0.37472, 0.144848, -0.945647, 0.291151, -0.0, 0.0, 0.0, 0.0, 1.0], [0.990181, 0.12221, -0.067865, -0.0, 0.017283, 0.374728, 0.926973, 0.37472, 0.138717, -0.919044, 0.368937, 0.0, 0.0, 0.0, 0.0, 1.0], [0.984658, 0.172473, -0.026488, 0.0, 0.017186, 0.055203, 0.998327, 0.37472, 0.173647, -0.983465, 0.051392, 0.0, 0.0, 0.0, 0.0, 1.0], [0.994826, 0.027348, -0.097844, 0.0, 0.082838, 0.339188, 0.937064, 0.37472, 0.058815, -0.94032, 0.335167, 0.0, 0.0, 0.0, 0.0, 1.0], [0.993591, -0.099459, -0.053705, -0.0, 0.017342, -0.335366, 0.941927, 0.37472, -0.111694, -0.936823, -0.331491, -0.0, 0.0, 0.0, 0.0, 1.0], [0.991112, 0.123561, -0.049282, -0.0, 0.066745, -0.141435, 0.987693, 0.37472, 0.11507, -0.982205, -0.148425, 0.0, 0.0, 0.0, 0.0, 1.0], [0.982849, 0.16931, -0.073085, -0.0, 0.062079, 0.069413, 0.995656, 0.37472, 0.173647, -0.983114, 0.057712, -0.0, 0.0, 0.0, 0.0, 1.0], [0.99778, -0.066602, 0.000642, -0.0, 0.0381, 0.578648, 0.814687, 0.37472, -0.054631, -0.812853, 0.579901, -0.0, 0.0, 0.0, 0.0, 1.0]]}, {"name": "Knee_R", "time": [0.0, 0.0333, 0.0667, 0.1, 0.15, 0.2167, 0.4, 0.9], "transform": [[1.0, 0.0, -1e-06, -0.0, -1e-06, 0.0, -1.0, 0.37472, -0.0, 1.0, 0.0, -0.0, 0.0, 0.0, 0.0, 1.0], [1.0, 0.0, -1e-06, -0.0, -1e-06, 0.0, -1.0, 0.37472, -0.0, 1.0, 0.0, 0.0, 0.0, 0.0, 0.0, 1.0], [1.0, 0.0, -1e-06, 0.0, -1e-06, 0.0, -1.0, 0.37472, -0.0, 1.0, 0.0, 0.0, 0.0, 0.0, 0.0, 1.0], [1.0, 0.0, -1e-06, 0.0, -1e-06, 0.0, -1.0, 0.37472, -0.0, 1.0, 0.0, 0.0, 0.0, 0.0, 0.0, 1.0], [1.0, 0.0, -1e-06, -0.0, -1e-06, 0.0, -1.0, 0.37472, -0.0, 1.0, 0.0, -0.0, 0.0, 0.0, 0.0, 1.0], [1.0, 0.0, -1e-06, -0.0, -1e-06, 0.0, -1.0, 0.37472, -0.0, 1.0, 0.0, 0.0, 0.0, 0.0, 0.0, 1.0], [1.0, 0.0, -1e-06, -0.0, -1e-06, 0.0, -1.0, 0.37472, -0.0, 1.0, 0.0, -0.0, 0.0, 0.0, 0.0, 1.0], [1.0, 0.0, -1e-06, -0.0, -1e-06, 0.0, -1.0, 0.37472, -0.0, 1.0, 0.0, -0.0, 0.0, 0.0, 0.0, 1.0]]}, {"name": "Thigh_L", "time": [0.0, 0.0333, 0.0667, 0.1, 0.15, 0.2167, 0.4, 0.9], "transform": [[0.91421, -0.210266, 0.346419, -0.125006, -0.371416, -0.776664, 0.508765, -0.002831, 0.162075, -0.593784, -0.788131, -1.2e-05, 0.0, 0.0, 0.0, 1.0], [0.977858, -0.202896, -0.051225, -0.125006, -0.17663, -0.931528, 0.31789, -0.002831, -0.112216, -0.301804, -0.946742, -1.2e-05, 0.0, 0.0, 0.0, 1.0], [0.637839, -0.76593, 0.080676, -0.125006, -0.608225, -0.43669, 0.662843, -0.002831, -0.472462, -0.471857, -0.744397, -1.2e-05, 0.0, 0.0, 0.0, 1.0], [0.86283, -0.503997, -0.038832, -0.125006, -0.395815, -0.721406, 0.568242, -0.002831, -0.314407, -0.474926, -0.821943, -1.2e-05, 0.0, 0.0, 0.0, 1.0], [0.972759, -0.033025, 0.229451, -0.125006, -0.16143, -0.806864, 0.568251, -0.002831, 0.166369, -0.589811, -0.790216, -1.2e-05, 0.0, 0.0, 0.0, 1.0], [0.766656, -0.250974, 0.590971, -0.125006, -0.595454, -0.622194, 0.508237, -0.002831, 0.240145, -0.74154, -0.626454, -1.2e-05, 0.0, 0.0, 0.0, 1.0], [0.778924, -0.0783, 0.622208, -0.125006, -0.582248, -0.458835, 0.671159, -0.002831, 0.232939, -0.885063, -0.402988, -1.2e-05, 0.0, 0.0, 0.0, 1.0], [0.925513, -0.372504, 0.068319, -0.124531, -0.3102, -0.642143, 0.701019, 0.017162, -0.217262, -0.669995, -0.709862, 0.000221, 0.0, 0.0, 0.0, 1.0]]}, {"name": "Leg_L", "time": [0.0, 0.0333, 0.0667, 0.1, 0.15, 0.2167, 0.4, 0.9], "transform": [[0.994134, -0.041058, 0.100076, -0.0, -0.075125, 0.403586, 0.911852, 0.37472, -0.077828, -0.91402, 0.398133, -0.0, 0.0, 0.0, 0.0, 1.0], [0.981058, -0.122735, 0.149886, 0.0, -0.107865, 0.29661, 0.948887, 0.37472, -0.16092, -0.947079, 0.277752, 0.0, 0.0, 0.0, 0.0, 1.0], [0.983321, -0.057425, 0.172582, -0.0, -0.054115, 0.813518, 0.579016, 0.37472, -0.173649, -0.578697, 0.796842, 0.0, 0.0, 0.0, 0.0, 1.0], [0.979213, 0.079582, 0.186579, 0.0, -0.160836, -0.255861, 0.953239, 0.37472, 0.1236, -0.963432, -0.237742, -0.0, 0.0, 0.0, 0.0, 1.0], [0.997445, 0.001667, 0.071404, -0.0, -0.071404, 0.000134, 0.997447, 0.37472, 0.001653, -0.999998, 0.000253, -0.0, 0.0, 0.0, 0.0, 1.0], [0.996917, 0.065162, 0.04372, -0.0, -0.078178, 0.776782, 0.624898, 0.37472, 0.006759, -0.626389, 0.779481, 0.0, 0.0, 0.0, 0.0, 1.0], [0.990267, 0.117109, 0.075215, 0.0, -0.126024, 0.525066, 0.841679, 0.37472, 0.059076, -0.842966, 0.534714, 0.0, 0.0, 0.0, 0.0, 1.0], [0.999045, -0.010818, 0.04231, -0.0, -0.023873, 0.675966, 0.736546, 0.37472, -0.036568, -0.736854, 0.675063, 0.0, 0.0, 0.0, 0.0, 1.0]]}, {"name": "Knee_L", "time": [0.0, 0.0333, 0.0667, 0.1, 0.15, 0.2167, 0.4, 0.9], "transform": [[1.0, -0.0, 0.0, -0.0, 0.0, 0.0, -1.0, 0.37472, 0.0, 1.0, 0.0, -0.0, 0.0, 0.0, 0.0, 1.0], [1.0, -0.0, 0.0, 0.0, 0.0, 0.0, -1.0, 0.37472, 0.0, 1.0, 0.0, 0.0, 0.0, 0.0, 0.0, 1.0], [1.0, -0.0, 0.0, -0.0, 0.0, 0.0, -1.0, 0.37472, 0.0, 1.0, 0.0, 0.0, 0.0, 0.0, 0.0, 1.0], [1.0, -0.0, 0.0, 0.0, 0.0, 0.0, -1.0, 0.37472, 0.0, 1.0, 0.0, -0.0, 0.0, 0.0, 0.0, 1.0], [1.0, -0.0, 0.0, -0.0, 0.0, 0.0, -1.0, 0.37472, 0.0, 1.0, 0.0, -0.0, 0.0, 0.0, 0.0, 1.0], [1.0, -0.0, 0.0, -0.0, 0.0, 0.0, -1.0, 0.37472, 0.0, 1.0, 0.0, 0.0, 0.0, 0.0, 0.0, 1.0], [1.0, -0.0, 0.0, 0.0, 0.0, 0.0, -1.0, 0.37472, 0.0, 1.0, 0.0, 0.0, 0.0, 0.0, 0.0, 1.0], [1.0, -0.0, 0.0, -0.0, 0.0, 0.0, -1.0, 0.37472, 0.0, 1.0, 0.0, 0.0, 0.0, 0.0, 0.0, 1.0]]}, {"name": "Torso", "time": [0.0, 0.0333, 0.0667, 0.1, 0.15, 0.2167, 0.4, 0.9], "transform": [[0.998586, 0.048892, 0.020906, -0.0, -0.053174, 0.918171, 0.392601, 0.05, -0.0, -0.393158, 0.919471, 0.0, 0.0, 0.0, 0.0, 1.0], [0.996766, -0.075689, -0.026994, -0.0, 0.080359, 0.938844, 0.334835, 0.05, -0.0, -0.335922, 0.94189, 0.0, 0.0, 0.0, 0.0, 1.0], [0.986201, 0.162339, 0.03248, -0.0, -0.165556, 0.967035, 0.193477, 0.05, -0.0, -0.196185, 0.980567, -0.0, 0.0, 0.0, 0.0, 1.0], [0.956913, -0.283598, 0.06237, 0.0, 0.290376, 0.934579, -0.205535, 0.05, -0.0, 0.214789, 0.97666, -0.0, 0.0, 0.0, 0.0, 1.0], [0.997775, -0.065965, 0.009656, -0.0, 0.066668, 0.987255, -0.14451, 0.05, 0.0, 0.144832, 0.989455, -0.0, 0.0, 0.0, 0.0, 1.0], [0.980541, 0.183642, -0.069388, 0.0, -0.196313, 0.917249, -0.346575, 0.05, 0.0, 0.353454, 0.935451, -0.0, 0.0, 0.0, 0.0, 1.0], [0.997199, 0.066704, -0.033806, -0.0, -0.074782, 0.889488, -0.450797, 0.05, 0.0, 0.452063, 0.891984, -0.0, 0.0, 0.0, 0.0, 1.0], [0.995475, -0.094436, -0.010524, -0.0, 0.09502, 0.989351, 0.110249, 0.05, -0.0, -0.110751, 0.993848, -0.0, 0.0, 0.0, 0.0, 1.0]]}, {"name": "Chest", "time": [0.0, 0.0333, 0.0667, 0.1, 0.15, 0.2167, 0.4, 0.9], "transform": [[0.686591, 0.068528, 0.723806, 0.0, -0.398086, 0.868488, 0.295392, 0.3, -0.608374, -0.490951, 0.623576, 0.0, 0.0, 0.0, 0.0, 1.0], [0.850757, 0.183567, 0.492458, -0.0, -0.170146, 0.982756, -0.07239, 0.3, -0.497255, -0.022203, 0.867319, 0.0, 0.0, 0.0, 0.0, 1.0], [0.988835, 0.148979, 0.003139, -0.0, -0.141318, 0.930888, 0.336863, 0.3, 0.047264, -0.333546, 0.941548, -0.0, 0.0, 0.0, 0.0, 1.0], [0.941306, 0.253737, 0.222619, 0.0, -0.324965, 0.859613, 0.394288, 0.3, -0.091321, -0.44349, 0.891614, -0.0, 0.0, 0.0, 0.0, 1.0], [0.804624, 0.128334, 0.579749, -0.0, -0.351689, 0.889686, 0.291161, 0.3, -0.478429, -0.438168, 0.760995, 0.0, 0.0, 0.0, 0.0, 1.0], [0.904657, -0.10132, 0.41392, -0.0, 0.00307, 0.972849, 0.231425, 0.3, -0.426129, -0.20809, 0.880404, 0.0, 0.0, 0.0, 0.0, 1.0], [0.718845, -0.122746, 0.684247, -0.0, -0.066884, 0.967511, 0.243825, 0.3, -0.691945, -0.221038, 0.68728, -0.0, 0.0, 0.0, 0.0, 1.0], [0.920224, 0.060891, -0.386626, -0.0, 0.021543, 0.978446, 0.205374, 0.3, 0.390799, -0.197319, 0.899078, -0.0, 0.0, 0.0, 0.0, 1.0]]}, {"name": "Head", "time": [0.0, 0.0333, 0.0667, 0.1, 0.15, 0.2167, 0.4, 0.9], "transform": [[-0.161305, -0.771862, -0.614988, 0.0, -0.086917, 0.631838, -0.770212, 0.4, 0.98307, -0.070786, -0.169007, -0.0, 0.0, 0.0, 0.0, 1.0], [0.645139, 0.149255, 0.749345, 0.0, -0.535176, 0.788238, 0.303751, 0.4, -0.545327, -0.596994, 0.588401, -0.0, 0.0, 0.0, 0.0, 1.0], [0.304392, -0.361648, 0.881223, 0.0, 0.061814, 0.930674, 0.36059, 0.4, -0.95054, -0.055289, 0.305644, -0.0, 0.0, 0.0, 0.0, 1.0], [0.654177, -0.281096, 0.702162, -0.0, 0.177226, 0.959491, 0.218999, 0.4, -0.735285, -0.018822, 0.677496, -0.0, 0.0, 0.0, 0.0, 1.0], [0.717179, -0.175807, -0.674348, 0.0, 0.103153, 0.983777, -0.146773, 0.4, 0.689212, 0.035701, 0.723679, 0.0, 0.0, 0.0, 0.0, 1.0], [0.017026, -0.155597, -0.987673, 0.0, -0.023661, 0.987478, -0.155973, 0.4, 0.999576, 0.026025, 0.013131, -0.0, 0.0, 0.0, 0.0, 1.0], [-0.135023, 0.038309, -0.990102, 0.0, -0.005701, 0.999206, 0.039439, 0.4, 0.990826, 0.010969, -0.134697, -0.0, 0.0, 0.0, 0.0, 1.0], [0.556758, 0.018593, 0.830465, 0.0, 0.102099, 0.990635, -0.090628, 0.4, -0.824376, 0.135247, 0.549646, 0.0, 0.0, 0.0, 0.0, 1.0]]}, {"name": "Shoulder_R", "time": [0.0, 0.0333, 0.0667, 0.1, 0.15, 0.2167, 0.4, 0.9], "transform": [[0.129617, 0.931655, 0.339449, 0.0, -0.034692, -0.337867, 0.940557, 0.4, 0.990956, -0.133688, -0.011472, -0.0, 0.0, 0.0, 0.0, 1.0], [0.167013, 0.892098, 0.419851, 0.0, -0.044702, -0.418543, 0.907099, 0.4, 0.984941, -0.170266, -0.030024, -0.0, 0.0, 0.0, 0.0, 1.0], [0.132666, 0.944929, 0.299192, 0.0, -0.035508, -0.297136, 0.954178, 0.4, 0.990523, -0.137211, -0.005867, -0.0, 0.0, 0.0, 0.0, 1.0], [0.147018, 0.895341, 0.420423, 0.0, -0.03935, -0.419411, 0.906947, 0.4, 0.98835, -0.149881, -0.02643, -0.0, 0.0, 0.0, 0.0, 1.0], [0.000554, 0.981477, 0.191592, 0.0, -0.000147, -0.191591, 0.981479, 0.4, 0.999999, -0.000572, 3.8e-05, 0.0, 0.0, 0.0, 0.0, 1.0], [0.160534, 0.982992, 0.089222, 0.0, -0.042967, -0.083349, 0.995598, 0.4, 0.986094, -0.163661, 0.028856, -0.0, 0.0, 0.0, 0.0, 1.0], [0.188213, 0.907472, 0.3756, 0.0, -0.050376, -0.373011, 0.926463, 0.4, 0.980834, -0.193293, -0.024491, -0.0, 0.0, 0.0, 0.0, 1.0], [0.003846, 0.951291, 0.308268, 0.0, -0.001028, -0.308267, 0.951299, 0.4, 0.999992, -0.003976, -0.000208, 0.0, 0.0, 0.0, 0.0, 1.0]]}, {"name": "Arm_R", "time": [0.0, 0.0333, 0.0667, 0.1, 0.15, 0.2167, 0.4, 0.9], "transform": [[0.500935, -0.651564, -0.569667, -0.0, 0.844839, 0.511047, 0.158376, 0.388385, 0.187938, -0.560615, 0.806456, 0.0, 0.0, 0.0, 0.0, 1.0], [0.638337, -0.701715, -0.316414, -0.0, 0.757801, 0.500678, 0.418399, 0.388385, -0.135179, -0.50686, 0.851351, -0.0, 0.0, 0.0, 0.0, 1.0], [0.905927, -0.403082, 0.12971, -0.0, 0.395644, 0.914919, 0.079917, 0.388385, -0.150889, -0.02108, 0.988315, 0.0, 0.0, 0.0, 0.0, 1.0], [0.937801, -0.341526, 0.062393, -0.0, 0.313786, 0.910699, 0.268629, 0.388386, -0.148568, -0.232344, 0.96121, 0.0, 0.0, 0.0, 0.0, 1.0], [0.675506, 0.254251, 0.692127, -0.0, -0.270781, 0.958621, -0.087869, 0.388385, -0.685838, -0.12806, 0.716392, -0.0, 0.0, 0.0, 0.0, 1.0], [0.855883, -0.489841, 0.165884, 0.0, 0.496557, 0.688688, -0.528328, 0.388385, 0.144557, 0.534556, 0.832672, 0.0, 0.0, 0.0, 0.0, 1.0], [0.86944, -0.490268, -0.060933, -0.0, 0.309841, 0.637176, -0.705687, 0.388385, 0.384806, 0.594677, 0.705885, 0.0, 0.0, 0.0, 0.0, 1.0], [0.374059, 0.110001, -0.920858, -0.0, 0.703062, 0.613904, 0.358923, 0.388385, 0.604801, -0.781678, 0.152299, 0.0, 0.0, 0.0, 0.0, 1.0]]}, {"name": "Hand_R", "time": [0.0, 0.0333, 0.0667, 0.1, 0.15, 0.2167, 0.4, 0.9], "transform": [[0.017586, -0.009328, 0.999791, 0.0, 0.4008, 0.916175, 0.001497, 0.33, -0.91599, 0.400702, 0.019851, 0.0, 0.0, 0.0, 0.0, 1.0], [-0.0015, -0.045629, 0.998945, 0.0, 0.649047, 0.759918, 0.035684, 0.33, -0.760737, 0.648438, 0.028475, -0.0, 0.0, 0.0, 0.0, 1.0], [-0.046538, 0.03512, 0.99829, 0.0, 0.188686, 0.981711, -0.02574, 0.33, -0.980929, 0.18717, -0.052313, 0.0, 0.0, 0.0, 0.0, 1.0], [0.018217, 0.080148, 0.996608, -0.0, 0.193119, 0.977741, -0.082158, 0.33, -0.981001, 0.193965, 0.002333, -0.0, 0.0, 0.0, 0.0, 1.0], [0.016401, -0.296997, 0.95473, -0.0, 0.223728, 0.931756, 0.285995, 0.33, -0.974508, 0.208914, 0.081727, -0.0, 0.0, 0.0, 0.0, 1.0], [0.001873, -0.260367, 0.965502, -0.0, 0.020509, 0.965327, 0.260272, 0.33, -0.999778, 0.019315, 0.007148, 0.0, 0.0, 0.0, 0.0, 1.0], [0.015371, -0.226518, 0.973878, -0.0, 0.249103, 0.944168, 0.215668, 0.33, -0.968349, 0.239287, 0.070938, 0.0, 0.0, 0.0, 0.0, 1.0], [0.991991, -0.065411, 0.108059, -0.0, 0.094844, 0.950721, -0.295183, 0.33, -0.083426, 0.303067, 0.949311, -0.0, 0.0, 0.0, 0.0, 1.0]]}, {"name": "Tool_R", "time": [0.0, 0.0333, 0.0667, 0.1, 0.15, 0.2167, 0.4, 0.9], "transform": [[1.0, -0.0, 0.0, 0.0, -0.0, -0.992075, -0.12567, 0.291204, 0.0, 0.12567, -0.99207, 0.0, 0.0, 0.0, 0.0, 1.0], [1.000001, 0.0, 0.0, 0.0, -0.0, -0.982504, -0.186261, 0.291204, 0.0, 0.186263, -0.982498, 0.0, 0.0, 0.0, 0.0, 1.0], [1.0, -0.0, 0.0, -0.0, -0.0, -0.969163, -0.246434, 0.291204, 0.0, 0.246435, -0.969157, 0.0, 0.0, 0.0, 0.0, 1.0], [1.000001, 0.0, 0.0, 0.0, -0.0, -0.945748, -0.324912, 0.291204, 0.0, 0.324914, -0.945741, 0.0, 0.0, 0.0, 0.0, 1.0], [1.000001, -0.0, 0.0, -0.0, -0.0, -0.769831, -0.638251, 0.291204, 0.0, 0.638257, -0.769824, 0.0, 0.0, 0.0, 0.0, 1.0], [1.000001, -0.0, 0.0, 0.0, -0.0, -0.757231, -0.65315, 0.291204, 0.0, 0.653171, -0.757206, 0.0, 0.0, 0.0, 0.0, 1.0], [1.000001, -0.0, 0.0, -0.0, -0.0, -0.849333, -0.527862, 0.291204, 0.0, 0.527868, -0.849324, 0.0, 0.0, 0.0, 0.0, 1.0], [1.0, -0.0, 0.0, -0.0, 0.0, -0.900735, -0.43437, 0.291203, 0.0, 0.434371, -0.900735, 0.0, 0.0, 0.0, 0.0, 1.0]]}, {"name": "Elbow_R", "time": [0.0, 0.0333, 0.0667, 0.1, 0.15, 0.2167, 0.4, 0.9], "transform": [[-1.0, 0.0, 0.0, 0.0, -0.0, 0.021594, -0.999767, 0.33, -0.0, -0.999767, -0.021594, 0.0, 0.0, 0.0, 0.0, 1.0], [-1.0, 0.0, 0.0, 0.0, -0.0, 0.021594, -0.999767, 0.33, -0.0, -0.999767, -0.021594, 0.0, 0.0, 0.0, 0.0, 1.0], [-1.0, 0.0, 0.0, 0.0, -0.0, 0.021594, -0.999767, 0.33, -0.0, -0.999767, -0.021594, 0.0, 0.0, 0.0, 0.0, 1.0], [-1.0, 0.0, 0.0, -0.0, -0.0, 0.021594, -0.999767, 0.33, -0.0, -0.999767, -0.021594, 0.0, 0.0, 0.0, 0.0, 1.0], [-1.0, 0.0, 0.0, -0.0, -0.0, 0.021594, -0.999767, 0.33, -0.0, -0.999767, -0.021594, 0.0, 0.0, 0.0, 0.0, 1.0], [-1.0, 0.0, 0.0, -0.0, -0.0, 0.021594, -0.999767, 0.33, -0.0, -0.999767, -0.021594, 0.0, 0.0, 0.0, 0.0, 1.0], [-1.0, 0.0, 0.0, -0.0, -0.0, 0.021594, -0.999767, 0.33, -0.0, -0.999767, -0.021594, 0.0, 0.0, 0.0, 0.0, 1.0], [-1.0, 0.0, 0.0, -0.0, -0.0, 0.015897, -0.999874, 0.33, -0.0, -0.999874, -0.015897, 0.0, 0.0, 0.0, 0.0, 1.0]]}, {"name": "Shoulder_L", "time": [0.0, 0.0333, 0.0667, 0.1, 0.15, 0.2167, 0.4, 0.9], "transform": [[0.412348, -0.815386, -0.406344, -0.0, 0.110377, -0.398029, 0.910708, 0.4, -0.904315, -0.42038, -0.074127, -0.0, 0.0, 0.0, 0.0, 1.0], [0.482996, -0.778959, -0.399921, 0.0, 0.129288, -0.388278, 0.912428, 0.4, -0.866025, -0.492404, -0.086826, -0.0, 0.0, 0.0, 0.0, 1.0], [0.090718, -0.902208, -0.421653, -0.0, 0.024281, -0.421269, 0.90661, 0.4, -0.99558, -0.092484, -0.01631, 0.0, 0.0, 0.0, 0.0, 1.0], [0.081874, -0.902989, -0.421791, -0.0, 0.021914, -0.421478, 0.906574, 0.4, -0.996402, -0.083468, -0.01472, -0.0, 0.0, 0.0, 0.0, 1.0], [0.069015, -0.903981, -0.421966, 0.0, 0.018472, -0.421744, 0.906527, 0.4, -0.997444, -0.070358, -0.012408, -0.0, 0.0, 0.0, 0.0, 1.0], [0.058667, -0.904655, -0.422085, 0.0, 0.015702, -0.421924, 0.906495, 0.4, -0.998154, -0.059809, -0.010548, -0.0, 0.0, 0.0, 0.0, 1.0], [0.058667, -0.904656, -0.422085, 0.0, 0.015702, -0.421924, 0.906495, 0.4, -0.998154, -0.059808, -0.010548, -0.0, 0.0, 0.0, 0.0, 1.0], [0.003428, -0.948585, -0.316502, 0.0, 0.000915, -0.316501, 0.948592, 0.4, -0.999993, -0.003541, -0.000217, 0.0, 0.0, 0.0, 0.0, 1.0]]}, {"name": "Arm_L", "time": [0.0, 0.0333, 0.0667, 0.1, 0.15, 0.2167, 0.4, 0.9], "transform": [[-0.057171, 0.307742, 0.949751, -0.0, -0.320019, 0.895461, -0.309415, 0.388354, -0.945685, -0.321628, 0.047289, 0.0, 0.0, 0.0, 0.0, 1.0], [0.018398, 0.327874, 0.944542, 0.0, -0.220158, 0.922844, -0.316054, 0.388354, -0.975291, -0.202134, 0.089162, 0.0, 0.0, 0.0, 0.0, 1.0], [-0.10675, 0.147716, 0.983252, 0.0, -0.440853, 0.879351, -0.179969, 0.388354, -0.891208, -0.452682, -0.02875, 0.0, 0.0, 0.0, 0.0, 1.0], [-0.095203, 0.103553, 0.990057, -0.0, -0.392937, 0.909903, -0.132955, 0.388354, -0.914623, -0.401688, -0.045936, -0.0, 0.0, 0.0, 0.0, 1.0], [0.096025, 0.035965, 0.994729, -0.0, -0.323738, 0.946142, -0.002957, 0.388354, -0.941261, -0.321748, 0.102497, 0.0, 0.0, 0.0, 0.0, 1.0], [-0.076017, -0.020785, 0.996889, 0.0, -0.253798, 0.967256, 0.000814, 0.388354, -0.964265, -0.252947, -0.078804, 0.0, 0.0, 0.0, 0.0, 1.0], [-0.076017, -0.020785, 0.996889, 0.0, -0.253798, 0.967256, 0.000814, 0.388354, -0.964265, -0.252947, -0.078803, 0.0, 0.0, 0.0, 0.0, 1.0], [-0.015435, 0.151969, 0.988264, 0.0, -0.69501, 0.708936, -0.119871, 0.388354, -0.718833, -0.688704, 0.094677, -0.0, 0.0, 0.0, 0.0, 1.0]]}, {"name": "Hand_L", "time": [0.0, 0.0333, 0.0667, 0.1, 0.15, 0.2167, 0.4, 0.9], "transform": [[0.828061, 0.21977, -0.515768, -0.0, -0.536301, 0.57862, -0.614475, 0.33, 0.163391, 0.78543, 0.596995, -0.0, 0.0, 0.0, 0.0, 1.0], [0.973814, 0.201762, -0.104773, 0.0, -0.201352, 0.55144, -0.80955, 0.33, -0.10556, 0.809448, 0.577626, -0.0, 0.0, 0.0, 0.0, 1.0], [0.824893, 0.183365, -0.534724, 0.0, -0.542362, 0.523386, -0.657199, 0.33, 0.159359, 0.832132, 0.531187, -0.0, 0.0, 0.0, 0.0, 1.0], [0.879746, 0.220428, -0.421259, -0.0, -0.474624, 0.459201, -0.750911, 0.33, 0.027921, 0.86055, 0.5086, 0.0, 0.0, 0.0, 0.0, 1.0], [0.925224, 0.289908, -0.244773, -0.0, -0.343663, 0.366917, -0.864446, 0.33, -0.160799, 0.883926, 0.439111, 0.0, 0.0, 0.0, 0.0, 1.0], [0.928908, 0.356042, -0.101804, -0.0, -0.21627, 0.298442, -0.929602, 0.33, -0.300595, 0.885532, 0.354226, 0.0, 0.0, 0.0, 0.0, 1.0], [0.928908, 0.356042, -0.101804, -0.0, -0.21627, 0.298442, -0.929602, 0.33, -0.300594, 0.885532, 0.354226, 0.0, 0.0, 0.0, 0.0, 1.0], [0.998309, -0.058097, -0.00193, -0.0, 0.051808, 0.904325, -0.423688, 0.33, 0.02636, 0.422871, 0.905806, 0.0, 0.0, 0.0, 0.0, 1.0]]}, {"name": "Tool_L", "time": [0.0, 0.0333, 0.0667, 0.1, 0.15, 0.2167, 0.4, 0.9], "transform": [[1.0, 0.0, 0.0, 0.0, 0.0, -1.0, 0.0, 0.291204, 0.0, 0.0, -1.0, 0.0, 0.0, 0.0, 0.0, 1.0], [1.0, 0.0, 0.0, -0.0, 0.0, -1.0, 0.0, 0.291204, 0.0, 0.0, -1.0, 0.0, 0.0, 0.0, 0.0, 1.0], [1.0, 0.0, 0.0, -0.0, 0.0, -1.0, 0.0, 0.291204, 0.0, 0.0, -1.0, 0.0, 0.0, 0.0, 0.0, 1.0], [1.0, 0.0, 0.0, -0.0, 0.0, -1.0, 0.0, 0.291204, 0.0, 0.0, -1.0, 0.0, 0.0, 0.0, 0.0, 1.0], [1.0, 0.0, 0.0, 0.0, 0.0, -1.0, -0.0, 0.291204, 0.0, -0.0, -1.0, 0.0, 0.0, 0.0, 0.0, 1.0], [1.0, 0.0, 0.0, -0.0, 0.0, -1.0, 0.0, 0.291204, 0.0, -0.0, -1.0, -0.0, 0.0, 0.0, 0.0, 1.0], [1.0, 0.0, 0.0, 0.0, 0.0, -1.0, 0.0, 0.291204, 0.0, 0.0, -1.0, 0.0, 0.0, 0.0, 0.0, 1.0], [1.0, 0.00026, -0.000665, 0.0, 0.000261, -0.999999, 0.00123, 0.291204, -0.000665, -0.00123, -0.999999, 0.0, 0.0, 0.0, 0.0, 1.0]]}, {"name": "Elbow_L", "time": [0.0, 0.0333, 0.0667, 0.1, 0.15, 0.2167, 0.4, 0.9], "transform": [[-1.0, 0.0, -0.0, -0.0, 0.0, -0.0, -1.0, 0.33, -0.0, -1.0, 0.0, 0.0, 0.0, 0.0, 0.0, 1.0], [-1.0, 0.0, -0.0, 0.0, 0.0, -0.0, -1.0, 0.33, -0.0, -1.0, 0.0, 0.0, 0.0, 0.0, 0.0, 1.0], [-1.0, 0.0, -0.0, 0.0, 0.0, -0.0, -1.0, 0.33, -0.0, -1.0, 0.0, -0.0, 0.0, 0.0, 0.0, 1.0], [-1.0, 0.0, -0.0, 0.0, 0.0, -0.0, -1.0, 0.33, -0.0, -1.0, 0.0, 0.0, 0.0, 0.0, 0.0, 1.0], [-1.0, 0.0, -0.0, 0.0, 0.0, -0.0, -1.0, 0.33, -0.0, -1.0, 0.0, 0.0, 0.0, 0.0, 0.0, 1.0], [-1.0, 0.0, -0.0, 0.0, 0.0, -0.0, -1.0, 0.33, -0.0, -1.0, 0.0, 0.0, 0.0, 0.0, 0.0, 1.0], [-1.0, 0.0, -0.0, 0.0, 0.0, -0.0, -1.0, 0.33, -0.0, -1.0, 0.0, 0.0, 0.0, 0.0, 0.0, 1.0], [-1.0, 0.0, -0.0, 0.0, 0.0, -0.0, -1.0, 0.33, -0.0, -1.0, 0.0, 0.0, 0.0, 0.0, 0.0, 1.0]]}]}