{"animation": [{"name": "Root", "time": [0.0, 0.1, 0.15, 0.2, 0.4, 0.6], "transform": [[-0.067432, -0.080868, -0.994441, -5e-06, -0.978316, 0.200992, 0.049994, 0.000946, 0.195832, 0.976249, -0.092668, 0.458461, 0.0, 0.0, 0.0, 1.0], [0.957975, -0.16704, -0.233197, -0.099114, -0.218643, 0.101035, -0.97056, 0.398345, 0.185684, 0.98076, 0.060267, 0.511181, 0.0, 0.0, 0.0, 1.0], [0.873825, -0.128651, 0.468912, -0.03858, 0.482254, 0.106073, -0.869586, 0.570538, 0.062134, 0.986001, 0.154732, 0.551359, 0.0, 0.0, 0.0, 1.0], [0.42299, -0.087156, 0.901933, 0.001776, 0.905378, -0.0, -0.424606, 0.769425, 0.037007, 0.996195, 0.078909, 0.563902, 0.0, 0.0, 0.0, 1.0], [0.261399, -0.087156, 0.961288, 0.001776, 0.96496, 0.0, -0.262397, 0.769425, 0.022869, 0.996195, 0.084102, 0.563902, 0.0, 0.0, 0.0, 1.0], [0.261399, -0.087156, 0.961288, 0.001776, 0.96496, 0.0, -0.262397, 0.769425, 0.022869, 0.996195, 0.084102, 0.563902, 0.0, 0.0, 0.0, 1.0]]}, {"name": "Thigh_R", "time": [0.0, 0.1, 0.15, 0.2, 0.4, 0.6], "transform": [[0.858226, 0.356461, -0.369299, 0.126798, 0.511406, -0.655142, 0.556104, -0.00283, -0.043714, -0.666125, -0.744558, -0.000677, 0.0, 0.0, 0.0, 1.0], [0.929672, 0.366009, -0.041789, 0.128555, 0.36573, -0.930608, -0.014398, -0.013, -0.044159, -0.001898, -0.999022, -0.002827, 0.0, 0.0, 0.0, 1.0], [0.945575, 0.324148, 0.028582, 0.133409, 0.276152, -0.845815, 0.45644, -0.002831, 0.172129, -0.423705, -0.889295, -0.004254, 0.0, 0.0, 0.0, 1.0], [0.866791, 0.497672, 0.031572, 0.135613, 0.466345, -0.831398, 0.302159, -0.002831, 0.176625, -0.247185, -0.952734, -0.005445, 0.0, 0.0, 0.0, 1.0], [0.875373, 0.47048, 0.111228, 0.135613, 0.448883, -0.876414, 0.174369, -0.002831, 0.179518, -0.10271, -0.978378, -0.005445, 0.0, 0.0, 0.0, 1.0], [0.875373, 0.47048, 0.111228, 0.135613, 0.448883, -0.876414, 0.174369, -0.002831, 0.179518, -0.10271, -0.978378, -0.005445, 0.0, 0.0, 0.0, 1.0]]}, {"name": "Leg_R", "time": [0.0, 0.1, 0.15, 0.2, 0.4, 0.6], "transform": [[0.985793, -0.145825, -0.08334, 0.0, 0.164202, 0.732367, 0.660815, 0.37472, -0.035328, -0.665112, 0.745907, 0.0, 0.0, 0.0, 0.0, 1.0], [0.994821, -0.062484, -0.08016, 0.0, 0.098915, 0.776509, 0.622293, 0.37472, 0.023362, -0.626999, 0.778669, -0.0, 0.0, 0.0, 0.0, 1.0], [0.994723, -0.073696, -0.071386, 0.0, 0.09293, 0.352239, 0.931285, 0.37472, -0.043487, -0.933004, 0.357229, 0.0, 0.0, 0.0, 0.0, 1.0], [0.998791, -0.037427, -0.031937, 0.0, 0.048392, 0.630004, 0.775083, 0.37472, -0.008889, -0.775691, 0.631051, 0.0, 0.0, 0.0, 0.0, 1.0], [0.998748, -0.040876, -0.028886, 0.0, 0.049417, 0.713543, 0.698866, 0.37472, -0.007956, -0.699419, 0.714667, 0.0, 0.0, 0.0, 0.0, 1.0], [0.998748, -0.040876, -0.028886, 0.0, 0.049417, 0.713543, 0.698866, 0.37472, -0.007956, -0.699419, 0.714667, 0.0, 0.0, 0.0, 0.0, 1.0]]}, {"name": "Knee_R", "time": [0.0, 0.15, 0.2, 0.4, 0.6], "transform": [[1.0, 0.0, -1e-06, 0.0, -1e-06, 0.0, -1.0, 0.37472, -0.0, 1.0, 0.0, 0.0, 0.0, 0.0, 0.0, 1.0], [1.0, 0.0, -1e-06, 0.0, -1e-06, 0.0, -1.0, 0.37472, -0.0, 1.0, 0.0, 0.0, 0.0, 0.0, 0.0, 1.0], [1.0, 0.0, -1e-06, 0.0, -1e-06, 0.0, -1.0, 0.37472, -0.0, 1.0, 0.0, 0.0, 0.0, 0.0, 0.0, 1.0], [1.0, 0.0, -1e-06, 0.0, -1e-06, 0.0, -1.0, 0.37472, -0.0, 1.0, 0.0, 0.0, 0.0, 0.0, 0.0, 1.0], [1.0, 0.0, -1e-06, 0.0, -1e-06, 0.0, -1.0, 0.37472, -0.0, 1.0, 0.0, 0.0, 0.0, 0.0, 0.0, 1.0]]}, {"name": "Thigh_L", "time": [0.0, 0.1, 0.15, 0.2, 0.4, 0.6], "transform": [[0.682192, -0.696704, -0.221848, -0.151776, -0.590112, -0.703775, 0.395558, -0.002831, -0.431718, -0.138932, -0.891244, 0.030243, 0.0, 0.0, 0.0, 1.0], [0.957133, -0.262269, -0.122922, -0.142257, -0.102826, -0.704415, 0.7023, 0.007339, -0.27078, -0.659555, -0.701188, 0.016517, 0.0, 0.0, 0.0, 1.0], [0.965823, -0.201867, 0.162595, -0.137259, -0.255985, -0.64426, 0.720694, -0.002831, -0.040731, -0.737684, -0.673916, 0.006748, 0.0, 0.0, 0.0, 1.0], [0.861987, -0.454208, 0.225106, -0.13363, -0.49214, -0.643327, 0.586453, -0.002831, -0.121554, -0.616299, -0.778074, 0.000874, 0.0, 0.0, 0.0, 1.0], [0.879836, -0.40708, 0.245304, -0.13363, -0.464796, -0.629179, 0.622976, -0.002831, -0.099261, -0.662133, -0.742784, 0.000874, 0.0, 0.0, 0.0, 1.0], [0.879836, -0.40708, 0.245304, -0.13363, -0.464796, -0.629179, 0.622976, -0.002831, -0.099261, -0.662133, -0.742784, 0.000874, 0.0, 0.0, 0.0, 1.0]]}, {"name": "Leg_L", "time": [0.0, 0.1, 0.15, 0.2, 0.4, 0.6], "transform": [[0.984262, -0.171757, 0.041551, 0.0, -0.041332, 0.004852, 0.999134, 0.37472, -0.17181, -0.985128, -0.002323, 0.0, 0.0, 0.0, 0.0, 1.0], [0.995028, -0.092739, 0.036307, -0.0, -0.038024, -0.016809, 0.999136, 0.37472, -0.092049, -0.995549, -0.020251, -0.0, 0.0, 0.0, 0.0, 1.0], [0.995272, -0.071167, 0.066094, 0.0, -0.051045, 0.195657, 0.979344, 0.37472, -0.082628, -0.978088, 0.191099, 0.0, 0.0, 0.0, 0.0, 1.0], [0.996827, 0.060081, 0.05222, 0.0, -0.079586, 0.765604, 0.638371, 0.37472, -0.001626, -0.640502, 0.767956, -0.0, 0.0, 0.0, 0.0, 1.0], [0.994733, 0.088844, 0.051114, 0.0, -0.102212, 0.822585, 0.559382, 0.37472, 0.007652, -0.56166, 0.827333, 0.0, 0.0, 0.0, 0.0, 1.0], [0.994733, 0.088844, 0.051114, 0.0, -0.102212, 0.822585, 0.559382, 0.37472, 0.007652, -0.56166, 0.827333, 0.0, 0.0, 0.0, 0.0, 1.0]]}, {"name": "Knee_L", "time": [0.0, 0.15, 0.2, 0.4, 0.6], "transform": [[1.0, -0.0, 0.0, 0.0, 0.0, 0.0, -1.0, 0.37472, 0.0, 1.0, 0.0, 0.0, 0.0, 0.0, 0.0, 1.0], [1.0, -0.0, 0.0, 0.0, 0.0, 0.0, -1.0, 0.37472, 0.0, 1.0, 0.0, 0.0, 0.0, 0.0, 0.0, 1.0], [1.0, -0.0, 0.0, 0.0, 0.0, 0.0, -1.0, 0.37472, 0.0, 1.0, 0.0, -0.0, 0.0, 0.0, 0.0, 1.0], [1.0, -0.0, 0.0, 0.0, 0.0, 0.0, -1.0, 0.37472, 0.0, 1.0, 0.0, 0.0, 0.0, 0.0, 0.0, 1.0], [1.0, -0.0, 0.0, 0.0, 0.0, 0.0, -1.0, 0.37472, 0.0, 1.0, 0.0, 0.0, 0.0, 0.0, 0.0, 1.0]]}, {"name": "Torso", "time": [0.0, 0.15, 0.2, 0.4, 0.6], "transform": [[0.998639, -0.052125, 0.001694, -0.0, 0.052152, 0.998112, -0.03244, 0.05, -0.0, 0.032484, 0.999472, -0.0, 0.0, 0.0, 0.0, 1.0], [0.997308, -0.073293, -0.001996, 0.0, 0.07332, 0.996939, 0.027155, 0.05, -0.0, -0.027228, 0.999629, -0.0, 0.0, 0.0, 0.0, 1.0], [0.999514, -0.03099, 0.003449, -0.0, 0.031181, 0.99338, -0.11056, 0.05, 0.0, 0.110613, 0.993863, 0.0, 0.0, 0.0, 0.0, 1.0], [0.999514, -0.03099, 0.003449, 0.0, 0.031181, 0.99338, -0.11056, 0.05, -0.0, 0.110613, 0.993864, -0.0, 0.0, 0.0, 0.0, 1.0], [0.999514, -0.03099, 0.003449, 0.0, 0.031181, 0.99338, -0.11056, 0.05, -0.0, 0.110613, 0.993864, -0.0, 0.0, 0.0, 0.0, 1.0]]}, {"name": "Chest", "time": [0.0, 0.15, 0.2, 0.4, 0.6], "transform": [[0.883501, -0.021491, -0.467936, 0.0, 0.220203, 0.900744, 0.374393, 0.3, 0.413445, -0.433818, 0.800541, -0.0, 0.0, 0.0, 0.0, 1.0], [0.972473, 0.067879, 0.222908, -0.0, -0.081114, 0.995412, 0.050757, 0.3, -0.21844, -0.06744, 0.973517, -0.0, 0.0, 0.0, 0.0, 1.0], [0.90599, -0.015881, 0.423, -0.0, -0.053168, 0.987113, 0.150936, 0.3, -0.419946, -0.159236, 0.89347, -0.0, 0.0, 0.0, 0.0, 1.0], [0.852082, -0.045865, 0.521395, -0.0, -0.040338, 0.987437, 0.152782, 0.3, -0.521852, -0.151214, 0.839527, 0.0, 0.0, 0.0, 0.0, 1.0], [0.798493, -0.045865, 0.600254, -0.0, -0.05472, 0.987437, 0.14824, 0.3, -0.599512, -0.151215, 0.785952, 0.0, 0.0, 0.0, 0.0, 1.0]]}, {"name": "Head", "time": [0.0, 0.15, 0.2, 0.4, 0.6], "transform": [[0.512636, 0.05528, 0.856825, 0.0, 0.000894, 0.99789, -0.064917, 0.4, -0.858606, 0.034044, 0.511505, -0.0, 0.0, 0.0, 0.0, 1.0], [0.75769, 0.177548, -0.627998, 0.0, -0.203023, 0.978659, 0.031737, 0.4, 0.620231, 0.103451, 0.777567, 0.0, 0.0, 0.0, 0.0, 1.0], [0.455235, 0.181566, -0.871662, 0.0, -0.109714, 0.982966, 0.14745, 0.4, 0.883586, 0.028509, 0.4674, -0.0, 0.0, 0.0, 0.0, 1.0], [0.455235, 0.181566, -0.871662, 0.0, -0.109714, 0.982966, 0.14745, 0.4, 0.883586, 0.028509, 0.4674, -0.0, 0.0, 0.0, 0.0, 1.0], [0.455235, 0.181565, -0.871662, 0.0, -0.109714, 0.982966, 0.14745, 0.4, 0.883586, 0.028509, 0.4674, 0.0, 0.0, 0.0, 0.0, 1.0]]}, {"name": "Shoulder_R", "time": [0.0, 0.1, 0.15, 0.2, 0.4, 0.6], "transform": [[-0.250018, 0.887211, 0.387747, 0.0, 0.066922, -0.383673, 0.921041, 0.4, 0.965926, 0.256225, 0.036551, -0.0, 0.0, 0.0, 0.0, 1.0], [0.089212, 0.902355, 0.421659, 0.0, -0.023877, -0.421287, 0.906613, 0.4, 0.995726, -0.090949, -0.016038, -0.0, 0.0, 0.0, 0.0, 1.0], [0.330113, 0.850204, 0.410095, 0.0, -0.088357, -0.40471, 0.910166, 0.4, 0.939797, -0.336693, -0.058479, 0.0, 0.0, 0.0, 0.0, 1.0], [0.458839, 0.862425, 0.213753, 0.0, -0.122812, -0.176704, 0.976572, 0.4, 0.879991, -0.474341, 0.024838, -0.0, 0.0, 0.0, 0.0, 1.0], [0.458839, 0.862425, 0.213753, 0.0, -0.122812, -0.176704, 0.976572, 0.4, 0.879991, -0.474341, 0.024838, -0.0, 0.0, 0.0, 0.0, 1.0], [0.458839, 0.862425, 0.213753, 0.0, -0.122812, -0.176704, 0.976572, 0.4, 0.879991, -0.474341, 0.024838, 0.0, 0.0, 0.0, 0.0, 1.0]]}, {"name": "Arm_R", "time": [0.0, 0.1, 0.15, 0.2, 0.4, 0.6], "transform": [[0.743163, 0.254285, -0.618909, -0.0, -0.232426, 0.96548, 0.117588, 0.388385, 0.627445, 0.056463, 0.776611, -0.0, 0.0, 0.0, 0.0, 1.0], [0.563648, -0.825169, -0.037389, 0.0, 0.746205, 0.489255, 0.451452, 0.388385, -0.354231, -0.282359, 0.891512, -0.0, 0.0, 0.0, 0.0, 1.0], [-0.304534, -0.824456, 0.477003, 0.0, 0.910118, -0.399591, -0.109608, 0.388385, 0.280973, 0.400749, 0.87204, 0.0, 0.0, 0.0, 0.0, 1.0], [-0.132915, -0.835924, 0.532508, 0.0, 0.879161, -0.347502, -0.326064, 0.388385, 0.457613, 0.424821, 0.7811, 0.0, 0.0, 0.0, 0.0, 1.0], [-0.308605, -0.834342, 0.456768, -0.0, 0.665347, -0.532525, -0.523193, 0.388385, 0.679762, 0.14245, 0.719466, 0.0, 0.0, 0.0, 0.0, 1.0], [-0.412347, -0.788247, 0.456768, -0.0, 0.592112, -0.612922, -0.523193, 0.388385, 0.692368, 0.054721, 0.719466, 0.0, 0.0, 0.0, 0.0, 1.0]]}, {"name": "Hand_R", "time": [0.0, 0.15, 0.2, 0.4, 0.6], "transform": [[-0.087018, -0.00011, 0.996207, -0.0, 0.351822, 0.935559, 0.030834, 0.33, -0.932014, 0.353171, -0.081372, -0.0, 0.0, 0.0, 0.0, 1.0], [-0.02174, -0.00155, 0.999762, -0.0, 0.219215, 0.975657, 0.00628, 0.33, -0.975435, 0.219299, -0.020871, 0.0, 0.0, 0.0, 0.0, 1.0], [0.0, 0.0, 1.0, -0.0, 0.173648, 0.984808, -0.0, 0.33, -0.984808, 0.173648, 0.0, 0.0, 0.0, 0.0, 0.0, 1.0], [0.0, 0.0, 1.0, 0.0, 0.173648, 0.984808, -0.0, 0.33, -0.984808, 0.173648, 0.0, -0.0, 0.0, 0.0, 0.0, 1.0], [0.0, 0.0, 1.0, 0.0, 0.173648, 0.984808, -0.0, 0.33, -0.984808, 0.173648, 0.0, 0.0, 0.0, 0.0, 0.0, 1.0]]}, {"name": "Tool_R", "time": [0.0, 0.15, 0.2, 0.4, 0.6], "transform": [[0.999405, -0.004812, -0.034174, 0.0, -0.015801, -0.944137, -0.329175, 0.291204, -0.030681, 0.329519, -0.943651, 0.0, 0.0, 0.0, 0.0, 1.0], [0.999963, 1.4e-05, -0.008643, -0.0, -0.00296, -0.938959, -0.344017, 0.291204, -0.00812, 0.34403, -0.938924, -0.0, 0.0, 0.0, 0.0, 1.0], [1.0, -0.0, 0.0, -0.0, -0.0, -1.0, 0.0, 0.291204, 0.0, -0.0, -1.0, 0.0, 0.0, 0.0, 0.0, 1.0], [1.0, 0.0, 0.0, -0.0, 0.0, -1.0, 0.0, 0.291204, 0.0, 0.0, -1.0, 0.0, 0.0, 0.0, 0.0, 1.0], [1.0, -0.0, 0.0, -0.0, -0.0, -1.0, -0.0, 0.291204, 0.0, -0.0, -1.0, 0.0, 0.0, 0.0, 0.0, 1.0]]}, {"name": "Elbow_R", "time": [0.0, 0.15, 0.2, 0.4, 0.6], "transform": [[-1.0, 0.0, 0.0, -0.0, -0.0, -0.0, -1.0, 0.33, -0.0, -1.0, -0.0, 0.0, 0.0, 0.0, 0.0, 1.0], [-1.0, 0.0, 0.0, -0.0, -0.0, 0.0, -1.0, 0.33, -0.0, -1.0, -0.0, 0.0, 0.0, 0.0, 0.0, 1.0], [-1.0, 0.0, 0.0, -0.0, -0.0, -0.0, -1.0, 0.33, -0.0, -1.0, -0.0, 0.0, 0.0, 0.0, 0.0, 1.0], [-1.0, 0.0, 0.0, 0.0, -0.0, -0.0, -1.0, 0.33, -0.0, -1.0, -0.0, 0.0, 0.0, 0.0, 0.0, 1.0], [-1.0, 0.0, 0.0, 0.0, -0.0, 0.0, -1.0, 0.33, -0.0, -1.0, -0.0, 0.0, 0.0, 0.0, 0.0, 1.0]]}, {"name": "Shoulder_L", "time": [0.0, 0.15, 0.2, 0.4, 0.6], "transform": [[-0.007976, -0.90638, -0.422389, -0.0, -0.002137, -0.422386, 0.906414, 0.4, -0.999966, 0.008133, 0.001432, -0.0, 0.0, 0.0, 0.0, 1.0], [0.124234, -0.945815, -0.299999, -0.0, 0.033253, -0.298203, 0.953923, 0.4, -0.991695, -0.128485, -0.005596, 0.0, 0.0, 0.0, 0.0, 1.0], [0.167743, -0.951314, -0.25858, 0.0, 0.0449, -0.254652, 0.96599, 0.4, -0.984808, -0.173648, -2e-06, -0.0, 0.0, 0.0, 0.0, 1.0], [0.167743, -0.951314, -0.25858, -0.0, 0.0449, -0.254652, 0.96599, 0.4, -0.984808, -0.173648, -2e-06, -0.0, 0.0, 0.0, 0.0, 1.0], [0.167743, -0.951314, -0.25858, -0.0, 0.0449, -0.254652, 0.96599, 0.4, -0.984808, -0.173648, -2e-06, 0.0, 0.0, 0.0, 0.0, 1.0]]}, {"name": "Arm_L", "time": [0.0, 0.15, 0.2, 0.4, 0.6], "transform": [[0.036387, 0.006635, 0.999316, -0.0, -0.48095, 0.87667, 0.011692, 0.388354, -0.875992, -0.481046, 0.035091, -0.0, 0.0, 0.0, 0.0, 1.0], [0.007331, -0.227588, 0.97373, 0.0, -0.516145, 0.833154, 0.198618, 0.388354, -0.85647, -0.504041, -0.111361, 0.0, 0.0, 0.0, 0.0, 1.0], [0.023316, -0.217609, 0.975757, 0.0, -0.62005, 0.762473, 0.184859, 0.388354, -0.784215, -0.609329, -0.11715, 0.0, 0.0, 0.0, 0.0, 1.0], [0.023316, -0.288839, 0.957094, 0.0, -0.62005, 0.746798, 0.24048, 0.388354, -0.784216, -0.599053, -0.161682, 0.0, 0.0, 0.0, 0.0, 1.0], [0.023316, -0.288839, 0.957093, -0.0, -0.62005, 0.746798, 0.24048, 0.388354, -0.784215, -0.599053, -0.161682, -0.0, 0.0, 0.0, 0.0, 1.0]]}, {"name": "Hand_L", "time": [0.0, 0.15, 0.2, 0.4, 0.6], "transform": [[0.965063, 0.260545, 0.027743, 0.0, -0.128215, 0.561925, -0.817191, 0.33, -0.228504, 0.785084, 0.575698, 0.0, 0.0, 0.0, 0.0, 1.0], [0.98299, 0.18258, 0.019899, -0.0, -0.134794, 0.790789, -0.597062, 0.33, -0.124748, 0.584224, 0.801948, 0.0, 0.0, 0.0, 0.0, 1.0], [0.987458, 0.157446, 0.011758, -0.0, -0.129537, 0.850492, -0.509788, 0.33, -0.090264, 0.501871, 0.860219, -0.0, 0.0, 0.0, 0.0, 1.0], [0.987458, 0.157643, -0.00872, -0.0, -0.129537, 0.777352, -0.615584, 0.33, -0.090264, 0.608993, 0.788023, 0.0, 0.0, 0.0, 0.0, 1.0], [0.987457, 0.157643, -0.00872, 0.0, -0.129537, 0.777352, -0.615584, 0.33, -0.090264, 0.608992, 0.788023, -0.0, 0.0, 0.0, 0.0, 1.0]]}, {"name": "Tool_L", "time": [0.0, 0.15, 0.2, 0.4, 0.6], "transform": [[-1.0, 0.0, 0.0, -0.0, 0.0, 0.842351, -0.538929, 0.291204, -0.0, -0.538929, -0.842351, -0.0, 0.0, 0.0, 0.0, 1.0], [-1.0, 0.0, 0.0, -0.0, 0.0, 0.989996, -0.141095, 0.291204, -0.0, -0.141095, -0.989996, -0.0, 0.0, 0.0, 0.0, 1.0], [-1.0, 0.0, 0.0, -0.0, 0.0, 1.0, -0.0, 0.291204, -0.0, -0.0, -1.0, -0.0, 0.0, 0.0, 0.0, 1.0], [-1.0, 0.0, 0.0, -0.0, 0.0, 1.0, -0.0, 0.291204, -0.0, -0.0, -1.0, -0.0, 0.0, 0.0, 0.0, 1.0], [-1.0, 0.0, 0.0, 0.0, 0.0, 1.0, -0.0, 0.291204, -0.0, -0.0, -1.0, -0.0, 0.0, 0.0, 0.0, 1.0]]}, {"name": "Elbow_L", "time": [0.0, 0.15, 0.2, 0.4, 0.6], "transform": [[-1.0, 0.0, -0.0, 0.0, 0.0, -0.0, -1.0, 0.33, -0.0, -1.0, 0.0, 0.0, 0.0, 0.0, 0.0, 1.0], [-1.0, 0.0, -0.0, 0.0, 0.0, -0.0, -1.0, 0.33, -0.0, -1.0, 0.0, 0.0, 0.0, 0.0, 0.0, 1.0], [-1.0, 0.0, -0.0, 0.0, 0.0, -0.0, -1.0, 0.33, -0.0, -1.0, 0.0, 0.0, 0.0, 0.0, 0.0, 1.0], [-1.0, 0.0, -0.0, 0.0, 0.0, -0.0, -1.0, 0.33, -0.0, -1.0, 0.0, 0.0, 0.0, 0.0, 0.0, 1.0], [-1.0, 0.0, -0.0, 0.0, 0.0, -0.0, -1.0, 0.33, -0.0, -1.0, -0.0, 0.0, 0.0, 0.0, 0.0, 1.0]]}]}