{"animation": [{"name": "Root", "time": [0.0, 0.2, 0.3, 0.4, 0.6, 0.7, 0.8], "transform": [[1.0, 0.0, 0.0, -5e-06, 0.0, -0.34202, -0.939693, 0.040577, 0.0, 0.939693, -0.34202, 0.773972, 0.0, 0.0, 0.0, 1.0], [1.0, 0.0, 0.0, -5e-06, 0.0, -0.34202, -0.939693, 0.099311, 0.0, 0.939693, -0.34202, 0.773972, 0.0, 0.0, 0.0, 1.0], [1.0, 0.0, 0.0, -5e-06, 0.0, -0.34202, -0.939693, 0.069944, 0.0, 0.939693, -0.34202, 0.82204, 0.0, 0.0, 0.0, 1.0], [1.0, 0.0, 0.0, -5e-06, 0.0, -0.34202, -0.939693, 0.040577, 0.0, 0.939693, -0.34202, 0.773972, 0.0, 0.0, 0.0, 1.0], [1.0, 0.0, 0.0, -5e-06, 0.0, -0.34202, -0.939693, 0.099311, 0.0, 0.939693, -0.34202, 0.773972, 0.0, 0.0, 0.0, 1.0], [1.0, 0.0, 0.0, -5e-06, 0.0, -0.34202, -0.939693, 0.069944, 0.0, 0.939693, -0.34202, 0.82204, 0.0, 0.0, 0.0, 1.0], [1.0, 0.0, 0.0, -5e-06, 0.0, -0.34202, -0.939693, 0.040577, 0.0, 0.939693, -0.34202, 0.773972, 0.0, 0.0, 0.0, 1.0]]}, {"name": "Thigh_R", "time": [0.0, 0.2, 0.3, 0.4, 0.6, 0.7, 0.8], "transform": [[0.96993, 0.036133, 0.240685, 0.124994, -0.036908, -0.955643, 0.292201, -0.002831, 0.240568, -0.292297, -0.925576, -1.2e-05, 0.0, 0.0, 0.0, 1.0], [0.968427, 0.13846, 0.207311, 0.124994, 0.059913, -0.936473, 0.345583, -0.002831, 0.241991, -0.322251, -0.915202, -1.2e-05, 0.0, 0.0, 0.0, 1.0], [0.982174, 0.187304, 0.015862, 0.124994, 0.094012, -0.562535, 0.821411, -0.002831, 0.162777, -0.805277, -0.570117, -1.2e-05, 0.0, 0.0, 0.0, 1.0], [0.992201, 0.1243, 0.009296, 0.124994, -0.019792, 0.083477, 0.996313, -0.002831, 0.123065, -0.988727, 0.085286, -1.2e-05, 0.0, 0.0, 0.0, 1.0], [0.99471, 0.097259, 0.033061, 0.124994, 0.013842, -0.445808, 0.895022, -0.002831, 0.101788, -0.889828, -0.444796, -1.2e-05, 0.0, 0.0, 0.0, 1.0], [0.98607, 0.058094, 0.155854, 0.124994, -0.036877, -0.837341, 0.545434, -0.002831, 0.16219, -0.543583, -0.823536, -1.2e-05, 0.0, 0.0, 0.0, 1.0], [0.96993, 0.036133, 0.240685, 0.124994, -0.036908, -0.955643, 0.292201, -0.002831, 0.240568, -0.292297, -0.925576, -1.2e-05, 0.0, 0.0, 0.0, 1.0]]}, {"name": "Leg_R", "time": [0.0, 0.2, 0.3, 0.4, 0.6, 0.7, 0.8], "transform": [[0.999846, -0.004775, 0.016902, 0.0, 0.000618, 0.971298, 0.237867, 0.37472, -0.017553, -0.237821, 0.97115, -0.0, 0.0, 0.0, 0.0, 1.0], [0.996151, -0.026427, -0.083571, 0.0, 0.067807, 0.836525, 0.543717, 0.37472, 0.05554, -0.547291, 0.835097, -0.0, 0.0, 0.0, 0.0, 1.0], [0.992012, -0.095433, -0.082498, 0.0, 0.09396, 0.12262, 0.987996, 0.37472, -0.084172, -0.987855, 0.130607, 0.0, 0.0, 0.0, 0.0, 1.0], [0.999997, -0.001326, 0.00221, 0.0, -0.002198, 0.008797, 0.999959, 0.37472, -0.001345, -0.99996, 0.008794, -0.0, 0.0, 0.0, 0.0, 1.0], [0.998244, -0.020075, 0.055732, -0.0, -0.052036, 0.15243, 0.986943, 0.37472, -0.028308, -0.98811, 0.151118, -0.0, 0.0, 0.0, 0.0, 1.0], [0.999768, 0.005444, 0.020853, 0.0, -0.019006, 0.67889, 0.733994, 0.37472, -0.010161, -0.734221, 0.678835, 0.0, 0.0, 0.0, 0.0, 1.0], [0.999846, -0.004775, 0.016902, 0.0, 0.000618, 0.971298, 0.237867, 0.37472, -0.017553, -0.237821, 0.97115, -0.0, 0.0, 0.0, 0.0, 1.0]]}, {"name": "Knee_R", "time": [0.0, 0.2, 0.3, 0.4, 0.6, 0.7, 0.8], "transform": [[1.0, 0.0, -1e-06, 0.0, -1e-06, 0.0, -1.0, 0.37472, -0.0, 1.0, 0.0, -0.0, 0.0, 0.0, 0.0, 1.0], [1.0, 0.0, -1e-06, 0.0, -1e-06, 0.0, -1.0, 0.37472, -0.0, 1.0, 0.0, -0.0, 0.0, 0.0, 0.0, 1.0], [1.0, 0.0, -1e-06, 0.0, -1e-06, 0.0, -1.0, 0.37472, -0.0, 1.0, 0.0, 0.0, 0.0, 0.0, 0.0, 1.0], [1.0, 0.0, -1e-06, 0.0, -1e-06, 0.0, -1.0, 0.37472, -0.0, 1.0, 0.0, -0.0, 0.0, 0.0, 0.0, 1.0], [1.0, 0.0, -1e-06, -0.0, -1e-06, 0.0, -1.0, 0.37472, -0.0, 1.0, 0.0, -0.0, 0.0, 0.0, 0.0, 1.0], [1.0, 0.0, -1e-06, 0.0, -1e-06, 0.0, -1.0, 0.37472, -0.0, 1.0, 0.0, 0.0, 0.0, 0.0, 0.0, 1.0], [1.0, 0.0, -1e-06, 0.0, -1e-06, 0.0, -1.0, 0.37472, -0.0, 1.0, 0.0, -0.0, 0.0, 0.0, 0.0, 1.0]]}, {"name": "Thigh_L", "time": [0.0, 0.2, 0.3, 0.4, 0.6, 0.7, 0.8], "transform": [[0.992201, -0.1243, -0.009295, -0.125006, 0.019791, 0.083477, 0.996313, -0.002831, -0.123066, -0.988727, 0.085286, -1.2e-05, 0.0, 0.0, 0.0, 1.0], [0.99471, -0.097259, -0.03306, -0.125006, -0.013843, -0.445808, 0.895022, -0.002831, -0.101788, -0.889828, -0.444796, -1.2e-05, 0.0, 0.0, 0.0, 1.0], [0.98607, -0.058095, -0.155854, -0.125006, 0.036877, -0.837341, 0.545434, -0.002831, -0.16219, -0.543583, -0.823536, -1.2e-05, 0.0, 0.0, 0.0, 1.0], [0.96993, -0.036134, -0.240685, -0.125006, 0.036907, -0.955643, 0.292201, -0.002831, -0.240568, -0.292297, -0.925576, -1.2e-05, 0.0, 0.0, 0.0, 1.0], [0.968427, -0.138461, -0.207311, -0.125006, -0.059914, -0.936473, 0.345583, -0.002831, -0.241991, -0.322251, -0.915202, -1.2e-05, 0.0, 0.0, 0.0, 1.0], [0.982174, -0.187305, -0.015861, -0.125006, -0.094013, -0.562535, 0.821411, -0.002831, -0.162777, -0.805277, -0.570117, -1.2e-05, 0.0, 0.0, 0.0, 1.0], [0.992201, -0.1243, -0.009295, -0.125006, 0.019791, 0.083477, 0.996313, -0.002831, -0.123066, -0.988727, 0.085286, -1.2e-05, 0.0, 0.0, 0.0, 1.0]]}, {"name": "Leg_L", "time": [0.0, 0.2, 0.3, 0.4, 0.6, 0.7, 0.8], "transform": [[0.999997, 0.001324, -0.002209, -0.0, 0.002197, 0.008797, 0.999959, 0.37472, 0.001344, -0.99996, 0.008794, -0.0, 0.0, 0.0, 0.0, 1.0], [0.998244, 0.020073, -0.055731, -0.0, 0.052035, 0.15243, 0.986943, 0.37472, 0.028306, -0.988111, 0.151118, -0.0, 0.0, 0.0, 0.0, 1.0], [0.999768, -0.005444, -0.020852, 0.0, 0.019006, 0.67889, 0.733994, 0.37472, 0.01016, -0.734221, 0.678835, 0.0, 0.0, 0.0, 0.0, 1.0], [0.999846, 0.004776, -0.016901, 0.0, -0.000619, 0.971298, 0.237867, 0.37472, 0.017552, -0.23782, 0.97115, -0.0, 0.0, 0.0, 0.0, 1.0], [0.996151, 0.026427, 0.083572, -0.0, -0.067807, 0.836525, 0.543717, 0.37472, -0.055542, -0.547291, 0.835097, -0.0, 0.0, 0.0, 0.0, 1.0], [0.992012, 0.095432, 0.082499, -0.0, -0.093961, 0.12262, 0.987996, 0.37472, 0.084171, -0.987855, 0.130607, 0.0, 0.0, 0.0, 0.0, 1.0], [0.999997, 0.001324, -0.002209, -0.0, 0.002197, 0.008797, 0.999959, 0.37472, 0.001344, -0.99996, 0.008794, -0.0, 0.0, 0.0, 0.0, 1.0]]}, {"name": "Knee_L", "time": [0.0, 0.2, 0.3, 0.4, 0.6, 0.7, 0.8], "transform": [[1.0, -0.0, 0.0, -0.0, 0.0, 0.0, -1.0, 0.37472, 0.0, 1.0, 0.0, -0.0, 0.0, 0.0, 0.0, 1.0], [1.0, -0.0, 0.0, 0.0, 0.0, 0.0, -1.0, 0.37472, 0.0, 1.0, 0.0, 0.0, 0.0, 0.0, 0.0, 1.0], [1.0, -0.0, 0.0, 0.0, 0.0, 0.0, -1.0, 0.37472, 0.0, 1.0, 0.0, 0.0, 0.0, 0.0, 0.0, 1.0], [1.0, -0.0, 0.0, -0.0, 0.0, 0.0, -1.0, 0.37472, 0.0, 1.0, 0.0, -0.0, 0.0, 0.0, 0.0, 1.0], [1.0, -0.0, 0.0, 0.0, 0.0, 0.0, -1.0, 0.37472, 0.0, 1.0, 0.0, 0.0, 0.0, 0.0, 0.0, 1.0], [1.0, -0.0, 0.0, -0.0, 0.0, 0.0, -1.0, 0.37472, 0.0, 1.0, 0.0, 0.0, 0.0, 0.0, 0.0, 1.0], [1.0, -0.0, 0.0, -0.0, 0.0, 0.0, -1.0, 0.37472, 0.0, 1.0, 0.0, -0.0, 0.0, 0.0, 0.0, 1.0]]}, {"name": "Torso", "time": [0.0, 0.2, 0.3, 0.4, 0.6, 0.7, 0.8], "transform": [[0.990618, 0.128419, -0.046741, 0.0, -0.128419, 0.991715, 0.003015, 0.05, 0.046741, 0.003015, 0.998902, 0.0, 0.0, 0.0, 0.0, 1.0], [1.0, -0.0, 0.0, 0.0, 0.0, 0.990695, -0.1361, 0.05, -0.0, 0.1361, 0.990695, 0.0, 0.0, 0.0, 0.0, 1.0], [0.997649, -0.06356, 0.025625, 0.0, 0.063934, 0.997855, -0.014046, 0.05, -0.024678, 0.015651, 0.999573, 0.0, 0.0, 0.0, 0.0, 1.0], [0.990618, -0.128419, 0.046741, 0.0, 0.128419, 0.991715, 0.003015, 0.05, -0.046741, 0.003015, 0.998902, 0.0, 0.0, 0.0, 0.0, 1.0], [1.0, 0.0, -0.0, 0.0, -0.0, 0.990695, -0.1361, 0.05, 0.0, 0.1361, 0.990695, 0.0, 0.0, 0.0, 0.0, 1.0], [0.997649, 0.06356, -0.025625, 0.0, -0.063934, 0.997855, -0.014046, 0.05, 0.024678, 0.015651, 0.999573, 0.0, 0.0, 0.0, 0.0, 1.0], [0.990618, 0.128419, -0.046741, 0.0, -0.128419, 0.991715, 0.003015, 0.05, 0.046741, 0.003015, 0.998902, 0.0, 0.0, 0.0, 0.0, 1.0]]}, {"name": "Chest", "time": [0.0, 0.2, 0.3, 0.4, 0.6, 0.7, 0.8], "transform": [[0.967175, -0.236654, 0.092564, 0.0, 0.201606, 0.936353, 0.2874, 0.3, -0.154687, -0.259304, 0.953327, 0.0, 0.0, 0.0, 0.0, 1.0], [0.99438, 0.103429, -0.022621, 0.0, -0.069728, 0.80055, 0.595196, 0.3, 0.07967, -0.590274, 0.803262, -0.0, 0.0, 0.0, 0.0, 1.0], [0.983412, 0.173819, -0.05184, 0.0, -0.13283, 0.884747, 0.446743, 0.3, 0.123517, -0.432446, 0.893159, -0.0, 0.0, 0.0, 0.0, 1.0], [0.967175, 0.236653, -0.092564, -0.0, -0.201606, 0.936353, 0.2874, 0.3, 0.154687, -0.259304, 0.953327, 0.0, 0.0, 0.0, 0.0, 1.0], [0.99438, -0.10343, 0.022621, 0.0, 0.069729, 0.80055, 0.595196, 0.3, -0.07967, -0.590274, 0.803262, -0.0, 0.0, 0.0, 0.0, 1.0], [0.983412, -0.173819, 0.05184, -0.0, 0.13283, 0.884747, 0.446743, 0.3, -0.123518, -0.432446, 0.893159, -0.0, 0.0, 0.0, 0.0, 1.0], [0.967175, -0.236654, 0.092564, 0.0, 0.201606, 0.936353, 0.2874, 0.3, -0.154687, -0.259304, 0.953327, 0.0, 0.0, 0.0, 0.0, 1.0]]}, {"name": "Head", "time": [0.0, 0.2, 0.3, 0.4, 0.6, 0.7, 0.8], "transform": [[0.996223, 0.033174, -0.080247, 0.0, -0.08058, 0.697551, -0.711989, 0.4, 0.032357, 0.715766, 0.69759, 0.0, 0.0, 0.0, 0.0, 1.0], [0.996261, -0.060689, 0.061492, 0.0, 0.083883, 0.509015, -0.856661, 0.4, 0.02069, 0.858616, 0.512202, 0.0, 0.0, 0.0, 0.0, 1.0], [0.999157, -0.011737, 0.039349, 0.0, 0.038959, 0.573709, -0.818132, 0.4, -0.012972, 0.818975, 0.573683, 0.0, 0.0, 0.0, 0.0, 1.0], [0.996223, -0.033174, 0.080247, 0.0, 0.08058, 0.697551, -0.711989, 0.4, -0.032356, 0.715766, 0.69759, 0.0, 0.0, 0.0, 0.0, 1.0], [0.996261, 0.060689, -0.061493, 0.0, -0.083883, 0.509015, -0.856661, 0.4, -0.020689, 0.858616, 0.512202, 0.0, 0.0, 0.0, 0.0, 1.0], [0.999157, 0.011737, -0.039349, 0.0, -0.038959, 0.573709, -0.818132, 0.4, 0.012973, 0.818975, 0.573683, -0.0, 0.0, 0.0, 0.0, 1.0], [0.996223, 0.033174, -0.080247, 0.0, -0.08058, 0.697551, -0.711989, 0.4, 0.032357, 0.715766, 0.69759, 0.0, 0.0, 0.0, 0.0, 1.0]]}, {"name": "Shoulder_R", "time": [0.0, 0.2, 0.3, 0.4, 0.6, 0.7, 0.8], "transform": [[0.17748, 0.945387, -0.273395, 0.0, -0.001652, 0.278091, 0.960553, 0.4, 0.984123, -0.170027, 0.050918, -0.0, 0.0, 0.0, 0.0, 1.0], [0.0, 0.989756, -0.142773, 0.0, 2e-06, 0.142773, 0.989756, 0.4, 1.0, -0.0, -1e-06, 0.0, 0.0, 0.0, 0.0, 1.0], [-0.041957, 0.987258, 0.153498, 0.0, -0.004569, -0.153821, 0.988088, 0.4, 0.999109, 0.040756, 0.010965, 0.0, 0.0, 0.0, 0.0, 1.0], [-0.083155, 0.896902, 0.43434, 0.0, 0.003308, -0.435599, 0.900135, 0.4, 0.996531, 0.076288, 0.033255, -0.0, 0.0, 0.0, 0.0, 1.0], [0.0, 0.984255, 0.176753, 0.0, 2e-06, -0.176753, 0.984255, 0.4, 1.0, 0.0, -2e-06, 0.0, 0.0, 0.0, 0.0, 1.0], [0.089174, 0.994696, -0.05126, 0.0, -0.011127, 0.052456, 0.998561, 0.4, 0.995954, -0.088475, 0.015746, -0.0, 0.0, 0.0, 0.0, 1.0], [0.17748, 0.945387, -0.273395, 0.0, -0.001652, 0.278091, 0.960553, 0.4, 0.984123, -0.170027, 0.050918, -0.0, 0.0, 0.0, 0.0, 1.0]]}, {"name": "Arm_R", "time": [0.0, 0.2, 0.3, 0.4, 0.6, 0.7, 0.8], "transform": [[0.588472, -0.742369, -0.320297, 0.0, 0.010244, 0.402967, -0.915157, 0.388385, 0.808453, 0.535263, 0.244739, -0.0, 0.0, 0.0, 0.0, 1.0], [0.282012, -0.938362, 0.199862, 0.0, 0.018735, -0.202892, -0.979022, 0.388385, 0.959228, 0.279841, -0.039638, 0.0, 0.0, 0.0, 0.0, 1.0], [0.035678, -0.974057, 0.223473, 0.0, -0.128598, -0.226231, -0.965548, 0.388385, 0.991055, 0.005711, -0.133334, -0.0, 0.0, 0.0, 0.0, 1.0], [-0.279897, -0.762874, -0.582822, 0.0, 0.674161, 0.27603, -0.685066, 0.388385, 0.683495, -0.584663, 0.43704, -0.0, 0.0, 0.0, 0.0, 1.0], [0.032827, -0.23609, -0.971177, -0.0, 0.811793, 0.573126, -0.111885, 0.388385, 0.583022, -0.784722, 0.21047, -0.0, 0.0, 0.0, 0.0, 1.0], [0.356073, -0.577848, -0.734373, 0.0, 0.334789, 0.812599, -0.477074, 0.388385, 0.872427, -0.075987, 0.482801, 0.0, 0.0, 0.0, 0.0, 1.0], [0.588472, -0.742369, -0.320297, 0.0, 0.010244, 0.402967, -0.915157, 0.388385, 0.808453, 0.535263, 0.244739, -0.0, 0.0, 0.0, 0.0, 1.0]]}, {"name": "Hand_R", "time": [0.0, 0.2, 0.3, 0.4, 0.6, 0.7, 0.8], "transform": [[0.990157, 0.137816, 0.024426, -0.0, -0.120938, 0.930279, -0.346345, 0.3, -0.070455, 0.339981, 0.937789, -0.0, 0.0, 0.0, 0.0, 1.0], [0.824715, 0.553669, -0.115307, -0.0, -0.550931, 0.740468, -0.384944, 0.3, -0.127751, 0.380995, 0.915709, -0.0, 0.0, 0.0, 0.0, 1.0], [0.797944, 0.598066, -0.074854, -0.0, -0.585143, 0.738878, -0.334165, 0.3, -0.144545, 0.310445, 0.939537, 0.0, 0.0, 0.0, 0.0, 1.0], [0.104217, 0.116802, -0.987672, -0.0, -0.745292, 0.666738, 0.000207, 0.3, 0.658543, 0.736082, 0.156537, 0.0, 0.0, 0.0, 0.0, 1.0], [0.593285, -0.279241, -0.755008, -0.0, -0.775566, 0.052993, -0.629038, 0.3, 0.215663, 0.958758, -0.18513, -0.0, 0.0, 0.0, 0.0, 1.0], [0.989109, 0.142343, 0.037452, 0.0, -0.095002, 0.811758, -0.576215, 0.3, -0.112422, 0.566381, 0.816439, 0.0, 0.0, 0.0, 0.0, 1.0], [0.990157, 0.137816, 0.024426, -0.0, -0.120938, 0.930279, -0.346345, 0.3, -0.070455, 0.339981, 0.937789, -0.0, 0.0, 0.0, 0.0, 1.0]]}, {"name": "Tool_R", "time": [0.0, 0.2, 0.3, 0.4, 0.6, 0.7, 0.8], "transform": [[1.0, -0.0, 0.0, -0.0, -0.0, -0.832124, -0.554589, 0.321204, 0.0, 0.554589, -0.832125, 0.0, 0.0, 0.0, 0.0, 1.0], [1.0, -0.0, 0.0, -0.0, 0.0, -0.874757, -0.484562, 0.321204, 0.0, 0.484562, -0.874757, 0.0, 0.0, 0.0, 0.0, 1.0], [1.0, -0.0, 0.0, -0.0, 0.0, -0.968236, -0.250037, 0.321204, 0.0, 0.250037, -0.968237, 0.0, 0.0, 0.0, 0.0, 1.0], [0.996195, 0.0, -0.087156, 0.0, 0.0, -1.0, 0.0, 0.321204, -0.087156, -0.0, -0.996195, 0.0, 0.0, 0.0, 0.0, 1.0], [1.0, -0.0, 0.0, -0.0, 0.0, -0.975456, -0.220195, 0.321204, 0.0, 0.220195, -0.975456, 0.0, 0.0, 0.0, 0.0, 1.0], [1.0, -0.0, 0.0, 0.0, 0.0, -0.95, -0.312249, 0.321204, 0.0, 0.312249, -0.95, 0.0, 0.0, 0.0, 0.0, 1.0], [1.0, -0.0, 0.0, -0.0, -0.0, -0.832124, -0.554589, 0.321204, 0.0, 0.554589, -0.832125, 0.0, 0.0, 0.0, 0.0, 1.0]]}, {"name": "Elbow_R", "time": [0.0, 0.2, 0.3, 0.4, 0.6, 0.7, 0.8], "transform": [[-1.0, 0.0, -0.0, -0.0, 0.0, 0.0, -1.0, 0.3, -0.0, -1.0, -0.0, 0.0, 0.0, 0.0, 0.0, 1.0], [-1.0, 0.0, 0.0, -0.0, -0.0, 0.0, -1.0, 0.3, -0.0, -1.0, -0.0, 0.0, 0.0, 0.0, 0.0, 1.0], [-1.0, 0.0, -0.0, -0.0, 0.0, 0.0, -1.0, 0.3, -0.0, -1.0, -0.0, 0.0, 0.0, 0.0, 0.0, 1.0], [-1.0, 0.0, -0.0, -0.0, 0.0, 0.0, -1.0, 0.3, -0.0, -1.0, -0.0, 0.0, 0.0, 0.0, 0.0, 1.0], [-1.0, 0.0, -0.0, -0.0, 0.0, 0.0, -1.0, 0.3, -0.0, -1.0, -0.0, 0.0, 0.0, 0.0, 0.0, 1.0], [-1.0, 0.0, -0.0, 0.0, 0.0, -0.0, -1.0, 0.3, -0.0, -1.0, -0.0, 0.0, 0.0, 0.0, 0.0, 1.0], [-1.0, 0.0, -0.0, -0.0, 0.0, 0.0, -1.0, 0.3, -0.0, -1.0, -0.0, 0.0, 0.0, 0.0, 0.0, 1.0]]}, {"name": "Shoulder_L", "time": [0.0, 0.2, 0.3, 0.4, 0.6, 0.7, 0.8], "transform": [[-0.083154, -0.896893, -0.434359, -0.0, -0.003311, -0.435617, 0.900126, 0.4, -0.996531, 0.076287, 0.033254, 0.0, 0.0, 0.0, 0.0, 1.0], [1e-06, -0.984251, -0.176773, -0.0, -2e-06, -0.176773, 0.984252, 0.4, -1.0, -0.0, -2e-06, 0.0, 0.0, 0.0, 0.0, 1.0], [0.089174, -0.994697, 0.051239, 0.0, 0.011128, 0.052436, 0.998562, 0.4, -0.995954, -0.088476, 0.015745, 0.0, 0.0, 0.0, 0.0, 1.0], [0.177481, -0.945392, 0.273375, 0.0, 0.001655, 0.278071, 0.960559, 0.4, -0.984123, -0.170028, 0.050917, -0.0, 0.0, 0.0, 0.0, 1.0], [1e-06, -0.989758, 0.142752, -0.0, -2e-06, 0.142752, 0.989758, 0.4, -1.0, -1e-06, -2e-06, 0.0, 0.0, 0.0, 0.0, 1.0], [-0.041956, -0.987255, -0.153519, -0.0, 0.004567, -0.153842, 0.988085, 0.4, -0.999109, 0.040755, 0.010964, -0.0, 0.0, 0.0, 0.0, 1.0], [-0.083154, -0.896893, -0.434359, -0.0, -0.003311, -0.435617, 0.900126, 0.4, -0.996531, 0.076287, 0.033254, 0.0, 0.0, 0.0, 0.0, 1.0]]}, {"name": "Arm_L", "time": [0.0, 0.2, 0.3, 0.4, 0.6, 0.7, 0.8], "transform": [[-0.279897, 0.762874, 0.582822, 0.0, -0.674146, 0.276042, -0.685075, 0.388355, -0.68351, -0.584657, 0.437025, -0.0, 0.0, 0.0, 0.0, 1.0], [0.032828, 0.23609, 0.971176, 0.0, -0.811781, 0.573143, -0.11189, 0.388354, -0.58304, -0.784709, 0.210469, 0.0, 0.0, 0.0, 0.0, 1.0], [0.356073, 0.577849, 0.734372, 0.0, -0.33477, 0.812601, -0.477084, 0.388354, -0.872434, -0.075969, 0.482791, 0.0, 0.0, 0.0, 0.0, 1.0], [0.588472, 0.742369, 0.320296, -0.0, -0.010226, 0.402955, -0.915163, 0.388354, -0.808454, 0.535272, 0.244719, -0.0, 0.0, 0.0, 0.0, 1.0], [0.282013, 0.938362, -0.199863, 0.0, -0.018714, -0.202898, -0.979021, 0.388354, -0.959228, 0.279837, -0.039659, -0.0, 0.0, 0.0, 0.0, 1.0], [0.035679, 0.974057, -0.223473, -0.0, 0.12862, -0.226231, -0.965545, 0.388354, -0.991052, 0.005707, -0.133355, -0.0, 0.0, 0.0, 0.0, 1.0], [-0.279897, 0.762874, 0.582822, 0.0, -0.674146, 0.276042, -0.685075, 0.388355, -0.68351, -0.584657, 0.437025, -0.0, 0.0, 0.0, 0.0, 1.0]]}, {"name": "Hand_L", "time": [0.0, 0.2, 0.3, 0.4, 0.6, 0.7, 0.8], "transform": [[0.104217, -0.116801, 0.987672, -0.0, 0.745292, 0.666738, 0.000206, 0.3, -0.658543, 0.736082, 0.156537, -0.0, 0.0, 0.0, 0.0, 1.0], [0.593285, 0.279241, 0.755008, -0.0, 0.775566, 0.052993, -0.629038, 0.3, -0.215663, 0.958758, -0.18513, -0.0, 0.0, 0.0, 0.0, 1.0], [0.989109, -0.142343, -0.037452, -0.0, 0.095002, 0.811758, -0.576215, 0.3, 0.112422, 0.566381, 0.816439, 0.0, 0.0, 0.0, 0.0, 1.0], [0.990157, -0.137815, -0.024426, 0.0, 0.120937, 0.930279, -0.346345, 0.3, 0.070455, 0.339981, 0.937789, 0.0, 0.0, 0.0, 0.0, 1.0], [0.824715, -0.553669, 0.115307, 0.0, 0.550931, 0.740469, -0.384944, 0.3, 0.12775, 0.380995, 0.915709, 0.0, 0.0, 0.0, 0.0, 1.0], [0.797944, -0.598066, 0.074854, -0.0, 0.585143, 0.738878, -0.334165, 0.3, 0.144545, 0.310445, 0.939537, 0.0, 0.0, 0.0, 0.0, 1.0], [0.104217, -0.116801, 0.987672, -0.0, 0.745292, 0.666738, 0.000206, 0.3, -0.658543, 0.736082, 0.156537, -0.0, 0.0, 0.0, 0.0, 1.0]]}, {"name": "Tool_L", "time": [0.0, 0.2, 0.3, 0.4, 0.6, 0.7, 0.8], "transform": [[0.996195, -0.0, 0.087156, -0.0, 0.0, -1.0, 0.0, 0.321204, 0.087156, -0.0, -0.996195, 0.0, 0.0, 0.0, 0.0, 1.0], [1.0, -0.0, 0.0, 0.0, 0.0, -0.975456, -0.220195, 0.321204, 0.0, 0.220195, -0.975456, 0.0, 0.0, 0.0, 0.0, 1.0], [1.0, -0.0, 0.0, 0.0, -0.0, -0.95, -0.312249, 0.321204, 0.0, 0.312249, -0.95, 0.0, 0.0, 0.0, 0.0, 1.0], [1.0, -0.0, 0.0, 0.0, -0.0, -0.832125, -0.554589, 0.321204, 0.0, 0.554589, -0.832125, 0.0, 0.0, 0.0, 0.0, 1.0], [1.0, -0.0, 0.0, 0.0, -0.0, -0.874757, -0.484562, 0.321203, 0.0, 0.484562, -0.874757, 0.0, 0.0, 0.0, 0.0, 1.0], [1.0, -0.0, 0.0, 0.0, -0.0, -0.968236, -0.250037, 0.321204, 0.0, 0.250037, -0.968236, 0.0, 0.0, 0.0, 0.0, 1.0], [0.996195, -0.0, 0.087156, -0.0, 0.0, -1.0, 0.0, 0.321204, 0.087156, -0.0, -0.996195, 0.0, 0.0, 0.0, 0.0, 1.0]]}, {"name": "Elbow_L", "time": [0.0, 0.2, 0.3, 0.4, 0.6, 0.7, 0.8], "transform": [[-0.994167, 0.06398, -0.086824, 0.0, 0.043578, -0.498097, -0.866025, 0.3, -0.098655, -0.864758, 0.492404, 0.0, 0.0, 0.0, 0.0, 1.0], [-0.994167, 0.06398, -0.086824, 0.0, 0.043578, -0.498097, -0.866025, 0.3, -0.098655, -0.864758, 0.492404, 0.0, 0.0, 0.0, 0.0, 1.0], [-0.994167, 0.06398, -0.086824, -0.0, 0.043578, -0.498097, -0.866025, 0.3, -0.098655, -0.864758, 0.492404, 0.0, 0.0, 0.0, 0.0, 1.0], [-0.994167, 0.06398, -0.086824, 0.0, 0.043578, -0.498098, -0.866025, 0.3, -0.098655, -0.864758, 0.492404, 0.0, 0.0, 0.0, 0.0, 1.0], [-0.994167, 0.06398, -0.086824, 0.0, 0.043578, -0.498098, -0.866025, 0.3, -0.098655, -0.864758, 0.492404, 0.0, 0.0, 0.0, 0.0, 1.0], [-0.994167, 0.06398, -0.086824, 0.0, 0.043578, -0.498098, -0.866025, 0.3, -0.098655, -0.864758, 0.492404, 0.0, 0.0, 0.0, 0.0, 1.0], [-0.994167, 0.06398, -0.086824, 0.0, 0.043578, -0.498097, -0.866025, 0.3, -0.098655, -0.864758, 0.492404, 0.0, 0.0, 0.0, 0.0, 1.0]]}]}