{"animation": [{"name": "Root", "time": [0.0, 0.1667, 0.3333, 0.4167, 0.5, 0.5667, 1.3333], "transform": [[1.0, 0.0, -0.0, -5e-06, 0.0, -0.173648, -0.984808, -0.486282, -0.0, 0.984808, -0.173648, 0.565806, 0.0, 0.0, 0.0, 1.0], [1.0, 0.0, -0.0, -5e-06, 0.0, -0.939693, -0.34202, -0.726516, -0.0, 0.34202, -0.939693, 0.501141, 0.0, 0.0, 0.0, 1.0], [1.0, 0.0, -0.0, -5e-06, 0.0, -0.99737, 0.072484, -1.076612, -0.0, -0.072484, -0.99737, 0.177083, 0.0, 0.0, 0.0, 1.0], [1.0, 0.0, 0.0, -5e-06, 0.0, -0.998726, -0.050455, -1.139151, 0.0, 0.050455, -0.998726, 0.160392, 0.0, 0.0, 0.0, 1.0], [1.0, 0.0, 0.0, -5e-06, 0.0, -0.998726, -0.050455, -1.139151, 0.0, 0.050455, -0.998726, 0.123936, 0.0, 0.0, 0.0, 1.0], [1.0, 0.0, 0.0, -5e-06, 0.0, -0.998726, -0.050455, -1.139151, 0.0, 0.050455, -0.998726, 0.123936, 0.0, 0.0, 0.0, 1.0], [1.0, 0.0, 0.0, -5e-06, 0.0, -0.998726, -0.050455, -1.139151, 0.0, 0.050455, -0.998726, 0.123936, 0.0, 0.0, 0.0, 1.0]]}, {"name": "Thigh_R", "time": [0.0, 0.1667, 0.3333, 0.4167, 0.5, 0.5667, 1.3333], "transform": [[0.998678, 0.049118, 0.015184, 0.124994, -0.002663, -0.245511, 0.96939, -0.002831, 0.051343, -0.968149, -0.245055, -1.2e-05, 0.0, 0.0, 0.0, 1.0], [0.998677, 0.049118, 0.015184, 0.124994, 0.010716, -0.48772, 0.872934, -0.002831, 0.050283, -0.871617, -0.487602, -1.2e-05, 0.0, 0.0, 0.0, 1.0], [0.998651, 0.051348, -0.007692, 0.124994, 0.048612, -0.872656, 0.48591, -0.002831, 0.018238, -0.485628, -0.873975, -1.2e-05, 0.0, 0.0, 0.0, 1.0], [0.998263, 0.056825, -0.01554, 0.124994, 0.058506, -0.925387, 0.374481, -0.002831, 0.0069, -0.374739, -0.927105, -1.2e-05, 0.0, 0.0, 0.0, 1.0], [0.996956, 0.07118, 0.03181, 0.124994, 0.058763, -0.954171, 0.293437, -0.002831, 0.051239, -0.290675, -0.955449, -1.2e-05, 0.0, 0.0, 0.0, 1.0], [0.996956, 0.07118, 0.03181, 0.124994, 0.0649, -0.983766, 0.167308, -0.002831, 0.043202, -0.164735, -0.985391, -1.2e-05, 0.0, 0.0, 0.0, 1.0], [0.996956, 0.07118, 0.03181, 0.124994, 0.064942, -0.983926, 0.166346, -0.002831, 0.043139, -0.163774, -0.985554, -1.2e-05, 0.0, 0.0, 0.0, 1.0]]}, {"name": "Leg_R", "time": [0.0, 0.1667, 0.3333, 0.4167, 0.5, 0.5667, 1.3333], "transform": [[1.0, 0.0, 2e-06, -0.0, -1e-06, 0.888201, 0.459455, 0.37472, -2e-06, -0.459455, 0.888201, -0.0, 0.0, 0.0, 0.0, 1.0], [1.0, 0.0, 2e-06, -0.0, -1e-06, 0.888201, 0.459455, 0.37472, -2e-06, -0.459455, 0.888201, -0.0, 0.0, 0.0, 0.0, 1.0], [0.999959, -0.003035, 0.008528, -0.0, -0.000557, 0.919682, 0.392662, 0.37472, -0.009035, -0.39265, 0.919644, -0.0, 0.0, 0.0, 0.0, 1.0], [0.999535, -0.000106, -0.03049, -0.0, 0.015369, 0.865416, 0.500817, 0.37472, 0.026334, -0.501053, 0.865016, 0.0, 0.0, 0.0, 0.0, 1.0], [0.998901, 0.031139, -0.035039, 0.0, -0.005413, 0.819099, 0.573627, 0.37472, 0.046562, -0.572806, 0.818368, 0.0, 0.0, 0.0, 0.0, 1.0], [0.999793, 0.010681, -0.017323, 0.0, -0.005816, 0.96566, 0.259743, 0.37472, 0.019503, -0.259588, 0.965523, 0.0, 0.0, 0.0, 0.0, 1.0], [0.999793, 0.010681, -0.017323, 0.0, -0.005816, 0.96566, 0.259743, 0.37472, 0.019503, -0.259588, 0.965523, -0.0, 0.0, 0.0, 0.0, 1.0]]}, {"name": "Knee_R", "time": [0.0, 0.1667, 0.3333, 0.4167, 0.5, 0.5667, 1.3333], "transform": [[1.0, 0.0, -1e-06, -0.0, -1e-06, 0.0, -1.0, 0.37472, -0.0, 1.0, 0.0, -0.0, 0.0, 0.0, 0.0, 1.0], [1.0, 0.0, -1e-06, -0.0, -1e-06, 0.0, -1.0, 0.37472, -0.0, 1.0, 0.0, -0.0, 0.0, 0.0, 0.0, 1.0], [1.0, 0.0, -1e-06, -0.0, -1e-06, 0.0, -1.0, 0.37472, -0.0, 1.0, 0.0, -0.0, 0.0, 0.0, 0.0, 1.0], [1.0, 0.0, -1e-06, -0.0, -1e-06, 0.0, -1.0, 0.37472, -0.0, 1.0, 0.0, 0.0, 0.0, 0.0, 0.0, 1.0], [1.0, 0.0, -1e-06, 0.0, -1e-06, 0.0, -1.0, 0.37472, -0.0, 1.0, 0.0, 0.0, 0.0, 0.0, 0.0, 1.0], [1.0, 0.0, -1e-06, 0.0, -1e-06, 0.0, -1.0, 0.37472, -0.0, 1.0, 0.0, 0.0, 0.0, 0.0, 0.0, 1.0], [1.0, 0.0, -1e-06, 0.0, -1e-06, 0.0, -1.0, 0.37472, -0.0, 1.0, 0.0, -0.0, 0.0, 0.0, 0.0, 1.0]]}, {"name": "Thigh_L", "time": [0.0, 0.1667, 0.3333, 0.4167, 0.5, 0.5667, 1.3333], "transform": [[0.996188, -0.049188, 0.07203, -0.125006, -0.087222, -0.561824, 0.822645, -0.002831, 4e-06, -0.825791, -0.563974, -1.2e-05, 0.0, 0.0, 0.0, 1.0], [0.996189, -0.049188, 0.07203, -0.125006, -0.075535, -0.899449, 0.430444, -0.002831, 0.043615, -0.434244, -0.899739, -1.2e-05, 0.0, 0.0, 0.0, 1.0], [0.999073, -0.043035, -0.000186, -0.125006, -0.042563, -0.988712, 0.143643, -0.002831, -0.006366, -0.143502, -0.98963, -1.2e-05, 0.0, 0.0, 0.0, 1.0], [0.998996, -0.034078, -0.029051, -0.125006, -0.027889, -0.981042, 0.191768, -0.002831, -0.035036, -0.190765, -0.981011, -1.2e-05, 0.0, 0.0, 0.0, 1.0], [0.998898, -0.045632, -0.010969, -0.125006, -0.042387, -0.977522, 0.20652, -0.002831, -0.020147, -0.205827, -0.978381, -1.2e-05, 0.0, 0.0, 0.0, 1.0], [0.998898, -0.045632, -0.010969, -0.125006, -0.045242, -0.998413, 0.033488, -0.002831, -0.01248, -0.032955, -0.999379, -1.2e-05, 0.0, 0.0, 0.0, 1.0], [0.998898, -0.045632, -0.010969, -0.125006, -0.044896, -0.99719, 0.059934, -0.002831, -0.013673, -0.059376, -0.998142, -1.2e-05, 0.0, 0.0, 0.0, 1.0]]}, {"name": "Leg_L", "time": [0.0, 0.1667, 0.3333, 0.4167, 0.5, 0.5667, 1.3333], "transform": [[1.0, -1e-06, 1e-06, 0.0, 0.0, 0.888202, 0.459455, 0.37472, -1e-06, -0.459455, 0.8882, -0.0, 0.0, 0.0, 0.0, 1.0], [0.999741, -0.013316, -0.018468, -0.0, 0.016974, 0.976528, 0.214723, 0.37472, 0.015175, -0.214981, 0.9765, 0.0, 0.0, 0.0, 0.0, 1.0], [0.999937, 0.003984, -0.010503, -0.0, -0.001513, 0.974226, 0.225573, 0.37472, 0.011132, -0.225544, 0.974169, -0.0, 0.0, 0.0, 0.0, 1.0], [0.999812, -0.015468, 0.011684, 0.0, 0.009088, 0.906417, 0.422287, 0.37472, -0.017122, -0.422102, 0.906386, -0.0, 0.0, 0.0, 0.0, 1.0], [0.999794, -0.008907, 0.018259, -0.0, 0.000365, 0.906503, 0.422199, 0.37472, -0.020312, -0.422106, 0.906318, -0.0, 0.0, 0.0, 0.0, 1.0], [1.0, -0.0, 0.0, -0.0, 0.0, 1.000001, 0.0, 0.37472, -1e-06, -0.0, 0.999999, 0.0, 0.0, 0.0, 0.0, 1.0], [1.0, -0.0, 0.0, -0.0, 0.0, 1.000001, 0.0, 0.37472, -1e-06, -0.0, 0.999999, 0.0, 0.0, 0.0, 0.0, 1.0]]}, {"name": "Knee_L", "time": [0.0, 0.1667, 0.3333, 0.4167, 0.5, 0.5667, 1.3333], "transform": [[1.0, -0.0, 0.0, 0.0, 0.0, 0.0, -1.0, 0.37472, 0.0, 1.0, 0.0, -0.0, 0.0, 0.0, 0.0, 1.0], [1.0, -0.0, 0.0, -0.0, 0.0, 0.0, -1.0, 0.37472, 0.0, 1.0, 0.0, 0.0, 0.0, 0.0, 0.0, 1.0], [1.0, -0.0, 0.0, -0.0, 0.0, 0.0, -1.0, 0.37472, 0.0, 1.0, 0.0, -0.0, 0.0, 0.0, 0.0, 1.0], [1.0, -0.0, 0.0, 0.0, 0.0, 0.0, -1.0, 0.37472, 0.0, 1.0, 0.0, -0.0, 0.0, 0.0, 0.0, 1.0], [1.0, -0.0, 0.0, -0.0, 0.0, 0.0, -1.0, 0.37472, 0.0, 1.0, 0.0, -0.0, 0.0, 0.0, 0.0, 1.0], [1.0, -0.0, 0.0, -0.0, 0.0, 0.0, -1.0, 0.37472, 0.0, 1.0, 0.0, 0.0, 0.0, 0.0, 0.0, 1.0], [1.0, -0.0, 0.0, -0.0, 0.0, 0.0, -1.0, 0.37472, 0.0, 1.0, 0.0, 0.0, 0.0, 0.0, 0.0, 1.0]]}, {"name": "Torso", "time": [0.0, 0.1667, 0.3333, 0.4167, 0.5, 0.5667, 1.3333], "transform": [[0.984808, 0.0, -0.173648, -0.0, -0.042294, 0.969885, -0.239864, 0.05, 0.168419, 0.243564, 0.95515, -0.0, 0.0, 0.0, 0.0, 1.0], [1.0, -0.0, 0.0, -0.0, 0.0, 0.993916, 0.110137, 0.05, -0.0, -0.110137, 0.993916, -0.0, 0.0, 0.0, 0.0, 1.0], [1.0, -0.0, 0.0, 0.0, 0.0, 0.984939, -0.172902, 0.05, -0.0, 0.172902, 0.984939, 0.0, 0.0, 0.0, 0.0, 1.0], [1.0, -0.0, 0.0, 0.0, -0.0, 0.968103, 0.250552, 0.05, -0.0, -0.250552, 0.968103, -0.0, 0.0, 0.0, 0.0, 1.0], [1.0, -0.0, -0.0, 0.0, -0.0, 0.999841, -0.017828, 0.05, 0.0, 0.017828, 0.999841, 0.0, 0.0, 0.0, 0.0, 1.0], [1.0, -0.0, -0.0, 0.0, -0.0, 0.999222, -0.039439, 0.05, 0.0, 0.039439, 0.999222, 0.0, 0.0, 0.0, 0.0, 1.0], [1.0, -0.0, -0.0, 0.0, -0.0, 0.999222, -0.039439, 0.05, 0.0, 0.039439, 0.999222, 0.0, 0.0, 0.0, 0.0, 1.0]]}, {"name": "Chest", "time": [0.0, 0.1667, 0.3333, 0.4167, 0.5, 0.5667, 1.3333], "transform": [[1.0, -0.0, 0.0, 0.0, 0.0, 0.807565, 0.589779, 0.3, -0.0, -0.589779, 0.807565, -0.0, 0.0, 0.0, 0.0, 1.0], [1.0, -0.0, 0.0, 0.0, 0.0, 0.815559, 0.578674, 0.3, -0.0, -0.578674, 0.815559, -0.0, 0.0, 0.0, 0.0, 1.0], [1.0, -0.0, 0.0, 0.0, 0.0, 0.899622, 0.436669, 0.3, -0.0, -0.436669, 0.899622, -0.0, 0.0, 0.0, 0.0, 1.0], [1.0, -0.0, 0.0, -0.0, 0.0, 0.997265, -0.073907, 0.3, -0.0, 0.073907, 0.997265, 0.0, 0.0, 0.0, 0.0, 1.0], [1.0, -0.0, 0.0, -0.0, 0.0, 0.999912, 0.013296, 0.3, -0.0, -0.013296, 0.999912, -0.0, 0.0, 0.0, 0.0, 1.0], [1.0, -0.0, 0.0, -0.0, 0.0, 0.999912, 0.013296, 0.3, -0.0, -0.013296, 0.999912, -0.0, 0.0, 0.0, 0.0, 1.0], [1.0, -0.0, 0.0, -0.0, 0.0, 0.999912, 0.013296, 0.3, -0.0, -0.013296, 0.999912, -0.0, 0.0, 0.0, 0.0, 1.0]]}, {"name": "Head", "time": [0.0, 0.1667, 0.3333, 0.4167, 0.5, 0.5667, 1.3333], "transform": [[0.9991, 0.041982, -0.006046, 0.0, -0.041154, 0.993996, 0.101387, 0.4, 0.010266, -0.101047, 0.994829, -0.0, 0.0, 0.0, 0.0, 1.0], [1.0, 0.0, -0.0, 0.0, -0.0, 0.935969, 0.352082, 0.4, 0.0, -0.352082, 0.935969, -0.0, 0.0, 0.0, 0.0, 1.0], [1.0, 0.0, -0.0, 0.0, -0.0, 0.998542, -0.053985, 0.4, 0.0, 0.053985, 0.998542, -0.0, 0.0, 0.0, 0.0, 1.0], [1.0, 0.0, -0.0, 0.0, -0.0, 0.951513, -0.307609, 0.4, 0.0, 0.307609, 0.951513, -0.0, 0.0, 0.0, 0.0, 1.0], [1.0, 0.0, -0.0, 0.0, -0.0, 0.990807, 0.135284, 0.4, 0.0, -0.135284, 0.990807, 0.0, 0.0, 0.0, 0.0, 1.0], [1.0, 0.0, -0.0, 0.0, -0.0, 0.998827, 0.048414, 0.4, 0.0, -0.048414, 0.998827, 0.0, 0.0, 0.0, 0.0, 1.0], [1.0, 0.0, -0.0, 0.0, -0.0, 0.998827, 0.048414, 0.4, 0.0, -0.048414, 0.998827, 0.0, 0.0, 0.0, 0.0, 1.0]]}, {"name": "Shoulder_R", "time": [0.0, 0.1667, 0.3333, 0.4167, 0.5, 0.5667, 1.3333], "transform": [[0.0, 0.965995, 0.25856, 0.0, 2e-06, -0.25856, 0.965995, 0.4, 1.0, 0.0, -1e-06, -0.0, 0.0, 0.0, 0.0, 1.0], [0.0, 0.965995, 0.25856, 0.0, 2e-06, -0.25856, 0.965995, 0.4, 1.0, 0.0, -1e-06, -0.0, 0.0, 0.0, 0.0, 1.0], [0.0, 0.965995, 0.25856, 0.0, 2e-06, -0.25856, 0.965995, 0.4, 1.0, 0.0, -2e-06, -0.0, 0.0, 0.0, 0.0, 1.0], [0.0, 0.965995, 0.25856, 0.0, 2e-06, -0.25856, 0.965995, 0.4, 1.0, 0.0, -1e-06, 0.0, 0.0, 0.0, 0.0, 1.0], [0.0, 0.965995, 0.25856, 0.0, 2e-06, -0.25856, 0.965995, 0.4, 1.0, 0.0, -2e-06, -0.0, 0.0, 0.0, 0.0, 1.0], [0.0, 0.965995, 0.25856, 0.0, 2e-06, -0.25856, 0.965995, 0.4, 1.0, 0.0, -2e-06, 0.0, 0.0, 0.0, 0.0, 1.0], [0.0, 0.965995, 0.25856, 0.0, 2e-06, -0.25856, 0.965995, 0.4, 1.0, 0.0, -2e-06, 0.0, 0.0, 0.0, 0.0, 1.0]]}, {"name": "Arm_R", "time": [0.0, 0.1667, 0.3333, 0.4167, 0.5, 0.5667, 1.3333], "transform": [[0.015716, -0.498344, -0.866837, -0.0, 0.949494, 0.279167, -0.143278, 0.388385, 0.313394, -0.820804, 0.477562, 0.0, 0.0, 0.0, 0.0, 1.0], [0.177309, -0.874579, -0.451303, -0.0, 0.849373, 0.367622, -0.37871, 0.388385, 0.49712, -0.316175, 0.808025, 0.0, 0.0, 0.0, 0.0, 1.0], [0.915044, -0.328458, -0.234117, 0.0, 0.37394, 0.908383, 0.187111, 0.388385, 0.15121, -0.258761, 0.954033, 0.0, 0.0, 0.0, 0.0, 1.0], [0.998197, -0.006973, 0.059622, 0.0, 0.009529, 0.999043, -0.042701, 0.388385, -0.059267, 0.043192, 0.997307, 0.0, 0.0, 0.0, 0.0, 1.0], [0.99615, -0.077917, 0.040189, 0.0, 0.082469, 0.988343, -0.127973, 0.388385, -0.029749, 0.130795, 0.990963, 0.0, 0.0, 0.0, 0.0, 1.0], [0.998498, 0.015416, 0.052592, 0.0, -0.008465, 0.991488, -0.129926, 0.388385, -0.054147, 0.129286, 0.990128, 0.0, 0.0, 0.0, 0.0, 1.0], [0.998498, 0.015416, 0.052592, 0.0, -0.008465, 0.991488, -0.129926, 0.388385, -0.054147, 0.129286, 0.990128, 0.0, 0.0, 0.0, 0.0, 1.0]]}, {"name": "Hand_R", "time": [0.0, 0.1667, 0.3333, 0.4167, 0.5, 0.5667, 1.3333], "transform": [[0.983067, 0.048468, -0.176721, 0.0, -0.139823, 0.821745, -0.552435, 0.3, 0.118444, 0.56779, 0.814607, -0.0, 0.0, 0.0, 0.0, 1.0], [1.0, -0.0, -0.0, 0.0, 0.0, 0.866026, -0.5, 0.3, 0.0, 0.5, 0.866025, -0.0, 0.0, 0.0, 0.0, 1.0], [0.967809, -0.251266, -0.014496, 0.0, 0.204537, 0.818771, -0.536451, 0.3, 0.146661, 0.516217, 0.843807, -0.0, 0.0, 0.0, 0.0, 1.0], [0.996221, 0.084737, 0.019078, 0.0, -0.084873, 0.996371, 0.006405, 0.3, -0.018466, -0.008, 0.999797, 0.0, 0.0, 0.0, 0.0, 1.0], [0.965948, -0.256384, -0.034792, -0.0, 0.256615, 0.966511, 0.002256, 0.3, 0.033048, -0.011107, 0.999392, 0.0, 0.0, 0.0, 0.0, 1.0], [0.999782, 0.02071, 0.002733, -0.0, -0.020708, 0.999785, -0.000568, 0.3, -0.002744, 0.000511, 0.999996, -0.0, 0.0, 0.0, 0.0, 1.0], [0.999782, 0.02071, 0.002733, -0.0, -0.020708, 0.999785, -0.000568, 0.3, -0.002744, 0.000511, 0.999996, -0.0, 0.0, 0.0, 0.0, 1.0]]}, {"name": "Tool_R", "time": [0.0, 0.1667, 0.3333, 0.4167, 0.5, 0.5667, 1.3333], "transform": [[1.0, 0.0, 0.0, -0.0, 0.0, -1.0, -0.0, 0.321203, 0.0, -0.0, -1.0, 0.0, 0.0, 0.0, 0.0, 1.0], [1.0, 0.0, 0.0, 0.0, -0.0, -1.0, 0.0, 0.321204, 0.0, 0.0, -1.0, 0.0, 0.0, 0.0, 0.0, 1.0], [1.0, -0.0, 0.0, 0.0, -0.0, -1.0, -0.0, 0.321204, 0.0, 0.0, -1.0, 0.0, 0.0, 0.0, 0.0, 1.0], [1.0, 0.0, 0.0, -0.0, 0.0, -1.0, -0.0, 0.321204, 0.0, -0.0, -1.0, 0.0, 0.0, 0.0, 0.0, 1.0], [1.0, 0.0, 0.0, 0.0, 0.0, -1.0, -0.0, 0.321204, 0.0, -0.0, -1.0, 0.0, 0.0, 0.0, 0.0, 1.0], [1.0, 0.0, 0.0, 0.0, 0.0, -1.0, 0.0, 0.321204, 0.0, -0.0, -1.0, 0.0, 0.0, 0.0, 0.0, 1.0], [1.0, 0.0, 0.0, 0.0, 0.0, -1.0, 0.0, 0.321204, 0.0, -0.0, -1.0, 0.0, 0.0, 0.0, 0.0, 1.0]]}, {"name": "Elbow_R", "time": [0.0, 0.1667, 0.3333, 0.4167, 0.5, 0.5667, 1.3333], "transform": [[-1.0, 0.0, 0.0, 0.0, -0.0, 0.0, -1.0, 0.3, -0.0, -1.0, -0.0, 0.0, 0.0, 0.0, 0.0, 1.0], [-1.0, 0.0, 0.0, -0.0, -0.0, 0.0, -1.0, 0.3, -0.0, -1.0, -0.0, 0.0, 0.0, 0.0, 0.0, 1.0], [-1.0, 0.0, 0.0, 0.0, -0.0, 0.0, -1.0, 0.3, -0.0, -1.0, -0.0, -0.0, 0.0, 0.0, 0.0, 1.0], [-1.0, 0.0, 0.0, 0.0, -0.0, 0.0, -1.0, 0.3, -0.0, -1.0, -0.0, 0.0, 0.0, 0.0, 0.0, 1.0], [-1.0, 0.0, 0.0, -0.0, -0.0, 0.0, -1.0, 0.3, -0.0, -1.0, -0.0, 0.0, 0.0, 0.0, 0.0, 1.0], [-1.0, 0.0, 0.0, -0.0, -0.0, 0.0, -1.0, 0.3, -0.0, -1.0, -0.0, -0.0, 0.0, 0.0, 0.0, 1.0], [-1.0, 0.0, 0.0, -0.0, -0.0, 0.0, -1.0, 0.3, -0.0, -1.0, -0.0, -0.0, 0.0, 0.0, 0.0, 1.0]]}, {"name": "Shoulder_L", "time": [0.0, 0.1667, 0.3333, 0.4167, 0.5, 0.5667, 1.3333], "transform": [[1e-06, -0.96599, -0.25858, -0.0, -2e-06, -0.25858, 0.96599, 0.4, -1.0, -0.0, -2e-06, -0.0, 0.0, 0.0, 0.0, 1.0], [1e-06, -0.96599, -0.25858, -0.0, -2e-06, -0.25858, 0.96599, 0.4, -1.0, -0.0, -2e-06, -0.0, 0.0, 0.0, 0.0, 1.0], [1e-06, -0.96599, -0.25858, 0.0, -2e-06, -0.25858, 0.96599, 0.4, -1.0, -0.0, -2e-06, -0.0, 0.0, 0.0, 0.0, 1.0], [-0.086272, -0.959113, -0.269552, 0.0, -0.000537, -0.270516, 0.962715, 0.4, -0.996271, 0.0832, 0.022823, -0.0, 0.0, 0.0, 0.0, 1.0], [1e-06, -0.96599, -0.25858, -0.0, -2e-06, -0.25858, 0.96599, 0.4, -1.0, -0.0, -2e-06, 0.0, 0.0, 0.0, 0.0, 1.0], [1e-06, -0.96599, -0.25858, 0.0, -2e-06, -0.25858, 0.96599, 0.4, -1.0, -0.0, -2e-06, 0.0, 0.0, 0.0, 0.0, 1.0], [1e-06, -0.96599, -0.25858, 0.0, -2e-06, -0.25858, 0.96599, 0.4, -1.0, -0.0, -2e-06, 0.0, 0.0, 0.0, 0.0, 1.0]]}, {"name": "Arm_L", "time": [0.0, 0.1667, 0.3333, 0.4167, 0.5, 0.5667, 1.3333], "transform": [[-0.093458, 0.705262, 0.70276, 0.0, -0.902401, 0.23821, -0.359066, 0.388354, -0.42064, -0.667729, 0.614166, 0.0, 0.0, 0.0, 0.0, 1.0], [0.351179, 0.911624, 0.213578, 0.0, -0.837214, 0.407865, -0.364307, 0.388354, -0.419221, -0.050874, 0.906458, 0.0, 0.0, 0.0, 0.0, 1.0], [0.915044, 0.328459, 0.234117, -0.0, -0.373937, 0.908388, 0.18709, 0.388354, -0.151218, -0.25874, 0.954037, -0.0, 0.0, 0.0, 0.0, 1.0], [0.99103, 0.132264, -0.019118, -0.0, -0.133393, 0.987709, -0.081463, 0.388354, 0.008108, 0.083283, 0.996493, 0.0, 0.0, 0.0, 0.0, 1.0], [0.995825, 0.084027, -0.035682, -0.0, -0.087963, 0.987757, -0.128832, 0.388354, 0.02442, 0.131433, 0.991024, -0.0, 0.0, 0.0, 0.0, 1.0], [0.998498, -0.015416, -0.052593, -0.0, 0.008464, 0.991486, -0.129946, 0.388355, 0.054148, 0.129305, 0.990126, -0.0, 0.0, 0.0, 0.0, 1.0], [0.998498, -0.015416, -0.052593, -0.0, 0.008464, 0.991486, -0.129946, 0.388355, 0.054148, 0.129305, 0.990126, -0.0, 0.0, 0.0, 0.0, 1.0]]}, {"name": "Hand_L", "time": [0.0, 0.1667, 0.3333, 0.4167, 0.5, 0.5667, 1.3333], "transform": [[0.994728, -0.048468, 0.090369, 0.0, 0.091143, 0.821745, -0.562519, 0.3, -0.046996, 0.56779, 0.821831, 0.0, 0.0, 0.0, 0.0, 1.0], [1.0, 0.0, 0.0, -0.0, -0.0, 0.906308, -0.422618, 0.3, -0.0, 0.422618, 0.906308, 0.0, 0.0, 0.0, 0.0, 1.0], [0.967809, 0.251266, 0.014496, 0.0, -0.204537, 0.81877, -0.536451, 0.3, -0.146661, 0.516217, 0.843807, 0.0, 0.0, 0.0, 0.0, 1.0], [0.996232, -0.085027, -0.017097, -0.0, 0.085172, 0.996335, 0.007901, 0.3, 0.016363, -0.009327, 0.999822, -0.0, 0.0, 0.0, 0.0, 1.0], [0.996196, 0.086379, 0.011454, 0.0, -0.086401, 0.996259, 0.001434, 0.3, -0.011287, -0.002418, 0.999933, 0.0, 0.0, 0.0, 0.0, 1.0], [0.999782, -0.020709, -0.002733, -0.0, 0.020708, 0.999786, -0.000568, 0.3, 0.002744, 0.000511, 0.999996, -0.0, 0.0, 0.0, 0.0, 1.0], [0.999782, -0.020709, -0.002733, -0.0, 0.020708, 0.999786, -0.000568, 0.3, 0.002744, 0.000511, 0.999996, -0.0, 0.0, 0.0, 0.0, 1.0]]}, {"name": "Tool_L", "time": [0.0, 0.1667, 0.3333, 0.4167, 0.5, 0.5667, 1.3333], "transform": [[1.0, 0.0, 0.0, 0.0, 0.0, -1.0, -0.0, 0.321204, 0.0, 0.0, -1.0, 0.0, 0.0, 0.0, 0.0, 1.0], [1.0, 0.0, 0.0, -0.0, 0.0, -1.0, -0.0, 0.321204, 0.0, -0.0, -1.0, 0.0, 0.0, 0.0, 0.0, 1.0], [1.0, 0.0, 0.0, 0.0, 0.0, -1.0, 0.0, 0.321204, 0.0, 0.0, -1.0, 0.0, 0.0, 0.0, 0.0, 1.0], [1.0, 0.0, 0.0, 0.0, 0.0, -1.0, -0.0, 0.321204, 0.0, 0.0, -1.0, 0.0, 0.0, 0.0, 0.0, 1.0], [1.0, 0.0, 0.0, -0.0, 0.0, -1.0, -0.0, 0.321204, 0.0, 0.0, -1.0, 0.0, 0.0, 0.0, 0.0, 1.0], [1.0, 0.0, 0.0, 0.0, 0.0, -1.0, 0.0, 0.321204, 0.0, -0.0, -1.0, -0.0, 0.0, 0.0, 0.0, 1.0], [1.0, 0.0, 0.0, 0.0, 0.0, -1.0, 0.0, 0.321204, 0.0, -0.0, -1.0, -0.0, 0.0, 0.0, 0.0, 1.0]]}, {"name": "Elbow_L", "time": [0.0, 0.1667, 0.3333, 0.4167, 0.5, 0.5667, 1.3333], "transform": [[-1.0, -0.0, -0.0, 0.0, 0.0, 0.0, -1.0, 0.3, 0.0, -1.0, -0.0, 0.0, 0.0, 0.0, 0.0, 1.0], [-1.0, -0.0, -0.0, 0.0, 0.0, -0.0, -1.0, 0.3, 0.0, -1.0, 0.0, 0.0, 0.0, 0.0, 0.0, 1.0], [-1.0, -0.0, -0.0, 0.0, 0.0, -0.0, -1.0, 0.3, 0.0, -1.0, -0.0, 0.0, 0.0, 0.0, 0.0, 1.0], [-1.0, -0.0, -0.0, 0.0, 0.0, -0.0, -1.0, 0.3, 0.0, -1.0, 0.0, -0.0, 0.0, 0.0, 0.0, 1.0], [-1.0, -0.0, -0.0, 0.0, 0.0, -0.0, -1.0, 0.3, 0.0, -1.0, 0.0, 0.0, 0.0, 0.0, 0.0, 1.0], [-1.0, -0.0, -0.0, 0.0, 0.0, -0.0, -1.0, 0.3, 0.0, -1.0, 0.0, -0.0, 0.0, 0.0, 0.0, 1.0], [-1.0, -0.0, -0.0, 0.0, 0.0, -0.0, -1.0, 0.3, 0.0, -1.0, 0.0, -0.0, 0.0, 0.0, 0.0, 1.0]]}]}