{
 
    "animation": [
        {
            "name": "Root",
            "time": [0.0, 1.2, 2.4],
            "transform": [
                [0.990268, -0.0, -0.139173, -5e-06, -0.139173, 0.0, -0.990268, 0.000946, 0.0, 1.0, 0.0, 0.702258, 0.0, 0.0, 0.0, 1.0],
                [0.990268, -0.0, -0.139173, -5e-06, -0.139173, 0.0, -0.990268, 0.000946, 0.0, 1.0, -0.0, 0.725835, 0.0, 0.0, 0.0, 1.0],
                [0.990268, -0.0, -0.139173, -5e-06, -0.139173, 0.0, -0.990268, 0.000946, 0.0, 1.0, 0.0, 0.702258, 0.0, 0.0, 0.0, 1.0]
            ]
        },
        {
            "name": "Thigh_R",
            "time": [0.0, 1.2, 2.4],
            "transform": [
                [0.975852, 0.084781, 0.201307, 0.122107, 0.078515, -0.996151, 0.038925, 0.01788, 0.203833, -0.022179, -0.978755, -0.000259, 0.0, 0.0, 0.0, 1.0],
                [0.976413, 0.07469, 0.202582, 0.122197, 0.08292, -0.996027, -0.032437, 0.007169, 0.199355, 0.04847, -0.978728, 0.000381, 0.0, 0.0, 0.0, 1.0],
                [0.975852, 0.084781, 0.201307, 0.122107, 0.078515, -0.996151, 0.038925, 0.01788, 0.203833, -0.022179, -0.978755, -0.000259, 0.0, 0.0, 0.0, 1.0]
            ]
        },
        {
            "name": "Leg_R",
            "time": [0.0, 1.2, 2.4],
            "transform": [
                [0.999534, -0.030106, -0.004999, 0.0, 0.030408, 0.96861, 0.24672, 0.37472, -0.002586, -0.246757, 0.969074, 0.0, 0.0, 0.0, 0.0, 1.0],
                [0.999615, -0.027739, -0.001063, 0.0, 0.027682, 0.993244, 0.112697, 0.37472, -0.00207, -0.112683, 0.993629, -0.0, 0.0, 0.0, 0.0, 1.0],
                [0.999534, -0.030106, -0.004999, 0.0, 0.030408, 0.96861, 0.24672, 0.37472, -0.002586, -0.246757, 0.969074, 0.0, 0.0, 0.0, 0.0, 1.0]
            ]
        },
        {
            "name": "Knee_R",
            "time": [0.0, 1.2, 2.4],
            "transform": [
                [0.999883, -0.01521, -0.001566, 0.0, 0.000338, 0.124355, -0.992238, 0.37472, 0.015287, 0.992121, 0.124346, 0.0, 0.0, 0.0, 0.0, 1.0],
                [0.999904, -0.013885, -0.000145, 0.0, 0.000639, 0.056441, -0.998406, 0.37472, 0.013871, 0.998309, 0.056444, -0.0, 0.0, 0.0, 0.0, 1.0],
                [0.999883, -0.01521, -0.001566, 0.0, 0.000338, 0.124355, -0.992238, 0.37472, 0.015287, 0.992121, 0.124346, 0.0, 0.0, 0.0, 0.0, 1.0]
            ]
        },
        {
            "name": "Thigh_L",
            "time": [0.0, 1.2, 2.4],
            "transform": [
                [0.989754, -0.067684, 0.125727, -0.134553, -0.093264, -0.973162, 0.210319, 0.01788, 0.108119, -0.21989, -0.969501, -0.006238, 0.0, 0.0, 0.0, 1.0],
                [0.990536, -0.059886, 0.123498, -0.137635, -0.07408, -0.990741, 0.11375, 0.007626, 0.115543, -0.121822, -0.985801, -0.002847, 0.0, 0.0, 0.0, 1.0],
                [0.989754, -0.067684, 0.125727, -0.134553, -0.093264, -0.973162, 0.210319, 0.01788, 0.108119, -0.21989, -0.969501, -0.006238, 0.0, 0.0, 0.0, 1.0]
            ]
        },
        {
            "name": "Leg_L",
            "time": [0.0, 1.2, 2.4],
            "transform": [
                [0.999594, 0.027716, 0.006558, 0.0, -0.028402, 0.952888, 0.301986, 0.37472, 0.00212, -0.30205, 0.95329, 0.0, 0.0, 0.0, 0.0, 1.0],
                [0.999931, 0.011706, -0.000567, 0.0, -0.011601, 0.995495, 0.094102, 0.37472, 0.001666, -0.094089, 0.995564, -0.0, 0.0, 0.0, 0.0, 1.0],
                [0.999594, 0.027716, 0.006558, 0.0, -0.028402, 0.952888, 0.301986, 0.37472, 0.00212, -0.30205, 0.95329, 0.0, 0.0, 0.0, 0.0, 1.0]
            ]
        },
        {
            "name": "Knee_L",
            "time": [0.0, 1.2, 2.4],
            "transform": [
                [0.999898, 0.014111, 0.002212, 0.0, 2.9e-05, 0.152829, -0.988252, 0.37472, -0.014284, 0.988152, 0.152813, 0.0, 0.0, 0.0, 0.0, 1.0],
                [0.999983, 0.005846, -0.000423, 0.0, -0.000698, 0.0471, -0.99889, 0.37472, -0.00582, 0.998873, 0.047104, -0.0, 0.0, 0.0, 0.0, 1.0],
                [0.999898, 0.014111, 0.002212, 0.0, 2.9e-05, 0.152829, -0.988252, 0.37472, -0.014284, 0.988152, 0.152813, 0.0, 0.0, 0.0, 0.0, 1.0]
            ]
        },
        {
            "name": "Torso",
            "time": [0.0, 1.2, 2.4],
            "transform": [
                [0.992546, 0.000357, -0.121868, 0.0, 0.00089, 0.999948, 0.010178, 0.05, 0.121865, -0.010211, 0.992494, -0.0, 0.0, 0.0, 0.0, 1.0],
                [0.992542, -0.004074, -0.121838, 0.0, 0.002177, 0.999874, -0.015705, 0.05, 0.121886, 0.015323, 0.992426, -0.0, 0.0, 0.0, 0.0, 1.0],
                [0.992546, 0.000357, -0.121868, 0.0, 0.00089, 0.999948, 0.010178, 0.05, 0.121865, -0.010211, 0.992494, -0.0, 0.0, 0.0, 0.0, 1.0]
            ]
        },
        {
            "name": "Chest",
            "time": [0.0, 1.2, 2.4],
            "transform": [
                [0.999916, -1e-06, 0.01298, 0.0, 1e-06, 1.0, 1e-06, 0.3, -0.01298, -1e-06, 0.999916, 0.0, 0.0, 0.0, 0.0, 1.0],
                [0.999905, -0.004195, 0.013138, 0.0, 0.004413, 0.999852, -0.016603, 0.3, -0.013066, 0.016659, 0.999776, -0.0, 0.0, 0.0, 0.0, 1.0],
                [0.999916, -1e-06, 0.01298, 0.0, 1e-06, 1.0, 1e-06, 0.3, -0.01298, -1e-06, 0.999916, 0.0, 0.0, 0.0, 0.0, 1.0]
            ]
        },
        {
            "name": "Head",
            "time": [0.0, 1.2, 2.4],
            "transform": [
                [0.973354, -0.007259, 0.229191, -0.0, 0.001613, 0.999691, 0.024811, 0.4, -0.2293, -0.023781, 0.973065, -0.0, 0.0, 0.0, 0.0, 1.0],
                [0.973338, -0.009247, 0.229188, 0.0, -0.013978, 0.994939, 0.099504, 0.4, -0.228948, -0.100054, 0.968283, -0.0, 0.0, 0.0, 0.0, 1.0],
                [0.973354, -0.007259, 0.229191, -0.0, 0.001613, 0.999691, 0.024811, 0.4, -0.2293, -0.023781, 0.973065, -0.0, 0.0, 0.0, 0.0, 1.0]
            ]
        },
        {
            "name": "Shoulder_R",
            "time": [0.0, 1.2, 2.4],
            "transform": [
                [0.000148, 0.95278, 0.30366, -0.0, -4.3e-05, -0.30366, 0.952781, 0.4, 1.0, -0.000154, -4e-06, -0.0, 0.0, 0.0, 0.0, 1.0],
                [0.000843, 0.958589, 0.284791, 0.0, -0.000229, -0.284791, 0.95859, 0.4, 1.0, -0.000874, -2.1e-05, -0.0, 0.0, 0.0, 0.0, 1.0],
                [0.000148, 0.95278, 0.30366, -0.0, -4.3e-05, -0.30366, 0.952781, 0.4, 1.0, -0.000154, -4e-06, -0.0, 0.0, 0.0, 0.0, 1.0]
            ]
        },
        {
            "name": "Arm_R",
            "time": [0.0, 0.6, 1.2, 1.8, 2.4],
            "transform": [
                [0.083838, 0.047187, -0.995361, -1.9e-05, 0.920951, 0.377799, 0.095481, 0.388502, 0.380553, -0.924684, -0.011783, -0.00091, 0.0, 0.0, 0.0, 1.0],
                [0.083262, 0.048659, -0.995339, 0.000229, 0.924629, 0.368735, 0.095373, 0.392215, 0.371657, -0.92826, -0.01429, -0.013299, 0.0, 0.0, 0.0, 1.0],
                [0.081023, 0.066819, -0.99447, 0.000151, 0.925968, 0.364144, 0.099909, 0.389608, 0.368806, -0.928942, -0.032368, -0.004781, 0.0, 0.0, 0.0, 1.0],
                [0.083307, 0.048542, -0.995341, -6e-06, 0.924339, 0.36946, 0.095383, 0.386338, 0.372369, -0.927978, -0.01409, 0.006062, 0.0, 0.0, 0.0, 1.0],
                [0.083838, 0.047187, -0.995361, -1.9e-05, 0.920951, 0.377799, 0.095481, 0.388502, 0.380553, -0.924684, -0.011783, -0.00091, 0.0, 0.0, 0.0, 1.0]
            ]
        },
        {
            "name": "Hand_R",
            "time": [0.0, 1.2, 2.4],
            "transform": [
                [0.99975, 0.022373, -0.000139, -0.0, -0.02228, 0.995013, -0.097228, 0.329779, -0.002037, 0.097207, 0.995262, 0.0, 0.0, 0.0, 0.0, 1.0],
                [0.99998, -0.005732, -0.002693, -0.0, 0.005388, 0.993484, -0.113841, 0.329779, 0.003328, 0.113824, 0.993495, -0.0, 0.0, 0.0, 0.0, 1.0],
                [0.99975, 0.022373, -0.000139, -0.0, -0.02228, 0.995013, -0.097228, 0.329779, -0.002037, 0.097207, 0.995262, 0.0, 0.0, 0.0, 0.0, 1.0]
            ]
        },
        {
            "name": "Tool_R",
            "time": [0.0, 1.2, 1.8, 2.4],
            "transform": [
                [1.0, 0.0, 0.0, -0.02, 0.0, -0.995564, -0.09408, 0.291425, 0.0, 0.09408, -0.995565, -0.0, 0.0, 0.0, 0.0, 1.0],
                [1.0, 0.0, 0.0, -0.02, 0.0, -0.991416, -0.130743, 0.291425, 0.0, 0.130743, -0.991416, 0.0, 0.0, 0.0, 0.0, 1.0],
                [1.0, -0.0, 0.0, -0.02, 0.0, -0.996978, -0.077684, 0.291425, 0.0, 0.077684, -0.996978, -0.0, 0.0, 0.0, 0.0, 1.0],
                [1.0, 0.0, 0.0, -0.02, 0.0, -0.995564, -0.09408, 0.291425, 0.0, 0.09408, -0.995565, -0.0, 0.0, 0.0, 0.0, 1.0]
            ]
        },
        {
            "name": "Elbow_R",
            "time": [0.0, 1.2, 2.4],
            "transform": [
                [-1.0, -0.0, -1e-06, -0.0, 0.0, 0.048662, -0.998815, 0.329779, 0.0, -0.998816, -0.048662, 0.0, 0.0, 0.0, 0.0, 1.0],
                [-1.0, -0.0, -0.0, -0.0, 0.0, 0.057005, -0.998374, 0.329779, 0.0, -0.998374, -0.057005, -0.0, 0.0, 0.0, 0.0, 1.0],
                [-1.0, -0.0, -1e-06, -0.0, 0.0, 0.048662, -0.998815, 0.329779, 0.0, -0.998816, -0.048662, 0.0, 0.0, 0.0, 0.0, 1.0]
            ]
        },
        {
            "name": "Shoulder_L",
            "time": [0.0, 1.2, 2.4],
            "transform": [
                [0.000149, -0.952781, -0.303659, -0.0, 4e-05, -0.303659, 0.952781, 0.4, -1.0, -0.000154, -7e-06, -0.0, 0.0, 0.0, 0.0, 1.0],
                [0.000845, -0.958589, -0.284791, 0.0, 0.000226, -0.284791, 0.95859, 0.4, -1.0, -0.000874, -2.4e-05, -0.0, 0.0, 0.0, 0.0, 1.0],
                [0.000149, -0.952781, -0.303659, -0.0, 4e-05, -0.303659, 0.952781, 0.4, -1.0, -0.000154, -7e-06, -0.0, 0.0, 0.0, 0.0, 1.0]
            ]
        },
        {
            "name": "Arm_L",
            "time": [0.0, 0.6, 1.2, 1.8, 2.4],
            "transform": [
                [-0.002023, -0.026473, 0.999648, 1.9e-05, -0.922334, 0.386303, 0.008364, 0.388503, -0.386389, -0.921992, -0.025199, -0.000909, 0.0, 0.0, 0.0, 1.0],
                [-0.004269, -0.053558, 0.998556, -0.000131, -0.925277, 0.378938, 0.016369, 0.391683, -0.379268, -0.923871, -0.051174, -0.011147, 0.0, 0.0, 0.0, 1.0],
                [-0.007424, -0.095167, 0.995433, -0.000109, -0.929573, 0.367557, 0.028207, 0.389355, -0.368563, -0.925119, -0.091194, -0.003765, 0.0, 0.0, 0.0, 1.0],
                [-0.004097, -0.051392, 0.99867, 9.6e-05, -0.925043, 0.379536, 0.015736, 0.38571, -0.37984, -0.923748, -0.049095, 0.007999, 0.0, 0.0, 0.0, 1.0],
                [-0.002023, -0.026473, 0.999648, 1.9e-05, -0.922334, 0.386303, 0.008364, 0.388503, -0.386389, -0.921992, -0.025199, -0.000909, 0.0, 0.0, 0.0, 1.0]
            ]
        },
        {
            "name": "Hand_L",
            "time": [0.0, 1.2, 2.4],
            "transform": [
                [1.0, 0.0, 0.0, -0.0, -0.0, 0.993491, -0.113907, 0.329779, -0.0, 0.113907, 0.993491, -0.0, 0.0, 0.0, 0.0, 1.0],
                [0.99997, 0.007737, 0.001021, -0.0, -0.007318, 0.975101, -0.22164, 0.329779, -0.00271, 0.221626, 0.975128, -0.0, 0.0, 0.0, 0.0, 1.0],
                [1.0, 0.0, 0.0, -0.0, -0.0, 0.993491, -0.113907, 0.329779, -0.0, 0.113907, 0.993491, -0.0, 0.0, 0.0, 0.0, 1.0]
            ]
        },
        {
            "name": "Tool_L",
            "time": [0.0, 1.2, 2.4],
            "transform": [
                [1.0, -0.0, 0.0, 0.02, 0.0, -1.0, 0.0, 0.291426, 0.0, 0.0, -1.0, -0.0, 0.0, 0.0, 0.0, 1.0],
                [1.0, -0.0, 0.0, 0.02, 0.0, -1.0, 0.0, 0.291426, 0.0, -0.0, -1.0, -0.0, 0.0, 0.0, 0.0, 1.0],
                [1.0, -0.0, 0.0, 0.02, 0.0, -1.0, 0.0, 0.291426, 0.0, 0.0, -1.0, -0.0, 0.0, 0.0, 0.0, 1.0]
            ]
        },
        {
            "name": "Elbow_L",
            "time": [0.0, 1.2, 2.4],
            "transform": [
                [-1.0, 0.0, -1e-06, -0.0, 1e-06, 0.057046, -0.998372, 0.329779, -0.0, -0.998371, -0.057045, -0.0, 0.0, 0.0, 0.0, 1.0],
                [-1.0, 0.0, 0.0, -0.0, 0.0, 0.111509, -0.993764, 0.329779, -0.0, -0.993764, -0.111509, -0.0, 0.0, 0.0, 0.0, 1.0],
                [-1.0, 0.0, -1e-06, -0.0, 1e-06, 0.057046, -0.998372, 0.329779, -0.0, -0.998371, -0.057045, -0.0, 0.0, 0.0, 0.0, 1.0]
            ]
        }
    ]
}