{
 
    "animation": [
        {
            "name": "Root",
            "time": [0.0, 1.15, 2.4],
            "transform": [
                [0.906794, -0.0, -0.421575, -5e-06, -0.421575, 0.0, -0.906794, -7.1e-05, 0.0, 1.0, -0.0, 0.550725, 0.0, 0.0, 0.0, 1.0],
                [0.906794, -0.0, -0.421575, -5e-06, -0.421575, 0.0, -0.906794, -0.000594, 0.0, 1.0, -0.0, 0.588836, 0.0, 0.0, 0.0, 1.0],
                [0.906794, -0.0, -0.421575, -5e-06, -0.421575, 0.0, -0.906794, -7.1e-05, 0.0, 1.0, -0.0, 0.550725, 0.0, 0.0, 0.0, 1.0]
            ]
        },
        {
            "name": "Thigh_R",
            "time": [0.0, 1.15, 2.4],
            "transform": [
                [0.897753, 0.433071, 0.080561, 0.124994, 0.414028, -0.892015, 0.181357, -0.002831, 0.150402, -0.12946, -0.980112, -1.2e-05, 0.0, 0.0, 0.0, 1.0],
                [0.911327, 0.406787, 0.063314, 0.124994, 0.398094, -0.909947, 0.11627, -0.01283, 0.10491, -0.080755, -0.991198, -1.2e-05, 0.0, 0.0, 0.0, 1.0],
                [0.897753, 0.433071, 0.080561, 0.124994, 0.414028, -0.892015, 0.181357, -0.002831, 0.150402, -0.12946, -0.980112, -1.2e-05, 0.0, 0.0, 0.0, 1.0]
            ]
        },
        {
            "name": "Leg_R",
            "time": [0.0, 1.15, 2.4],
            "transform": [
                [0.988947, 0.102493, -0.107149, 0.0, 0.030683, 0.565534, 0.824154, 0.37472, 0.145066, -0.818332, 0.556138, -0.0, 0.0, 0.0, 0.0, 1.0],
                [0.989167, 0.087154, -0.118129, -0.0, 0.032092, 0.656848, 0.75334, 0.37472, 0.14325, -0.74897, 0.646935, -0.0, 0.0, 0.0, 0.0, 1.0],
                [0.988947, 0.102493, -0.107149, 0.0, 0.030683, 0.565534, 0.824154, 0.37472, 0.145066, -0.818332, 0.556138, -0.0, 0.0, 0.0, 0.0, 1.0]
            ]
        },
        {
            "name": "Knee_R",
            "time": [0.0, 1.15, 2.4],
            "transform": [
                [0.997062, 0.038053, -0.06647, 0.0, -0.076545, 0.464865, -0.882066, 0.37472, -0.002666, 0.884563, 0.466413, -0.0, 0.0, 0.0, 0.0, 1.0],
                [0.99716, 0.030804, -0.068732, 0.0, -0.075318, 0.413368, -0.907444, 0.37472, 0.000459, 0.910043, 0.414514, 0.0, 0.0, 0.0, 0.0, 1.0],
                [0.997062, 0.038053, -0.06647, 0.0, -0.076545, 0.464865, -0.882066, 0.37472, -0.002666, 0.884563, 0.466413, -0.0, 0.0, 0.0, 0.0, 1.0]
            ]
        },
        {
            "name": "Thigh_L",
            "time": [0.0, 1.15, 2.4],
            "transform": [
                [0.938737, -0.28487, 0.193966, -0.137879, -0.333864, -0.612075, 0.716868, 0.010042, -0.085493, -0.737708, -0.669685, 0.012861, 0.0, 0.0, 0.0, 1.0],
                [0.937425, -0.262833, 0.228373, -0.137879, -0.347964, -0.683626, 0.641543, 4.2e-05, -0.012496, -0.680864, -0.732304, 0.012861, 0.0, 0.0, 0.0, 1.0],
                [0.938737, -0.28487, 0.193966, -0.137879, -0.333864, -0.612075, 0.716868, 0.010042, -0.085493, -0.737708, -0.669685, 0.012861, 0.0, 0.0, 0.0, 1.0]
            ]
        },
        {
            "name": "Leg_L",
            "time": [0.0, 1.15, 2.4],
            "transform": [
                [0.996814, -0.041182, 0.068304, -0.0, -0.025089, 0.651005, 0.758658, 0.37472, -0.075709, -0.757955, 0.647898, 0.0, 0.0, 0.0, 0.0, 1.0],
                [0.996747, -0.032689, 0.073663, -0.0, -0.023479, 0.756602, 0.653454, 0.37472, -0.077095, -0.653058, 0.753373, 0.0, 0.0, 0.0, 0.0, 1.0],
                [0.996814, -0.041182, 0.068304, -0.0, -0.025089, 0.651005, 0.758658, 0.37472, -0.075709, -0.757955, 0.647898, 0.0, 0.0, 0.0, 0.0, 1.0]
            ]
        },
        {
            "name": "Knee_L",
            "time": [0.0, 1.15, 2.4],
            "transform": [
                [0.999165, -0.013116, 0.038692, -0.0, 0.040632, 0.417615, -0.907716, 0.37472, -0.004253, 0.90853, 0.417799, 0.0, 0.0, 0.0, 0.0, 1.0],
                [0.99916, -0.009711, 0.039808, -0.0, 0.040694, 0.348795, -0.936315, 0.37472, -0.004793, 0.937148, 0.348898, 0.0, 0.0, 0.0, 0.0, 1.0],
                [0.999165, -0.013116, 0.038692, -0.0, 0.040632, 0.417615, -0.907716, 0.37472, -0.004253, 0.90853, 0.417799, 0.0, 0.0, 0.0, 0.0, 1.0]
            ]
        },
        {
            "name": "Torso",
            "time": [0.0, 1.15, 2.4],
            "transform": [
                [0.992731, -0.112098, -0.043814, -0.0, 0.114835, 0.991194, 0.065932, 0.05, 0.036037, -0.070484, 0.996862, -0.0, 0.0, 0.0, 0.0, 1.0],
                [0.995644, -0.082836, -0.042785, -0.0, 0.083082, 0.996535, 0.004003, 0.05, 0.042305, -0.007541, 0.999076, 0.0, 0.0, 0.0, 0.0, 1.0],
                [0.992731, -0.112098, -0.043814, -0.0, 0.114835, 0.991194, 0.065932, 0.05, 0.036037, -0.070484, 0.996862, -0.0, 0.0, 0.0, 0.0, 1.0]
            ]
        },
        {
            "name": "Chest",
            "time": [0.0, 1.15, 2.4],
            "transform": [
                [0.718642, -0.001842, -0.695378, 0.0, 0.144573, 0.978541, 0.146817, 0.3, 0.680186, -0.206042, 0.703487, 0.0, 0.0, 0.0, 0.0, 1.0],
                [0.717759, -0.018055, -0.696057, 0.0, 0.177016, 0.971551, 0.157334, 0.3, 0.673414, -0.236142, 0.700536, 0.0, 0.0, 0.0, 0.0, 1.0],
                [0.718642, -0.001842, -0.695378, 0.0, 0.144573, 0.978541, 0.146817, 0.3, 0.680186, -0.206042, 0.703487, 0.0, 0.0, 0.0, 0.0, 1.0]
            ]
        },
        {
            "name": "Head",
            "time": [0.0, 1.15, 2.4],
            "transform": [
                [0.327556, 0.108021, 0.938637, 0.0, 0.016558, 0.992635, -0.120013, 0.4, -0.944687, 0.054853, 0.323355, 0.0, 0.0, 0.0, 0.0, 1.0],
                [0.330716, 0.06829, 0.941256, 0.0, 0.022104, 0.996545, -0.080067, 0.400001, -0.943472, 0.047285, 0.328064, 0.0, 0.0, 0.0, 0.0, 1.0],
                [0.327556, 0.108021, 0.938637, 0.0, 0.016558, 0.992635, -0.120013, 0.4, -0.944687, 0.054853, 0.323355, 0.0, 0.0, 0.0, 0.0, 1.0]
            ]
        },
        {
            "name": "Shoulder_R",
            "time": [0.0, 1.15, 2.4],
            "transform": [
                [-0.089608, 0.98255, 0.162998, 0.0, 0.023993, -0.161479, 0.986586, 0.4, 0.99569, 0.092316, -0.009104, 0.0, 0.0, 0.0, 0.0, 1.0],
                [-0.096112, 0.991489, 0.087839, 0.0, 0.025735, -0.085742, 0.995986, 0.4, 0.995039, 0.097987, -0.017275, -0.0, 0.0, 0.0, 0.0, 1.0],
                [-0.089608, 0.98255, 0.162998, 0.0, 0.023993, -0.161479, 0.986586, 0.4, 0.99569, 0.092316, -0.009104, 0.0, 0.0, 0.0, 0.0, 1.0]
            ]
        },
        {
            "name": "Arm_R",
            "time": [0.0, 0.6, 1.15, 1.8, 2.4],
            "transform": [
                [0.121778, -0.788631, -0.602684, -0.0, -0.31855, 0.544028, -0.776246, 0.388213, 0.940051, 0.286514, -0.184968, 0.0, 0.0, 0.0, 0.0, 1.0],
                [0.136343, -0.788837, -0.599286, 0.002059, -0.304982, 0.542131, -0.782993, 0.395943, 0.942547, 0.289527, -0.166666, 0.004579, 0.0, 0.0, 0.0, 1.0],
                [0.157121, -0.788345, -0.594829, -0.0, -0.261125, 0.547711, -0.794874, 0.388213, 0.952432, 0.280216, -0.1198, 0.0, 0.0, 0.0, 0.0, 1.0],
                [0.142752, -0.788107, -0.598754, -0.001139, -0.274846, 0.549592, -0.788927, 0.388569, 0.950832, 0.277186, -0.138153, -0.016107, 0.0, 0.0, 0.0, 1.0],
                [0.121778, -0.788631, -0.602684, -0.0, -0.31855, 0.544028, -0.776246, 0.388213, 0.940051, 0.286514, -0.184968, 0.0, 0.0, 0.0, 0.0, 1.0]
            ]
        },
        {
            "name": "Hand_R",
            "time": [0.0, 1.15, 2.4],
            "transform": [
                [0.99476, -0.026348, 0.09878, 0.0, 0.095775, 0.578168, -0.810277, 0.329779, -0.035762, 0.815491, 0.577664, 0.0, 0.0, 0.0, 0.0, 1.0],
                [0.99476, -0.026348, 0.09878, 0.0, 0.095775, 0.578168, -0.810277, 0.329779, -0.035762, 0.815491, 0.577663, 0.0, 0.0, 0.0, 0.0, 1.0],
                [0.99476, -0.026348, 0.09878, 0.0, 0.095775, 0.578168, -0.810277, 0.329779, -0.035762, 0.815491, 0.577664, 0.0, 0.0, 0.0, 0.0, 1.0]
            ]
        },
        {
            "name": "Tool_R",
            "time": [0.0, 1.15, 2.4],
            "transform": [
                [1.0, 0.0, 0.0, 0.0, 0.0, -0.986512, -0.16369, 0.291695, 0.0, 0.16369, -0.986512, 0.003274, 0.0, 0.0, 0.0, 1.0],
                [1.0, 0.0, 0.0, -0.0, 0.0, -0.986512, -0.16369, 0.291695, 0.0, 0.16369, -0.986512, 0.003274, 0.0, 0.0, 0.0, 1.0],
                [1.0, 0.0, 0.0, 0.0, 0.0, -0.986512, -0.16369, 0.291695, 0.0, 0.16369, -0.986512, 0.003274, 0.0, 0.0, 0.0, 1.0]
            ]
        },
        {
            "name": "Elbow_R",
            "time": [0.0, 1.15, 2.4],
            "transform": [
                [-0.998611, -0.04931, -0.01854, 0.0, -0.006209, 0.459656, -0.888076, 0.329779, 0.052313, -0.886727, -0.459323, -0.0, 0.0, 0.0, 0.0, 1.0],
                [-0.998612, -0.04931, -0.01854, 0.0, -0.006209, 0.459656, -0.888076, 0.329779, 0.052313, -0.886727, -0.459323, -0.0, 0.0, 0.0, 0.0, 1.0],
                [-0.998611, -0.04931, -0.01854, 0.0, -0.006209, 0.459656, -0.888076, 0.329779, 0.052313, -0.886727, -0.459323, -0.0, 0.0, 0.0, 0.0, 1.0]
            ]
        },
        {
            "name": "Shoulder_L",
            "time": [0.0, 1.15, 2.4],
            "transform": [
                [0.393031, -0.824067, -0.407969, 0.0, 0.105249, -0.400442, 0.910258, 0.4, -0.913482, -0.400698, -0.070654, 0.0, 0.0, 0.0, 0.0, 1.0],
                [0.393031, -0.824067, -0.407969, 0.0, 0.105249, -0.400442, 0.910258, 0.4, -0.913482, -0.400698, -0.070654, -0.0, 0.0, 0.0, 0.0, 1.0],
                [0.393031, -0.824067, -0.407969, 0.0, 0.105249, -0.400442, 0.910258, 0.4, -0.913482, -0.400698, -0.070654, 0.0, 0.0, 0.0, 0.0, 1.0]
            ]
        },
        {
            "name": "Arm_L",
            "time": [0.0, 0.6, 1.15, 1.8, 2.4],
            "transform": [
                [-0.492172, 0.827358, 0.270637, -0.001574, -0.818124, -0.333427, -0.468507, 0.394585, -0.297385, -0.452001, 0.840985, -0.007543, 0.0, 0.0, 0.0, 1.0],
                [-0.476352, 0.847922, 0.232629, -0.003721, -0.820689, -0.333835, -0.463704, 0.398554, -0.315526, -0.411803, 0.854904, -0.025509, 0.0, 0.0, 0.0, 1.0],
                [-0.464323, 0.862709, 0.200343, -0.006045, -0.810665, -0.322887, -0.488431, 0.413867, -0.356686, -0.389201, 0.849292, -0.017472, 0.0, 0.0, 0.0, 1.0],
                [-0.481177, 0.843624, 0.238258, -0.004314, -0.80852, -0.322057, -0.492517, 0.408565, -0.338766, -0.429625, 0.837054, -0.013636, 0.0, 0.0, 0.0, 1.0],
                [-0.492172, 0.827358, 0.270637, -0.001574, -0.818124, -0.333427, -0.468507, 0.394585, -0.297385, -0.452001, 0.840985, -0.007543, 0.0, 0.0, 0.0, 1.0]
            ]
        },
        {
            "name": "Hand_L",
            "time": [0.0, 1.15, 2.4],
            "transform": [
                [0.958363, 0.282082, -0.044377, 0.0, -0.282653, 0.915031, -0.287796, 0.329779, -0.040576, 0.288356, 0.956662, -0.0, 0.0, 0.0, 0.0, 1.0],
                [0.958364, 0.279373, -0.059079, 0.0, -0.282653, 0.898715, -0.33529, 0.329779, -0.040576, 0.338029, 0.94026, 0.0, 0.0, 0.0, 0.0, 1.0],
                [0.958363, 0.282082, -0.044377, 0.0, -0.282653, 0.915031, -0.287796, 0.329779, -0.040576, 0.288356, 0.956662, -0.0, 0.0, 0.0, 0.0, 1.0]
            ]
        },
        {
            "name": "Tool_L",
            "time": [0.0, 1.15, 2.4],
            "transform": [
                [1.0, -0.0, 0.0, -0.0, -0.0, -1.0, -0.0, 0.311426, 0.0, -0.0, -1.0, -0.0, 0.0, 0.0, 0.0, 1.0],
                [1.0, -0.0, 0.0, -0.0, -0.0, -1.0, 0.0, 0.311426, 0.0, -0.0, -1.0, 0.0, 0.0, 0.0, 0.0, 1.0],
                [1.0, -0.0, 0.0, -0.0, -0.0, -1.0, -0.0, 0.311426, 0.0, -0.0, -1.0, -0.0, 0.0, 0.0, 0.0, 1.0]
            ]
        },
        {
            "name": "Elbow_L",
            "time": [0.0, 1.15, 2.4],
            "transform": [
                [-0.989482, 0.135514, 0.050602, -0.0, -0.030816, 0.144308, -0.989053, 0.329779, -0.141332, -0.98021, -0.138614, -0.0, 0.0, 0.0, 0.0, 1.0],
                [-0.989461, 0.133562, 0.05593, -0.0, -0.032706, 0.17013, -0.984879, 0.329779, -0.141058, -0.976328, -0.163969, -0.0, 0.0, 0.0, 0.0, 1.0],
                [-0.989482, 0.135514, 0.050602, -0.0, -0.030816, 0.144308, -0.989053, 0.329779, -0.141332, -0.98021, -0.138614, -0.0, 0.0, 0.0, 0.0, 1.0]
            ]
        }
    ]
}