{

    "animation": [
        {
            "name": "Root",
            "time": [0.0, 0.3, 0.4, 0.5],
            "transform": [
                [0.919414, -0.011004, 0.393137, -5e-06, 0.392898, -0.018977, -0.919386, 0.000946, 0.017577, 0.999759, -0.013124, 0.685812, 0.0, 0.0, 0.0, 1.0],
                [0.974451, -0.004693, 0.224551, 0.001161, 0.224518, -0.006655, -0.974447, 0.000946, 0.006068, 0.999967, -0.005431, 0.690288, 0.0, 0.0, 0.0, 1.0],
                [0.985069, -0.002374, 0.172143, 0.00155, 0.172136, -0.003182, -0.985068, 0.000946, 0.002886, 0.999992, -0.002726, 0.69178, 0.0, 0.0, 0.0, 1.0],
                [0.992546, 0.0, 0.121869, 0.001938, 0.121869, 0.0, -0.992546, 0.000946, 0.0, 1.0, 0.0, 0.693272, 0.0, 0.0, 0.0, 1.0]
            ]
        },
        {
            "name": "Thigh_R",
            "time": [0.0, 0.3, 0.4, 0.5],
            "transform": [
                [0.942858, 0.16573, 0.289055, 0.124994, 0.081126, -0.955601, 0.283274, -0.002831, 0.323168, -0.243637, -0.914441, -1.2e-05, 0.0, 0.0, 0.0, 1.0],
                [0.985623, 0.157138, 0.062079, 0.124994, 0.124331, -0.923356, 0.363253, -0.002831, 0.114402, -0.350313, -0.929619, -1.2e-05, 0.0, 0.0, 0.0, 1.0],
                [0.988792, 0.14857, -0.014676, 0.124994, 0.142633, -0.911065, 0.386801, -0.002831, 0.044096, -0.384559, -0.922044, -1.2e-05, 0.0, 0.0, 0.0, 1.0],
                [0.986367, 0.137292, -0.090722, 0.124994, 0.162584, -0.898203, 0.408406, -0.002831, -0.025416, -0.417588, -0.908278, -1.2e-05, 0.0, 0.0, 0.0, 1.0]
            ]
        },
        {
            "name": "Leg_R",
            "time": [0.0, 0.3, 0.4, 0.5],
            "transform": [
                [0.999041, -0.006785, -0.043243, -0.0, 0.027634, 0.863909, 0.502887, 0.37472, 0.033946, -0.503599, 0.863271, -0.0, 0.0, 0.0, 0.0, 1.0],
                [0.999214, -0.000388, -0.039631, 0.0, 0.019441, 0.876189, 0.481575, 0.37472, 0.034537, -0.481967, 0.875508, 0.0, 0.0, 0.0, 0.0, 1.0],
                [0.999246, 0.001117, -0.03881, 0.0, 0.017441, 0.880154, 0.47437, 0.37472, 0.034689, -0.47469, 0.879469, 0.0, 0.0, 0.0, 0.0, 1.0],
                [0.999242, 0.000855, -0.038932, -0.0, 0.017441, 0.884058, 0.467054, 0.37472, 0.034818, -0.46738, 0.88337, 0.0, 0.0, 0.0, 0.0, 1.0]
            ]
        },
        {
            "name": "Knee_R",
            "time": [0.0, 0.0667, 0.1333, 0.2167, 0.3, 0.4, 0.5],
            "transform": [
                [1.0, 0.0, -1e-06, -0.0, -1e-06, 0.0, -1.0, 0.37472, -0.0, 1.0, 0.0, -0.0, 0.0, 0.0, 0.0, 1.0],
                [1.0, 0.0, -1e-06, 0.0, -1e-06, 0.0, -1.0, 0.37472, -0.0, 1.0, 0.0, -0.0, 0.0, 0.0, 0.0, 1.0],
                [1.0, 0.0, -1e-06, 0.0, -1e-06, 0.0, -1.0, 0.37472, -0.0, 1.0, 0.0, -0.0, 0.0, 0.0, 0.0, 1.0],
                [1.0, 0.0, -1e-06, 0.0, -1e-06, 0.0, -1.0, 0.37472, -0.0, 1.0, 0.0, 0.0, 0.0, 0.0, 0.0, 1.0],
                [1.0, 0.0, -1e-06, 0.0, -1e-06, 0.0, -1.0, 0.37472, -0.0, 1.0, 0.0, 0.0, 0.0, 0.0, 0.0, 1.0],
                [1.0, 0.0, -1e-06, 0.0, -1e-06, 0.0, -1.0, 0.37472, -0.0, 1.0, 0.0, 0.0, 0.0, 0.0, 0.0, 1.0],
                [1.0, 0.0, -1e-06, -0.0, -1e-06, 0.0, -1.0, 0.37472, -0.0, 1.0, 0.0, 0.0, 0.0, 0.0, 0.0, 1.0]
            ]
        },
        {
            "name": "Thigh_L",
            "time": [0.0, 0.3, 0.4, 0.5],
            "transform": [
                [0.993653, -0.085665, 0.072915, -0.125006, -0.105277, -0.936549, 0.334353, -0.002831, 0.039646, -0.339907, -0.939623, -1.2e-05, 0.0, 0.0, 0.0, 1.0],
                [0.968532, -0.193431, -0.15662, -0.125006, -0.154817, -0.960939, 0.229411, -0.002831, -0.194878, -0.197944, -0.960645, -1.2e-05, 0.0, 0.0, 0.0, 1.0],
                [0.946679, -0.22116, -0.234278, -0.125006, -0.176692, -0.964458, 0.196471, -0.002831, -0.269402, -0.1446, -0.952108, -1.2e-05, 0.0, 0.0, 0.0, 1.0],
                [0.918555, -0.244197, -0.310839, -0.125006, -0.200778, -0.965597, 0.165259, -0.002831, -0.340501, -0.08939, -0.935984, -1.2e-05, 0.0, 0.0, 0.0, 1.0]
            ]
        },
        {
            "name": "Leg_L",
            "time": [0.0, 0.3, 0.4, 0.5],
            "transform": [
                [0.999756, 0.006451, 0.021136, 0.0, -0.017451, 0.817268, 0.575994, 0.37472, -0.013558, -0.576222, 0.81718, 0.0, 0.0, 0.0, 0.0, 1.0],
                [0.999712, 0.011997, 0.020767, -0.0, -0.021291, 0.842525, 0.538237, 0.37472, -0.011039, -0.538526, 0.842536, 0.0, 0.0, 0.0, 0.0, 1.0],
                [0.999597, 0.017031, 0.022694, -0.0, -0.026417, 0.850502, 0.525311, 0.37472, -0.010355, -0.525701, 0.850606, -0.0, 0.0, 0.0, 0.0, 1.0],
                [0.999454, 0.022092, 0.024544, -0.0, -0.031551, 0.858255, 0.512256, 0.37472, -0.009748, -0.512754, 0.85848, -0.0, 0.0, 0.0, 0.0, 1.0]
            ]
        },
        {
            "name": "Knee_L",
            "time": [0.0, 0.0667, 0.1333, 0.2167, 0.3, 0.4, 0.5],
            "transform": [
                [1.0, -0.0, 0.0, 0.0, 0.0, 0.0, -1.0, 0.37472, 0.0, 1.0, 0.0, 0.0, 0.0, 0.0, 0.0, 1.0],
                [1.0, -0.0, 0.0, -0.0, 0.0, 0.0, -1.0, 0.37472, 0.0, 1.0, 0.0, 0.0, 0.0, 0.0, 0.0, 1.0],
                [1.0, -0.0, 0.0, -0.0, 0.0, 0.0, -1.0, 0.37472, 0.0, 1.0, 0.0, 0.0, 0.0, 0.0, 0.0, 1.0],
                [1.0, -0.0, 0.0, 0.0, 0.0, 0.0, -1.0, 0.37472, 0.0, 1.0, 0.0, 0.0, 0.0, 0.0, 0.0, 1.0],
                [1.0, -0.0, 0.0, -0.0, 0.0, 0.0, -1.0, 0.37472, 0.0, 1.0, 0.0, 0.0, 0.0, 0.0, 0.0, 1.0],
                [1.0, -0.0, 0.0, -0.0, 0.0, 0.0, -1.0, 0.37472, 0.0, 1.0, 0.0, -0.0, 0.0, 0.0, 0.0, 1.0],
                [1.0, -0.0, 0.0, -0.0, 0.0, 0.0, -1.0, 0.37472, 0.0, 1.0, 0.0, -0.0, 0.0, 0.0, 0.0, 1.0]
            ]
        },
        {
            "name": "Torso",
            "time": [0.0, 0.0667, 0.1333, 0.2167, 0.3, 0.4, 0.5],
            "transform": [
                [0.999939, -0.011043, 0.000744, 0.0, 0.011068, 0.997675, -0.067253, 0.05, 0.0, 0.067257, 0.997736, 0.0, 0.0, 0.0, 0.0, 1.0],
                [1.0, -0.000696, 3.4e-05, -0.0, 0.000697, 0.998801, -0.048963, 0.05, -0.0, 0.048963, 0.998801, 0.0, 0.0, 0.0, 0.0, 1.0],
                [0.999953, 0.009692, -0.000297, -0.0, -0.009696, 0.999484, -0.030635, 0.05, 0.0, 0.030636, 0.999531, 0.0, 0.0, 0.0, 0.0, 1.0],
                [0.999742, 0.022707, -0.000175, 0.0, -0.022708, 0.999713, -0.007698, 0.05, -0.0, 0.0077, 0.99997, -0.0, 0.0, 0.0, 0.0, 1.0],
                [0.999362, 0.035724, 0.000545, -0.0, -0.035729, 0.999246, 0.015236, 0.05, 0.0, -0.015245, 0.999884, 0.0, 0.0, 0.0, 0.0, 1.0],
                [0.99942, 0.034019, 0.001528, -0.0, -0.034053, 0.998413, 0.044855, 0.05, -0.0, -0.044881, 0.998992, 0.0, 0.0, 0.0, 0.0, 1.0],
                [0.999476, 0.032288, 0.00241, -0.0, -0.032377, 0.996703, 0.074406, 0.05, 0.0, -0.074445, 0.997225, 0.0, 0.0, 0.0, 0.0, 1.0]
            ]
        },
        {
            "name": "Chest",
            "time": [0.0, 0.3, 0.4, 0.5],
            "transform": [
                [0.953228, 0.012059, -0.30201, -0.0, 0.009354, 0.997548, 0.069356, 0.3, 0.302105, -0.068937, 0.950779, 0.0, 0.0, 0.0, 0.0, 1.0],
                [0.949659, -0.047137, 0.309719, 0.0, 0.0192, 0.995515, 0.09264, 0.3, -0.312697, -0.08203, 0.946304, 0.0, 0.0, 0.0, 0.0, 1.0],
                [0.937836, -0.041684, 0.344567, 0.0, 0.012475, 0.996169, 0.086556, 0.3, -0.346855, -0.076877, 0.934763, 0.0, 0.0, 0.0, 0.0, 1.0],
                [0.924879, -0.036105, 0.378543, 0.0, 0.006046, 0.996753, 0.080297, 0.3, -0.380213, -0.071976, 0.922094, -0.0, 0.0, 0.0, 0.0, 1.0]
            ]
        },
        {
            "name": "Head",
            "time": [0.0, 0.0667, 0.1333, 0.2167, 0.3, 0.4, 0.5],
            "transform": [
                [0.981387, 0.079054, -0.175013, 0.0, -0.057781, 0.990663, 0.12348, 0.4, 0.183141, -0.111069, 0.976792, -0.0, 0.0, 0.0, 0.0, 1.0],
                [0.901988, 0.066414, -0.426623, 0.0, -0.022446, 0.993976, 0.107279, 0.4, 0.431178, -0.087188, 0.898044, 0.0, 0.0, 0.0, 0.0, 1.0],
                [0.901303, 0.053668, -0.429852, 0.0, -0.021081, 0.996554, 0.08022, 0.4, 0.432676, -0.063241, 0.899329, 0.0, 0.0, 0.0, 0.0, 1.0],
                [0.900417, 0.037611, -0.433399, 0.0, -0.019438, 0.998739, 0.046287, 0.4, 0.434593, -0.033253, 0.900013, 0.0, 0.0, 0.0, 0.0, 1.0],
                [0.8995, 0.02144, -0.436395, 0.0, -0.017868, 0.999765, 0.012288, 0.4, 0.436556, -0.003256, 0.899671, -0.0, 0.0, 0.0, 0.0, 1.0],
                [0.898359, 0.001924, -0.439258, 0.0, -0.016082, 0.999464, -0.028514, 0.4, 0.438967, 0.03268, 0.897908, 0.0, 0.0, 0.0, 0.0, 1.0],
                [0.897178, -0.017666, -0.441316, 0.0, -0.014409, 0.997497, -0.069223, 0.4, 0.441434, 0.068465, 0.894678, -0.0, 0.0, 0.0, 0.0, 1.0]
            ]
        },
        {
            "name": "Shoulder_R",
            "time": [0.0, 0.0667, 0.1333, 0.2167, 0.3, 0.4, 0.5],
            "transform": [
                [0.212719, 0.951584, 0.221898, 0.0, -0.056935, -0.214638, 0.975033, 0.4, 0.975453, -0.220042, 0.008521, -0.0, 0.0, 0.0, 0.0, 1.0],
                [0.265314, 0.930251, 0.253458, 0.0, -0.071013, -0.243312, 0.967345, 0.4, 0.961544, -0.274649, 0.001506, 0.0, 0.0, 0.0, 0.0, 1.0],
                [0.317113, 0.905009, 0.283544, 0.0, -0.084878, -0.270693, 0.958917, 0.4, 0.944583, -0.328152, -0.009025, 0.0, 0.0, 0.0, 0.0, 1.0],
                [0.380255, 0.86835, 0.318393, 0.0, -0.101778, -0.302874, 0.94758, 0.4, 0.919265, -0.392727, -0.02679, -0.0, 0.0, 0.0, 0.0, 1.0],
                [0.441072, 0.826634, 0.349474, 0.0, -0.118057, -0.332574, 0.935658, 0.4, 0.889674, -0.45395, -0.049099, -0.0, 0.0, 0.0, 0.0, 1.0],
                [0.46131, 0.805191, 0.37264, 0.0, -0.123474, -0.357651, 0.925656, 0.4, 0.878606, -0.473025, -0.065568, 0.0, 0.0, 0.0, 0.0, 1.0],
                [0.48081, 0.783123, 0.394386, 0.0, -0.128693, -0.38189, 0.915204, 0.4, 0.867331, -0.490793, -0.082834, -0.0, 0.0, 0.0, 0.0, 1.0]
            ]
        },
        {
            "name": "Arm_R",
            "time": [0.0, 0.0667, 0.1333, 0.2167, 0.3, 0.4, 0.5],
            "transform": [
                [0.190717, -0.866543, -0.461227, 0.0, -0.432181, 0.347745, -0.832042, 0.388385, 0.881389, 0.358018, -0.308183, -0.0, 0.0, 0.0, 0.0, 1.0],
                [0.043616, -0.929217, -0.366951, 0.0, -0.421798, 0.315831, -0.849905, 0.388385, 0.90564, 0.191849, -0.378167, -0.0, 0.0, 0.0, 0.0, 1.0],
                [-0.114015, -0.960252, -0.254783, 0.0, -0.416809, 0.279027, -0.865109, 0.388385, 0.901815, 0.00756, -0.432056, -0.0, 0.0, 0.0, 0.0, 1.0],
                [-0.312631, -0.944941, -0.096666, -0.0, -0.419769, 0.228731, -0.878338, 0.388385, 0.852089, -0.234018, -0.468167, 0.0, 0.0, 0.0, 0.0, 1.0],
                [-0.494591, -0.866453, 0.068073, 0.0, -0.433432, 0.178004, -0.883432, 0.388385, 0.753336, -0.466441, -0.46359, 0.0, 0.0, 0.0, 0.0, 1.0],
                [-0.663193, -0.703508, 0.255436, 0.0, -0.461925, 0.1162, -0.879275, 0.388385, 0.588897, -0.701117, -0.402034, 0.0, 0.0, 0.0, 0.0, 1.0],
                [-0.769395, -0.492458, 0.406833, 0.0, -0.49972, 0.067327, -0.863567, 0.388385, 0.397881, -0.867722, -0.297894, 0.0, 0.0, 0.0, 0.0, 1.0]
            ]
        },
        {
            "name": "Hand_R",
            "time": [0.0, 0.0667, 0.1333, 0.2167, 0.3, 0.4, 0.5],
            "transform": [
                [0.999365, -0.014444, 0.032575, -0.0, 0.029506, 0.847992, -0.529187, 0.33, -0.019979, 0.529813, 0.84788, 0.0, 0.0, 0.0, 0.0, 1.0],
                [0.997808, 0.064465, 0.014957, 0.0, -0.049226, 0.874066, -0.483307, 0.33, -0.044229, 0.481511, 0.875323, 0.0, 0.0, 0.0, 0.0, 1.0],
                [0.997199, 0.07481, -0.000372, -0.0, -0.067527, 0.897959, -0.434866, 0.33, -0.032198, 0.433672, 0.900495, 0.0, 0.0, 0.0, 0.0, 1.0],
                [0.991065, 0.132424, -0.016066, -0.0, -0.128887, 0.919547, -0.37124, 0.33, -0.034387, 0.369993, 0.928398, -0.0, 0.0, 0.0, 0.0, 1.0],
                [0.981279, 0.190601, -0.027688, 0.0, -0.189878, 0.933258, -0.304915, 0.33, -0.032277, 0.304463, 0.951977, -0.0, 0.0, 0.0, 0.0, 1.0],
                [0.96386, 0.263835, -0.037071, 0.0, -0.265276, 0.937407, -0.22559, 0.33, -0.024769, 0.227269, 0.973517, 0.0, 0.0, 0.0, 0.0, 1.0],
                [0.941205, 0.335453, -0.040215, 0.0, -0.337673, 0.930013, -0.145061, 0.33, -0.01126, 0.150109, 0.988605, 0.0, 0.0, 0.0, 0.0, 1.0]
            ]
        },
        {
            "name": "Tool_R",
            "time": [0.0, 0.0667, 0.1333, 0.2167, 0.3, 0.4, 0.5],
            "transform": [
                [0.986462, -0.139148, 0.086777, -0.009523, -0.15488, -0.964445, 0.214146, 0.26223, 0.053894, -0.224687, -0.97294, -0.064884, 0.0, 0.0, 0.0, 1.0],
                [0.839679, -0.522207, 0.149131, -0.006817, -0.541394, -0.826534, 0.154061, 0.247646, 0.042811, -0.2101, -0.976742, -0.062904, 0.0, 0.0, 0.0, 1.0],
                [0.508568, -0.838314, 0.19644, -0.004868, -0.860392, -0.503515, 0.078725, 0.261957, 0.032914, -0.209052, -0.97735, -0.028273, 0.0, 0.0, 0.0, 1.0],
                [0.277428, -0.929778, 0.241962, -0.004617, -0.954088, -0.296224, -0.044355, 0.269144, 0.112915, -0.218548, -0.969271, -0.012152, 0.0, 0.0, 0.0, 1.0],
                [0.027121, -0.968508, 0.247499, -0.002867, -0.98006, -0.074516, -0.184203, 0.281623, 0.196845, -0.237568, -0.951217, -0.002211, 0.0, 0.0, 0.0, 1.0],
                [-0.191511, -0.974598, 0.116109, -0.0, -0.946978, 0.152384, -0.282868, 0.291204, 0.25799, -0.164125, -0.952105, 0.0, 0.0, 0.0, 0.0, 1.0],
                [-0.500604, -0.865296, 0.025652, -0.018428, -0.838833, 0.477544, -0.261365, 0.315008, 0.213909, -0.152358, -0.964899, -0.016663, 0.0, 0.0, 0.0, 1.0]
            ]
        },
        {
            "name": "Elbow_R",
            "time": [0.0, 0.0667, 0.1333, 0.2167, 0.3, 0.4, 0.5],
            "transform": [
                [-1.0, 0.0, 0.0, -0.0, -0.0, 0.0, -1.0, 0.33, -0.0, -1.0, -0.0, 0.0, 0.0, 0.0, 0.0, 1.0],
                [-1.0, 0.0, 0.0, 0.0, -0.0, 0.0, -1.0, 0.33, -0.0, -1.0, -0.0, 0.0, 0.0, 0.0, 0.0, 1.0],
                [-1.0, 0.0, 0.0, 0.0, -0.0, 0.0, -1.0, 0.33, -0.0, -1.0, -0.0, 0.0, 0.0, 0.0, 0.0, 1.0],
                [-1.0, 0.0, 0.0, -0.0, -0.0, -0.0, -1.0, 0.33, -0.0, -1.0, -0.0, 0.0, 0.0, 0.0, 0.0, 1.0],
                [-1.0, 0.0, 0.0, -0.0, -0.0, 0.0, -1.0, 0.33, -0.0, -1.0, -0.0, 0.0, 0.0, 0.0, 0.0, 1.0],
                [-1.0, 0.0, 0.0, 0.0, -0.0, 0.0, -1.0, 0.33, -0.0, -1.0, -0.0, 0.0, 0.0, 0.0, 0.0, 1.0],
                [-1.0, 0.0, 0.0, 0.0, -0.0, 0.0, -1.0, 0.33, -0.0, -1.0, -0.0, 0.0, 0.0, 0.0, 0.0, 1.0]
            ]
        },
        {
            "name": "Shoulder_L",
            "time": [0.0, 0.0667, 0.1333, 0.2167, 0.3, 0.4, 0.5],
            "transform": [
                [-0.02271, -0.906149, -0.422348, -0.0, -0.006082, -0.422324, 0.906425, 0.4, -0.999724, 0.023153, 0.00408, -0.0, 0.0, 0.0, 0.0, 1.0],
                [0.00121, -0.918326, -0.395823, -0.0, 0.000322, -0.395823, 0.918327, 0.4, -0.999999, -0.001238, -0.000184, -0.0, 0.0, 0.0, 0.0, 1.0],
                [0.025068, -0.929543, -0.367861, -0.0, 0.006708, -0.367812, 0.929876, 0.4, -0.999663, -0.025778, -0.002985, 0.0, 0.0, 0.0, 0.0, 1.0],
                [0.054721, -0.941516, -0.332493, 0.0, 0.014645, -0.3322, 0.943095, 0.4, -0.998394, -0.056476, -0.004389, -0.0, 0.0, 0.0, 0.0, 1.0],
                [0.084088, -0.951204, -0.296883, 0.0, 0.022507, -0.296049, 0.954907, 0.4, -0.996204, -0.086978, -0.003486, -0.0, 0.0, 0.0, 0.0, 1.0],
                [0.118814, -0.959839, -0.254149, -0.0, 0.031802, -0.252152, 0.967165, 0.4, -0.992407, -0.122996, 0.000566, 0.0, 0.0, 0.0, 0.0, 1.0],
                [0.15283, -0.965297, -0.211767, 0.0, 0.040908, -0.207921, 0.97729, 0.4, -0.987405, -0.158022, 0.007712, -0.0, 0.0, 0.0, 0.0, 1.0]
            ]
        },
        {
            "name": "Arm_L",
            "time": [0.0, 0.0667, 0.1333, 0.2167, 0.3, 0.4, 0.5],
            "transform": [
                [-0.077082, -0.146794, 0.986159, 0.0, -0.038025, 0.988815, 0.144218, 0.388354, -0.996299, -0.026382, -0.081802, -0.0, 0.0, 0.0, 0.0, 1.0],
                [-0.135248, -0.186946, 0.973015, -0.0, -0.188531, 0.968952, 0.15996, 0.388355, -0.972709, -0.16181, -0.166294, -0.0, 0.0, 0.0, 0.0, 1.0],
                [-0.186469, -0.234949, 0.953954, -0.0, -0.337219, 0.927301, 0.162469, 0.388354, -0.922774, -0.291396, -0.252142, -0.0, 0.0, 0.0, 0.0, 1.0],
                [-0.229123, -0.21693, 0.948916, -0.0, -0.49278, 0.866549, 0.079115, 0.388354, -0.839445, -0.44948, -0.305445, 0.0, 0.0, 0.0, 0.0, 1.0],
                [-0.274241, -0.206251, 0.939281, -0.0, -0.630981, 0.775671, -0.013902, 0.388354, -0.725707, -0.596482, -0.342863, -0.0, 0.0, 0.0, 0.0, 1.0],
                [-0.327897, -0.201451, 0.922982, -0.0, -0.763379, 0.632054, -0.133245, 0.388354, -0.556534, -0.748278, -0.361033, 0.0, 0.0, 0.0, 0.0, 1.0],
                [-0.378034, -0.208058, 0.902106, 0.0, -0.850315, 0.463387, -0.249457, 0.388354, -0.366124, -0.86138, -0.352093, -0.0, 0.0, 0.0, 0.0, 1.0]
            ]
        },
        {
            "name": "Hand_L",
            "time": [0.0, 0.0667, 0.1333, 0.2167, 0.3, 0.4, 0.5],
            "transform": [
                [0.998904, -0.044311, -0.015066, 0.0, 0.035119, 0.922433, -0.384556, 0.33, 0.030937, 0.383606, 0.922979, 0.0, 0.0, 0.0, 0.0, 1.0],
                [0.999767, -0.01874, -0.010715, 0.0, 0.011265, 0.876354, -0.481536, 0.33, 0.018415, 0.481302, 0.876361, -0.0, 0.0, 0.0, 0.0, 1.0],
                [0.999929, 0.007628, -0.009138, -0.0, -0.011493, 0.818381, -0.57456, 0.33, 0.003096, 0.574625, 0.818411, 0.0, 0.0, 0.0, 0.0, 1.0],
                [0.999097, 0.040963, -0.01129, 0.0, -0.037647, 0.730176, -0.682221, 0.33, -0.019702, 0.682029, 0.731059, -0.0, 0.0, 0.0, 0.0, 1.0],
                [0.997112, 0.073765, -0.018068, 0.0, -0.060436, 0.626625, -0.776974, 0.33, -0.045991, 0.775821, 0.629274, 0.0, 0.0, 0.0, 0.0, 1.0],
                [0.993394, 0.110531, -0.030819, 0.0, -0.081899, 0.494842, -0.865115, 0.33, -0.080371, 0.861925, 0.500625, 0.0, 0.0, 0.0, 0.0, 1.0],
                [0.988382, 0.143974, -0.048692, -0.0, -0.097314, 0.3534, -0.930397, 0.33, -0.116745, 0.924327, 0.363305, 0.0, 0.0, 0.0, 0.0, 1.0]
            ]
        },
        {
            "name": "Tool_L",
            "time": [0.0, 0.0667, 0.1333, 0.2167, 0.3, 0.4, 0.5],
            "transform": [
                [0.888129, 0.459593, 0.000994, 0.047165, 0.300747, -0.582804, 0.754911, 0.20743, 0.347531, -0.670159, -0.655827, -0.014738, 0.0, 0.0, 0.0, 1.0],
                [0.487133, 0.871998, -0.048181, 0.068085, 0.671034, -0.338415, 0.659688, 0.212705, 0.558942, -0.353687, -0.749993, 0.009335, 0.0, 0.0, 0.0, 1.0],
                [-0.020535, 0.991445, -0.128896, 0.038876, 0.837835, 0.087412, 0.53888, 0.263259, 0.545537, -0.096928, -0.832463, 0.004374, 0.0, 0.0, 0.0, 1.0],
                [-0.342817, 0.919464, -0.192516, 0.021711, 0.877702, 0.386548, 0.28323, 0.282612, 0.334836, -0.071876, -0.939531, -0.046274, 0.0, 0.0, 0.0, 1.0],
                [-0.633635, 0.739041, -0.228747, -0.012822, 0.757325, 0.652933, 0.011703, 0.288799, 0.158006, -0.16582, -0.973416, -0.096534, 0.0, 0.0, 0.0, 1.0],
                [-0.841379, 0.472148, -0.262978, -0.068686, 0.540444, 0.733732, -0.411774, 0.159801, -0.001463, -0.488583, -0.872516, -0.182111, 0.0, 0.0, 0.0, 1.0],
                [-0.992297, 0.069919, -0.102267, -0.0134, 0.123097, 0.649382, -0.750434, 0.022573, 0.013941, -0.757241, -0.652986, -0.271811, 0.0, 0.0, 0.0, 1.0]
            ]
        },
        {
            "name": "Elbow_L",
            "time": [0.0, 0.0667, 0.1333, 0.2167, 0.3, 0.4, 0.5],
            "transform": [
                [-1.0, 0.0, -0.0, 0.0, 0.0, -0.0, -1.0, 0.33, -0.0, -1.0, 0.0, 0.0, 0.0, 0.0, 0.0, 1.0],
                [-1.0, 0.0, -0.0, 0.0, 0.0, -0.0, -1.0, 0.33, -0.0, -1.0, 0.0, 0.0, 0.0, 0.0, 0.0, 1.0],
                [-1.0, 0.0, -0.0, 0.0, 0.0, -0.0, -1.0, 0.33, -0.0, -1.0, 0.0, 0.0, 0.0, 0.0, 0.0, 1.0],
                [-1.0, 0.0, -0.0, 0.0, 0.0, -0.0, -1.0, 0.33, -0.0, -1.0, 0.0, 0.0, 0.0, 0.0, 0.0, 1.0],
                [-1.0, 0.0, -0.0, 0.0, 0.0, -0.0, -1.0, 0.33, -0.0, -1.0, 0.0, 0.0, 0.0, 0.0, 0.0, 1.0],
                [-1.0, 0.0, -0.0, 0.0, 0.0, -0.0, -1.0, 0.33, -0.0, -1.0, 0.0, 0.0, 0.0, 0.0, 0.0, 1.0],
                [-1.0, 0.0, -0.0, 0.0, 0.0, -0.0, -1.0, 0.33, -0.0, -1.0, 0.0, 0.0, 0.0, 0.0, 0.0, 1.0]
            ]
        }
    ]
}