{

    "animation": [
        {
            "name": "Root",
            "time": [0.0, 1.2, 2.4],
            "transform": [
                [0.645324, -0.075999, -0.760119, -5e-06, -0.76234, -0.000332, -0.647176, 0.000946, 0.048933, 0.997108, -0.058152, 0.411019, 0.0, 0.0, 0.0, 1.0],
                [0.645324, -0.075999, -0.760119, -5e-06, -0.76234, -0.000332, -0.647176, 0.000946, 0.048933, 0.997108, -0.058152, 0.441019, 0.0, 0.0, 0.0, 1.0],
                [0.645324, -0.075999, -0.760119, -5e-06, -0.76234, -0.000332, -0.647176, 0.000946, 0.048933, 0.997108, -0.058152, 0.411019, 0.0, 0.0, 0.0, 1.0]
            ]
        },
        {
            "name": "Thigh_R",
            "time": [0.0, 1.2, 2.4],
            "transform": [
                [0.926858, 0.050281, -0.372014, 0.124994, 0.28775, -0.731586, 0.618039, -0.002831, -0.241086, -0.679885, -0.692548, -1.2e-05, 0.0, 0.0, 0.0, 1.0],
                [0.933821, 0.06701, -0.351394, 0.124994, 0.282585, -0.740497, 0.609754, -0.00283, -0.219348, -0.668704, -0.710432, -1.2e-05, 0.0, 0.0, 0.0, 1.0],
                [0.926858, 0.050281, -0.372014, 0.124994, 0.28775, -0.731586, 0.618039, -0.002831, -0.241086, -0.679885, -0.692548, -1.2e-05, 0.0, 0.0, 0.0, 1.0]
            ]
        },
        {
            "name": "Leg_R",
            "time": [0.0, 1.2, 2.4],
            "transform": [
                [0.999223, 0.038328, -0.009103, 0.0, 0.014785, -0.150697, 0.988469, 0.37472, 0.036515, -0.987838, -0.151147, 0.0, 0.0, 0.0, 0.0, 1.0],
                [0.999444, 0.031321, -0.011313, -0.0, 0.014019, -0.087568, 0.996061, 0.37472, 0.030207, -0.995666, -0.087959, 0.0, 0.0, 0.0, 0.0, 1.0],
                [0.999223, 0.038328, -0.009103, 0.0, 0.014785, -0.150697, 0.988469, 0.37472, 0.036515, -0.987838, -0.151147, 0.0, 0.0, 0.0, 0.0, 1.0]
            ]
        },
        {
            "name": "Knee_R",
            "time": [0.0, 1.2, 2.4],
            "transform": [
                [0.999765, 0.017081, -0.013361, 0.0, -0.021663, 0.758368, -0.651466, 0.37472, -0.000995, 0.651602, 0.75856, 0.0, 0.0, 0.0, 0.0, 1.0],
                [0.999834, 0.013177, -0.012556, -0.0, -0.018197, 0.737332, -0.675286, 0.37472, 0.00036, 0.675403, 0.737449, 0.0, 0.0, 0.0, 0.0, 1.0],
                [0.999765, 0.017081, -0.013361, 0.0, -0.021663, 0.758368, -0.651466, 0.37472, -0.000995, 0.651602, 0.75856, 0.0, 0.0, 0.0, 0.0, 1.0]
            ]
        },
        {
            "name": "Thigh_L",
            "time": [0.0, 1.2, 2.4],
            "transform": [
                [0.802713, -0.583179, 0.124699, -0.125006, -0.31646, -0.239313, 0.91792, -0.002831, -0.505471, -0.77629, -0.376653, -1.2e-05, 0.0, 0.0, 0.0, 1.0],
                [0.784037, -0.618091, 0.056966, -0.125006, -0.300253, -0.297334, 0.906331, -0.00283, -0.543258, -0.727703, -0.418705, -1.2e-05, 0.0, 0.0, 0.0, 1.0],
                [0.802713, -0.583179, 0.124699, -0.125006, -0.31646, -0.239313, 0.91792, -0.002831, -0.505471, -0.77629, -0.376653, -1.2e-05, 0.0, 0.0, 0.0, 1.0]
            ]
        },
        {
            "name": "Leg_L",
            "time": [0.0, 1.2, 2.4],
            "transform": [
                [0.998657, -0.039136, 0.033979, -0.0, -0.034053, -0.001226, 0.999419, 0.37472, -0.039072, -0.999233, -0.002557, -0.0, 0.0, 0.0, 0.0, 1.0],
                [0.998786, -0.03212, 0.037373, 0.0, -0.034204, 0.094087, 0.994976, 0.37472, -0.035475, -0.995046, 0.092874, -0.0, 0.0, 0.0, 0.0, 1.0],
                [0.998657, -0.039136, 0.033979, -0.0, -0.034053, -0.001226, 0.999419, 0.37472, -0.039072, -0.999233, -0.002557, -0.0, 0.0, 0.0, 0.0, 1.0]
            ]
        },
        {
            "name": "Knee_L",
            "time": [0.0, 1.2, 2.4],
            "transform": [
                [0.999606, -0.012522, 0.025113, -0.0, 0.026605, 0.707512, -0.706201, 0.37472, -0.008924, 0.706591, 0.707566, -0.0, 0.0, 0.0, 0.0, 1.0],
                [0.999651, -0.008827, 0.024908, 0.0, 0.024362, 0.673031, -0.739213, 0.37472, -0.010239, 0.739562, 0.673011, -0.0, 0.0, 0.0, 0.0, 1.0],
                [0.999606, -0.012522, 0.025113, -0.0, 0.026605, 0.707512, -0.706201, 0.37472, -0.008924, 0.706591, 0.707566, -0.0, 0.0, 0.0, 0.0, 1.0]
            ]
        },
        {
            "name": "Torso",
            "time": [0.0, 1.2, 2.4],
            "transform": [
                [0.888925, -0.154422, 0.431238, 0.0, 0.075318, 0.977922, 0.194927, 0.05, -0.451818, -0.140795, 0.88093, 0.0, 0.0, 0.0, 0.0, 1.0],
                [0.894581, -0.101552, 0.435215, 0.0, 0.048171, 0.990078, 0.132006, 0.05, -0.444302, -0.097125, 0.890597, 0.0, 0.0, 0.0, 0.0, 1.0],
                [0.888925, -0.154422, 0.431238, 0.0, 0.075318, 0.977922, 0.194927, 0.05, -0.451818, -0.140795, 0.88093, 0.0, 0.0, 0.0, 0.0, 1.0]
            ]
        },
        {
            "name": "Chest",
            "time": [0.0, 1.2, 2.4],
            "transform": [
                [0.955636, 0.176909, -0.235506, 0.0, -0.019679, 0.836105, 0.548216, 0.3, 0.293892, -0.51926, 0.802494, -0.0, 0.0, 0.0, 0.0, 1.0],
                [0.957022, 0.144706, -0.251334, 0.0, 0.037374, 0.797861, 0.601682, 0.3, 0.287597, -0.585217, 0.758162, 0.0, 0.0, 0.0, 0.0, 1.0],
                [0.955636, 0.176909, -0.235506, 0.0, -0.019679, 0.836105, 0.548216, 0.3, 0.293892, -0.51926, 0.802494, -0.0, 0.0, 0.0, 0.0, 1.0]
            ]
        },
        {
            "name": "Head",
            "time": [0.0, 1.2, 2.4],
            "transform": [
                [0.792862, -0.005357, 0.609378, -0.0, 0.27678, 0.894039, -0.352259, 0.4, -0.542921, 0.447956, 0.710332, -0.0, 0.0, 0.0, 0.0, 1.0],
                [0.794995, -0.004437, 0.6066, -0.0, 0.280284, 0.88952, -0.360827, 0.4, -0.537982, 0.456876, 0.708407, 0.0, 0.0, 0.0, 0.0, 1.0],
                [0.792862, -0.005357, 0.609378, -0.0, 0.27678, 0.894039, -0.352259, 0.4, -0.542921, 0.447956, 0.710332, -0.0, 0.0, 0.0, 0.0, 1.0]
            ]
        },
        {
            "name": "Shoulder_R",
            "time": [0.0, 1.2, 2.4],
            "transform": [
                [-0.070754, 0.903816, 0.422031, -0.0, 0.018944, -0.421798, 0.906492, 0.4, 0.997314, 0.072133, 0.012722, -0.0, 0.0, 0.0, 0.0, 1.0],
                [-0.070754, 0.903816, 0.422031, -0.0, 0.018944, -0.421798, 0.906492, 0.4, 0.997314, 0.072133, 0.012722, 0.0, 0.0, 0.0, 0.0, 1.0],
                [-0.070754, 0.903816, 0.422031, -0.0, 0.018944, -0.421798, 0.906492, 0.4, 0.997314, 0.072133, 0.012722, -0.0, 0.0, 0.0, 0.0, 1.0]
            ]
        },
        {
            "name": "Arm_R",
            "time": [0.0, 0.6, 1.2, 1.8, 2.4],
            "transform": [
                [0.388223, -0.420252, -0.820165, 0.0, 0.744886, 0.667106, 0.010765, 0.388213, 0.542613, -0.615108, 0.572026, 1e-06, 0.0, 0.0, 0.0, 1.0],
                [0.385147, -0.432587, -0.815187, -0.003167, 0.754752, 0.655956, 0.008504, 0.388823, 0.531048, -0.618539, 0.579135, -0.003821, 0.0, 0.0, 0.0, 1.0],
                [0.381866, -0.444834, -0.810124, 0.006413, 0.764459, 0.644642, 0.006372, 0.387143, 0.519405, -0.62174, 0.586224, 0.007599, 0.0, 0.0, 0.0, 1.0],
                [0.385147, -0.432587, -0.815187, 0.00958, 0.754752, 0.655956, 0.008504, 0.386533, 0.531048, -0.618539, 0.579135, 0.01142, 0.0, 0.0, 0.0, 1.0],
                [0.388223, -0.420252, -0.820165, 0.0, 0.744886, 0.667106, 0.010765, 0.388213, 0.542613, -0.615108, 0.572026, 1e-06, 0.0, 0.0, 0.0, 1.0]
            ]
        },
        {
            "name": "Hand_R",
            "time": [0.0, 1.2, 2.4],
            "transform": [
                [0.990738, -0.131075, 0.035455, 0.0, 0.135481, 0.936775, -0.322643, 0.329779, 0.009077, 0.324458, 0.945857, 0.0, 0.0, 0.0, 0.0, 1.0],
                [0.990738, -0.127486, 0.046743, -0.0, 0.135481, 0.90509, -0.40306, 0.329779, 0.009077, 0.40566, 0.913979, 0.0, 0.0, 0.0, 0.0, 1.0],
                [0.990738, -0.131075, 0.035455, 0.0, 0.135481, 0.936775, -0.322643, 0.329779, 0.009077, 0.324458, 0.945857, 0.0, 0.0, 0.0, 0.0, 1.0]
            ]
        },
        {
            "name": "Tool_R",
            "time": [0.0, 1.2, 2.4],
            "transform": [
                [1.0, 0.0, 0.0, -0.02, 0.0, -0.939693, -0.34202, 0.252033, 0.0, 0.34202, -0.939693, 0.006946, 0.0, 0.0, 0.0, 1.0],
                [1.0, 0.0, 0.0, -0.02, 0.0, -0.939693, -0.34202, 0.252033, 0.0, 0.34202, -0.939693, 0.006946, 0.0, 0.0, 0.0, 1.0],
                [1.0, 0.0, 0.0, -0.02, 0.0, -0.939693, -0.34202, 0.252033, 0.0, 0.34202, -0.939693, 0.006946, 0.0, 0.0, 0.0, 1.0]
            ]
        },
        {
            "name": "Elbow_R",
            "time": [0.0, 1.2, 2.4],
            "transform": [
                [-0.999448, 0.005462, -0.032759, 0.0, 0.033212, 0.164385, -0.985837, 0.329779, 0.0, -0.986381, -0.164476, 0.0, 0.0, 0.0, 0.0, 1.0],
                [-0.999448, 0.006886, -0.03249, -0.0, 0.033212, 0.20723, -0.977729, 0.329779, 0.0, -0.978268, -0.207344, 0.0, 0.0, 0.0, 0.0, 1.0],
                [-0.999448, 0.005462, -0.032759, 0.0, 0.033212, 0.164385, -0.985837, 0.329779, 0.0, -0.986381, -0.164476, 0.0, 0.0, 0.0, 0.0, 1.0]
            ]
        },
        {
            "name": "Shoulder_L",
            "time": [0.0, 1.2, 2.4],
            "transform": [
                [-0.036176, -0.954926, -0.294632, 0.0, -0.009688, -0.294476, 0.95561, 0.4, -0.999299, 0.037425, 0.001402, -0.0, 0.0, 0.0, 0.0, 1.0],
                [-0.036176, -0.954926, -0.294632, 0.0, -0.009688, -0.294477, 0.95561, 0.4, -0.999298, 0.037425, 0.001402, 0.0, 0.0, 0.0, 0.0, 1.0],
                [-0.036176, -0.954926, -0.294632, 0.0, -0.009688, -0.294476, 0.95561, 0.4, -0.999299, 0.037425, 0.001402, -0.0, 0.0, 0.0, 0.0, 1.0]
            ]
        },
        {
            "name": "Arm_L",
            "time": [0.0, 0.6, 1.2, 1.8, 2.4],
            "transform": [
                [0.293745, 0.367013, 0.882618, -0.0, -0.798618, 0.601635, 0.015615, 0.388212, -0.525283, -0.709462, 0.469831, 1e-06, 0.0, 0.0, 0.0, 1.0],
                [0.302516, 0.376415, 0.875669, 0.003228, -0.793179, 0.608865, 0.012291, 0.390007, -0.528538, -0.69828, 0.482756, -0.00337, 0.0, 0.0, 0.0, 1.0],
                [0.311325, 0.385643, 0.868537, -0.006547, -0.787696, 0.616, 0.008835, 0.38455, -0.531612, -0.686894, 0.495546, 0.006613, 0.0, 0.0, 0.0, 1.0],
                [0.302516, 0.376415, 0.875669, -0.009775, -0.793179, 0.608865, 0.012291, 0.382755, -0.528538, -0.69828, 0.482756, 0.009984, 0.0, 0.0, 0.0, 1.0],
                [0.293745, 0.367013, 0.882618, -0.0, -0.798618, 0.601635, 0.015615, 0.388212, -0.525283, -0.709462, 0.469831, 1e-06, 0.0, 0.0, 0.0, 1.0]
            ]
        },
        {
            "name": "Hand_L",
            "time": [0.0, 1.2, 2.4],
            "transform": [
                [0.996195, 0.087156, 0.0, -0.0, -0.074289, 0.849119, -0.522951, 0.329779, -0.045579, 0.520961, 0.852362, 0.0, 0.0, 0.0, 0.0, 1.0],
                [0.996195, 0.086825, -0.007596, -0.0, -0.074289, 0.80031, -0.594967, 0.329779, -0.045578, 0.593267, 0.803714, 0.0, 0.0, 0.0, 0.0, 1.0],
                [0.996195, 0.087156, 0.0, -0.0, -0.074289, 0.849119, -0.522951, 0.329779, -0.045579, 0.520961, 0.852362, 0.0, 0.0, 0.0, 0.0, 1.0]
            ]
        },
        {
            "name": "Tool_L",
            "time": [0.0, 1.2, 2.4],
            "transform": [
                [1.0, -0.0, 0.0, 0.02, 0.0, -0.965926, -0.258819, 0.252033, 0.0, 0.258819, -0.965926, 0.006946, 0.0, 0.0, 0.0, 1.0],
                [1.0, -0.0, 1e-06, 0.02, 0.0, -0.965926, -0.258819, 0.252033, 1e-06, 0.258819, -0.965926, 0.006946, 0.0, 0.0, 0.0, 1.0],
                [1.0, -0.0, 0.0, 0.02, 0.0, -0.965926, -0.258819, 0.252033, 0.0, 0.258819, -0.965926, 0.006946, 0.0, 0.0, 0.0, 1.0]
            ]
        },
        {
            "name": "Elbow_L",
            "time": [0.0, 1.2, 2.4],
            "transform": [
                [-1.0, 0.0, -0.0, -0.0, 0.0, 0.270879, -0.962613, 0.329779, -0.0, -0.962614, -0.270879, 0.0, 0.0, 0.0, 0.0, 1.0],
                [-1.000001, 0.0, -0.0, -0.0, 1e-06, 0.31261, -0.949882, 0.329779, -0.0, -0.949882, -0.312609, 0.0, 0.0, 0.0, 0.0, 1.0],
                [-1.0, 0.0, -0.0, -0.0, 0.0, 0.270879, -0.962613, 0.329779, -0.0, -0.962614, -0.270879, 0.0, 0.0, 0.0, 0.0, 1.0]
            ]
        }
    ]
}