{

    "animation": [
        {
            "name": "Root",
            "time": [0.0, 1.2, 2.4],
            "transform": [
                [1.0, -0.0, 0.0, -5e-06, 0.0, 0.0, -1.0, -0.099054, 0.0, 1.0, 0.0, 0.737777, 0.0, 0.0, 0.0, 1.0],
                [1.0, -0.0, 0.0, -5e-06, 0.0, 0.0, -1.0, -0.099054, 0.0, 1.0, 0.0, 0.737777, 0.0, 0.0, 0.0, 1.0],
                [1.0, -0.0, 0.0, -5e-06, 0.0, 0.0, -1.0, -0.099054, 0.0, 1.0, 0.0, 0.737777, 0.0, 0.0, 0.0, 1.0]
            ]
        },
        {
            "name": "Thigh_R",
            "time": [0.0, 1.2, 2.4],
            "transform": [
                [0.95074, 0.309893, -0.007687, 0.124994, 0.016406, -0.02554, 0.999539, 0.017169, 0.309554, -0.950426, -0.029366, 0.049988, 0.0, 0.0, 0.0, 1.0],
                [0.95074, 0.309893, -0.007687, 0.124994, 0.016406, -0.02554, 0.999539, 0.017169, 0.309554, -0.950426, -0.029366, 0.049988, 0.0, 0.0, 0.0, 1.0],
                [0.95074, 0.309893, -0.007687, 0.124994, 0.016406, -0.02554, 0.999539, 0.017169, 0.309554, -0.950426, -0.029366, 0.049988, 0.0, 0.0, 0.0, 1.0]
            ]
        },
        {
            "name": "Leg_R",
            "time": [0.0, 1.2, 2.4],
            "transform": [
                [0.999916, -0.010032, -0.008144, 0.0, 0.012628, 0.892343, 0.451181, 0.37472, 0.002741, -0.451247, 0.892394, 0.0, 0.0, 0.0, 0.0, 1.0],
                [0.999916, -0.010032, -0.008144, 0.0, 0.012628, 0.892343, 0.451181, 0.37472, 0.002741, -0.451247, 0.892394, 0.0, 0.0, 0.0, 0.0, 1.0],
                [0.999916, -0.010032, -0.008144, 0.0, 0.012628, 0.892343, 0.451181, 0.37472, 0.002741, -0.451247, 0.892394, 0.0, 0.0, 0.0, 0.0, 1.0]
            ]
        },
        {
            "name": "Knee_R",
            "time": [0.0, 1.2, 2.4],
            "transform": [
                [0.999979, -0.005494, -0.003488, 0.0, -0.002118, 0.231947, -0.972726, 0.37472, 0.006153, 0.972713, 0.23193, 0.0, 0.0, 0.0, 0.0, 1.0],
                [0.999979, -0.005494, -0.003488, 0.0, -0.002118, 0.231947, -0.972726, 0.37472, 0.006153, 0.972713, 0.23193, 0.0, 0.0, 0.0, 0.0, 1.0],
                [0.999979, -0.005494, -0.003488, 0.0, -0.002118, 0.231947, -0.972726, 0.37472, 0.006153, 0.972713, 0.23193, 0.0, 0.0, 0.0, 0.0, 1.0]
            ]
        },
        {
            "name": "Thigh_L",
            "time": [0.0, 1.2, 2.4],
            "transform": [
                [0.950739, -0.309895, 0.007692, -0.125006, -0.016411, -0.025539, 0.99954, 0.017169, -0.309556, -0.950425, -0.029367, 0.049988, 0.0, 0.0, 0.0, 1.0],
                [0.950739, -0.309895, 0.007692, -0.125006, -0.016411, -0.025539, 0.99954, 0.017169, -0.309556, -0.950425, -0.029367, 0.049988, 0.0, 0.0, 0.0, 1.0],
                [0.950739, -0.309895, 0.007692, -0.125006, -0.016411, -0.025539, 0.99954, 0.017169, -0.309556, -0.950425, -0.029367, 0.049988, 0.0, 0.0, 0.0, 1.0]
            ]
        },
        {
            "name": "Leg_L",
            "time": [0.0, 1.2, 2.4],
            "transform": [
                [0.999916, 0.010035, 0.008149, -0.0, -0.012633, 0.892344, 0.451181, 0.37472, -0.002744, -0.451247, 0.892395, 0.0, 0.0, 0.0, 0.0, 1.0],
                [0.999916, 0.010035, 0.008149, -0.0, -0.012633, 0.892344, 0.451181, 0.37472, -0.002744, -0.451247, 0.892395, 0.0, 0.0, 0.0, 0.0, 1.0],
                [0.999916, 0.010035, 0.008149, -0.0, -0.012633, 0.892344, 0.451181, 0.37472, -0.002744, -0.451247, 0.892395, 0.0, 0.0, 0.0, 0.0, 1.0]
            ]
        },
        {
            "name": "Knee_L",
            "time": [0.0, 1.2, 2.4],
            "transform": [
                [0.999979, 0.005497, 0.003483, -0.0, 0.002113, 0.231946, -0.972727, 0.37472, -0.006155, 0.972714, 0.231929, 0.0, 0.0, 0.0, 0.0, 1.0],
                [0.999979, 0.005497, 0.003483, -0.0, 0.002113, 0.231946, -0.972727, 0.37472, -0.006155, 0.972714, 0.231929, 0.0, 0.0, 0.0, 0.0, 1.0],
                [0.999979, 0.005497, 0.003483, -0.0, 0.002113, 0.231946, -0.972727, 0.37472, -0.006155, 0.972714, 0.231929, 0.0, 0.0, 0.0, 0.0, 1.0]
            ]
        },
        {
            "name": "Torso",
            "time": [0.0, 1.2, 2.4],
            "transform": [
                [1.0, 0.0, -0.0, -0.0, -0.0, 0.991672, 0.12879, 0.05, 0.0, -0.12879, 0.991672, -0.0, 0.0, 0.0, 0.0, 1.0],
                [1.0, 0.0, -0.0, -0.0, -0.0, 0.998897, 0.046958, 0.05, 0.0, -0.046958, 0.998897, -0.0, 0.0, 0.0, 0.0, 1.0],
                [1.0, 0.0, -0.0, -0.0, -0.0, 0.991672, 0.12879, 0.05, 0.0, -0.12879, 0.991672, -0.0, 0.0, 0.0, 0.0, 1.0]
            ]
        },
        {
            "name": "Chest",
            "time": [0.0, 1.2, 2.4],
            "transform": [
                [1.0, -1e-06, 1e-06, -0.0, 1e-06, 0.977688, 0.210064, 0.3, -1e-06, -0.210064, 0.977688, 0.0, 0.0, 0.0, 0.0, 1.0],
                [1.0, -1e-06, 1e-06, -0.0, 1e-06, 0.981504, 0.191442, 0.3, -1e-06, -0.191442, 0.981504, -0.0, 0.0, 0.0, 0.0, 1.0],
                [1.0, -1e-06, 1e-06, -0.0, 1e-06, 0.977688, 0.210064, 0.3, -1e-06, -0.210064, 0.977688, 0.0, 0.0, 0.0, 0.0, 1.0]
            ]
        },
        {
            "name": "Head",
            "time": [0.0, 1.2, 2.4],
            "transform": [
                [1.0, 1e-06, -1e-06, 0.0, -1e-06, 0.97108, -0.238756, 0.4, 0.0, 0.238756, 0.97108, -0.0, 0.0, 0.0, 0.0, 1.0],
                [1.0, 1e-06, -1e-06, 0.0, -1e-06, 0.989963, -0.141329, 0.400001, 0.0, 0.141329, 0.989963, 0.0, 0.0, 0.0, 0.0, 1.0],
                [1.0, 1e-06, -1e-06, 0.0, -1e-06, 0.97108, -0.238756, 0.4, 0.0, 0.238756, 0.97108, -0.0, 0.0, 0.0, 0.0, 1.0]
            ]
        },
        {
            "name": "Shoulder_R",
            "time": [0.0, 1.2, 2.4],
            "transform": [
                [0.287432, 0.923389, 0.254431, -0.0, -0.076974, -0.242512, 0.96709, 0.4, 0.954703, -0.297557, 0.001371, -0.0, 0.0, 0.0, 0.0, 1.0],
                [0.287432, 0.923389, 0.254431, -0.0, -0.076974, -0.242512, 0.96709, 0.4, 0.954703, -0.297557, 0.001371, 0.0, 0.0, 0.0, 0.0, 1.0],
                [0.287432, 0.923389, 0.254431, -0.0, -0.076974, -0.242512, 0.96709, 0.4, 0.954703, -0.297557, 0.001371, -0.0, 0.0, 0.0, 0.0, 1.0]
            ]
        },
        {
            "name": "Arm_R",
            "time": [0.0, 0.6, 1.2, 1.7667, 2.4],
            "transform": [
                [-0.094057, -0.642295, -0.760665, 0.0, 0.953476, 0.161699, -0.254435, 0.388213, 0.286421, -0.749207, 0.597203, 1e-06, 0.0, 0.0, 0.0, 1.0],
                [-0.094709, -0.603144, -0.79199, -0.001994, 0.958903, 0.158474, -0.235355, 0.391388, 0.267463, -0.781731, 0.563347, -0.00927, 0.0, 0.0, 0.0, 1.0],
                [-0.094593, -0.576217, -0.811804, 0.0, 0.962364, 0.155765, -0.222698, 0.388213, 0.254773, -0.802317, 0.539795, 1e-06, 0.0, 0.0, 0.0, 1.0],
                [-0.094601, -0.616363, -0.781759, 0.001968, 0.957125, 0.159662, -0.241705, 0.385044, 0.273795, -0.771106, 0.574832, 0.009279, 0.0, 0.0, 0.0, 1.0],
                [-0.094057, -0.642295, -0.760665, 0.0, 0.953476, 0.161699, -0.254435, 0.388213, 0.286421, -0.749207, 0.597203, 1e-06, 0.0, 0.0, 0.0, 1.0]
            ]
        },
        {
            "name": "Hand_R",
            "time": [0.0, 0.6, 1.2, 1.7667, 2.4],
            "transform": [
                [1.0, 1e-06, 0.0, -0.0, -0.0, 0.887744, -0.460338, 0.329779, -0.0, 0.460338, 0.887744, 0.0, 0.0, 0.0, 0.0, 1.0],
                [1.0, 1e-06, 0.0, -0.0, -0.0, 0.871138, -0.491039, 0.329779, -0.0, 0.491039, 0.871138, 0.0, 0.0, 0.0, 0.0, 1.0],
                [1.0, 1e-06, 0.0, -0.0, -0.0, 0.887744, -0.460338, 0.329779, -0.0, 0.460338, 0.887744, -0.0, 0.0, 0.0, 0.0, 1.0],
                [1.0, 0.0, 0.0, 0.0, -0.0, 0.85347, -0.521142, 0.329779, -0.0, 0.521142, 0.85347, 0.0, 0.0, 0.0, 0.0, 1.0],
                [1.0, 1e-06, 0.0, -0.0, -0.0, 0.887744, -0.460338, 0.329779, -0.0, 0.460338, 0.887744, 0.0, 0.0, 0.0, 0.0, 1.0]
            ]
        },
        {
            "name": "Tool_R",
            "time": [0.0, 1.2, 2.4],
            "transform": [
                [1.0, 0.0, 0.0, -0.02, 0.0, -1.0, -0.0, 0.291425, 0.0, 0.0, -1.0, -0.0, 0.0, 0.0, 0.0, 1.0],
                [1.0, 0.0, 0.0, -0.02, 0.0, -1.0, -0.0, 0.291425, 0.0, -0.0, -1.0, 0.0, 0.0, 0.0, 0.0, 1.0],
                [1.0, 0.0, 0.0, -0.02, 0.0, -1.0, -0.0, 0.291425, 0.0, 0.0, -1.0, 0.0, 0.0, 0.0, 0.0, 1.0]
            ]
        },
        {
            "name": "Elbow_R",
            "time": [0.0, 1.2, 2.4],
            "transform": [
                [-1.0, -0.0, -0.0, -0.0, 0.0, 0.236914, -0.971531, 0.329779, 0.0, -0.971531, -0.236914, 0.0, 0.0, 0.0, 0.0, 1.0],
                [-1.0, -0.0, -1e-06, -0.0, 0.0, 0.236914, -0.971531, 0.329779, 0.0, -0.971531, -0.236914, -0.0, 0.0, 0.0, 0.0, 1.0],
                [-1.0, -0.0, -1e-06, -0.0, 0.0, 0.236914, -0.971531, 0.329779, 0.0, -0.971531, -0.236914, 0.0, 0.0, 0.0, 0.0, 1.0]
            ]
        },
        {
            "name": "Shoulder_L",
            "time": [0.0, 1.2, 2.4],
            "transform": [
                [0.287433, -0.923389, -0.254431, 0.0, 0.076971, -0.242512, 0.96709, 0.4, -0.954703, -0.297558, 0.001368, -0.0, 0.0, 0.0, 0.0, 1.0],
                [0.287433, -0.923389, -0.254431, 0.0, 0.076971, -0.242512, 0.96709, 0.4, -0.954703, -0.297558, 0.001368, -0.0, 0.0, 0.0, 0.0, 1.0],
                [0.287433, -0.923389, -0.254431, 0.0, 0.076971, -0.242512, 0.96709, 0.4, -0.954703, -0.297558, 0.001368, -0.0, 0.0, 0.0, 0.0, 1.0]
            ]
        },
        {
            "name": "Arm_L",
            "time": [0.0, 0.6, 1.2, 1.7667, 2.4],
            "transform": [
                [-0.094057, 0.642298, 0.760663, -0.0, -0.953476, 0.1617, -0.254436, 0.388212, -0.286423, -0.749205, 0.597206, 1e-06, 0.0, 0.0, 0.0, 1.0],
                [-0.094708, 0.603147, 0.791988, 0.001994, -0.958902, 0.158475, -0.235357, 0.391387, -0.267465, -0.781729, 0.563349, -0.009269, 0.0, 0.0, 0.0, 1.0],
                [-0.094593, 0.57622, 0.811802, -0.0, -0.962363, 0.155765, -0.2227, 0.388212, -0.254775, -0.802315, 0.539798, 1e-06, 0.0, 0.0, 0.0, 1.0],
                [-0.094601, 0.616366, 0.781757, -0.001968, -0.957124, 0.159662, -0.241706, 0.385043, -0.273797, -0.771104, 0.574835, 0.009279, 0.0, 0.0, 0.0, 1.0],
                [-0.094057, 0.642298, 0.760663, -0.0, -0.953476, 0.1617, -0.254436, 0.388212, -0.286423, -0.749205, 0.597206, 1e-06, 0.0, 0.0, 0.0, 1.0]
            ]
        },
        {
            "name": "Hand_L",
            "time": [0.0, 0.6, 1.2, 1.7667, 2.4],
            "transform": [
                [1.0, 0.0, 0.0, -0.0, -0.0, 0.887744, -0.460337, 0.329779, -0.0, 0.460337, 0.887744, 0.0, 0.0, 0.0, 0.0, 1.0],
                [1.0, 0.0, 0.0, 0.0, -0.0, 0.871138, -0.491038, 0.329779, -0.0, 0.491038, 0.871138, -0.0, 0.0, 0.0, 0.0, 1.0],
                [1.0, 0.0, 0.0, -0.0, -0.0, 0.887744, -0.460337, 0.329779, -0.0, 0.460337, 0.887744, -0.0, 0.0, 0.0, 0.0, 1.0],
                [1.0, 0.0, 0.0, -0.0, -0.0, 0.85347, -0.521141, 0.329779, -0.0, 0.521141, 0.85347, 0.0, 0.0, 0.0, 0.0, 1.0],
                [1.0, 0.0, 0.0, -0.0, -0.0, 0.887744, -0.460337, 0.329779, -0.0, 0.460337, 0.887744, 0.0, 0.0, 0.0, 0.0, 1.0]
            ]
        },
        {
            "name": "Tool_L",
            "time": [0.0, 1.2, 2.4],
            "transform": [
                [1.0, 0.0, 0.0, 0.02, -0.0, -1.0, 0.0, 0.291426, 0.0, -0.0, -1.0, -0.0, 0.0, 0.0, 0.0, 1.0],
                [1.0, 0.0, 0.0, 0.02, -0.0, -1.0, 0.0, 0.291426, 0.0, -0.0, -1.0, -0.0, 0.0, 0.0, 0.0, 1.0],
                [1.0, 0.0, 0.0, 0.02, -0.0, -1.0, 0.0, 0.291426, 0.0, -0.0, -1.0, -0.0, 0.0, 0.0, 0.0, 1.0]
            ]
        },
        {
            "name": "Elbow_L",
            "time": [0.0, 1.2, 2.4],
            "transform": [
                [-1.0, 0.0, -0.0, -0.0, 0.0, 0.236913, -0.971531, 0.329779, -0.0, -0.971531, -0.236913, 0.0, 0.0, 0.0, 0.0, 1.0],
                [-1.0, 0.0, -1e-06, -0.0, 1e-06, 0.236913, -0.971531, 0.329779, 0.0, -0.971531, -0.236913, -0.0, 0.0, 0.0, 0.0, 1.0],
                [-1.0, 0.0, -0.0, -0.0, 0.0, 0.236913, -0.971531, 0.329779, -0.0, -0.971531, -0.236913, 0.0, 0.0, 0.0, 0.0, 1.0]
            ]
        }
    ]
}