{

    "animation": [
        {
            "name": "Root",
            "time": [0.0, 0.1, 0.2, 0.3, 0.4, 0.5, 0.6],
            "transform": [
                [0.940461, 0.022558, -0.339152, -5e-06, -0.326128, 0.341039, -0.881665, 0.000946, 0.095776, 0.939778, 0.328091, 0.733972, 0.0, 0.0, 0.0, 1.0],
                [0.91915, 0.022558, -0.39326, -5e-06, -0.376841, 0.341039, -0.861211, 0.000946, 0.11469, 0.939778, 0.321967, 0.693972, 0.0, 0.0, 0.0, 1.0],
                [0.962059, 0.0, -0.27284, -5e-06, -0.256386, 0.34202, -0.90404, 0.000946, 0.093317, 0.939693, 0.329044, 0.543972, 0.0, 0.0, 0.0, 1.0],
                [0.984039, -0.022558, -0.176517, -5e-06, -0.158397, 0.341039, -0.926608, 0.000946, 0.081101, 0.939778, 0.332023, 0.733972, 0.0, 0.0, 0.0, 1.0],
                [0.978489, -0.022558, -0.205063, -5e-06, -0.18528, 0.341039, -0.921609, 0.000946, 0.090724, 0.939778, 0.329524, 0.693972, 0.0, 0.0, 0.0, 1.0],
                [0.944567, -0.0, -0.328317, -5e-06, -0.308517, 0.34202, -0.887603, 0.000946, 0.112291, 0.939693, 0.323061, 0.543972, 0.0, 0.0, 0.0, 1.0],
                [0.940461, 0.022558, -0.339152, -5e-06, -0.326128, 0.341039, -0.881665, 0.000946, 0.095776, 0.939778, 0.328091, 0.733972, 0.0, 0.0, 0.0, 1.0]
            ]
        },
        {
            "name": "Thigh_R",
            "time": [0.0, 0.1, 0.2, 0.3, 0.4, 0.5, 0.6],
            "transform": [
                [0.98251, 0.082095, -0.167138, 0.124842, 0.0539, -0.984526, -0.166735, -0.008778, -0.17824, 0.15481, -0.971733, -0.001647, 0.0, 0.0, 0.0, 1.0],
                [0.979277, 0.121762, -0.161834, 0.124848, 0.102847, -0.987366, -0.120537, -0.008644, -0.174467, 0.101395, -0.979429, -0.00164, 0.0, 0.0, 0.0, 1.0],
                [0.996626, 0.04612, -0.067889, 0.124834, 0.050849, -0.996274, 0.06965, -0.008922, -0.064424, -0.072867, -0.995259, -0.001663, 0.0, 0.0, 0.0, 1.0],
                [0.999427, 0.02363, 0.024259, 0.124827, -0.017995, -0.236296, 0.971514, -0.009066, 0.028689, -0.971394, -0.235735, -0.001672, 0.0, 0.0, 0.0, 1.0],
                [0.997878, -0.054522, 0.035588, 0.124829, -0.059821, -0.551982, 0.831707, -0.009033, -0.025703, -0.832072, -0.554072, -0.001667, 0.0, 0.0, 0.0, 1.0],
                [0.997489, -0.070653, 0.004756, 0.12484, -0.023989, -0.273953, 0.961443, -0.008813, -0.066626, -0.959144, -0.27496, -0.001655, 0.0, 0.0, 0.0, 1.0],
                [0.98251, 0.082095, -0.167138, 0.124842, 0.0539, -0.984526, -0.166735, -0.008778, -0.17824, 0.15481, -0.971733, -0.001647, 0.0, 0.0, 0.0, 1.0]
            ]
        },
        {
            "name": "Leg_R",
            "time": [0.0, 0.1, 0.2, 0.3, 0.4, 0.5, 0.6],
            "transform": [
                [0.999739, -0.022148, -0.005647, 0.0, 0.022042, 0.86883, 0.49462, 0.37472, -0.006048, -0.494614, 0.869092, -0.0, 0.0, 0.0, 0.0, 1.0],
                [0.999961, 0.000664, -0.00879, -0.0, 0.008723, 0.069772, 0.997525, 0.37472, 0.001275, -0.997563, 0.069764, -0.0, 0.0, 0.0, 0.0, 1.0],
                [0.99896, 0.040627, -0.020696, -0.0, 0.020572, 0.003482, 0.999783, 0.37472, 0.04069, -0.999168, 0.002643, 0.0, 0.0, 0.0, 0.0, 1.0],
                [0.999575, -0.022068, -0.019048, -0.0, 0.028432, 0.593744, 0.804151, 0.37472, -0.006437, -0.80435, 0.59412, -0.0, 0.0, 0.0, 0.0, 1.0],
                [0.999952, -0.007427, -0.006471, -0.0, 0.008722, 0.972839, 0.231314, 0.37472, 0.004577, -0.231359, 0.972858, 0.0, 0.0, 0.0, 0.0, 1.0],
                [0.999882, -0.003445, -0.014965, -0.0, 0.014502, 0.532372, 0.846387, 0.37472, 0.005051, -0.846503, 0.53236, -0.0, 0.0, 0.0, 0.0, 1.0],
                [0.999739, -0.022148, -0.005647, 0.0, 0.022042, 0.86883, 0.49462, 0.37472, -0.006048, -0.494614, 0.869092, -0.0, 0.0, 0.0, 0.0, 1.0]
            ]
        },
        {
            "name": "Knee_R",
            "time": [0.0, 0.1, 0.2, 0.3, 0.4, 0.5, 0.6],
            "transform": [
                [0.999934, -0.011441, -0.001388, 0.0, 0.001585, 0.255841, -0.966718, 0.37472, 0.011415, 0.966651, 0.255843, -0.0, 0.0, 0.0, 0.0, 1.0],
                [0.999989, -0.001395, -0.00453, -0.0, -0.002362, 0.681994, -0.731355, 0.37472, 0.00411, 0.731357, 0.681982, -0.0, 0.0, 0.0, 0.0, 1.0],
                [0.999695, 0.016044, -0.018754, -0.0, -0.024609, 0.705751, -0.708034, 0.37472, 0.001876, 0.708279, 0.70593, 0.0, 0.0, 0.0, 0.0, 1.0],
                [0.999887, -0.0133, -0.006903, -0.0, -0.000171, 0.450502, -0.892775, 0.37472, 0.014983, 0.892676, 0.45045, -0.0, 0.0, 0.0, 0.0, 1.0],
                [0.999988, -0.003902, -0.003024, -0.0, -0.002549, 0.116469, -0.993191, 0.37472, 0.004228, 0.993187, 0.116458, 0.0, 0.0, 0.0, 0.0, 1.0],
                [0.999968, -0.003649, -0.007044, -0.0, -0.004401, 0.483533, -0.875315, 0.37472, 0.0066, 0.875319, 0.483502, -0.0, 0.0, 0.0, 0.0, 1.0],
                [0.999934, -0.011441, -0.001388, 0.0, 0.001585, 0.255841, -0.966718, 0.37472, 0.011415, 0.966651, 0.255843, -0.0, 0.0, 0.0, 0.0, 1.0]
            ]
        },
        {
            "name": "Thigh_L",
            "time": [0.0, 0.1, 0.2, 0.3, 0.4, 0.5, 0.6],
            "transform": [
                [0.968078, -0.24763, -0.03879, -0.124854, 0.018243, -0.084736, 0.996236, 0.003117, -0.249985, -0.965142, -0.077513, 0.001623, 0.0, 0.0, 0.0, 1.0],
                [0.961686, -0.228985, -0.15075, -0.12486, 0.005685, -0.5331, 0.846032, 0.002983, -0.274094, -0.814475, -0.511373, 0.001616, 0.0, 0.0, 0.0, 1.0],
                [0.983752, -0.174163, -0.043572, -0.124847, -0.00568, -0.272772, 0.962061, 0.00326, -0.17944, -0.946183, -0.26933, 0.001639, 0.0, 0.0, 0.0, 1.0],
                [0.999899, -0.011988, 0.007616, -0.124839, -0.011203, -0.995331, -0.095857, 0.003405, 0.00873, 0.095761, -0.995366, 0.001648, 0.0, 0.0, 0.0, 1.0],
                [0.99917, -0.026976, -0.030524, -0.124841, -0.030281, -0.993066, -0.113584, 0.003372, -0.027249, 0.114414, -0.993059, 0.001644, 0.0, 0.0, 0.0, 1.0],
                [0.999762, -0.009221, -0.019769, -0.124852, -0.004285, -0.971622, 0.236501, 0.003152, -0.021389, -0.23636, -0.971431, 0.001632, 0.0, 0.0, 0.0, 1.0],
                [0.968078, -0.24763, -0.03879, -0.124854, 0.018243, -0.084736, 0.996236, 0.003117, -0.249985, -0.965142, -0.077513, 0.001623, 0.0, 0.0, 0.0, 1.0]
            ]
        },
        {
            "name": "Leg_L",
            "time": [0.0, 0.1, 0.2, 0.3, 0.4, 0.5, 0.6],
            "transform": [
                [0.998813, 0.015007, 0.04634, 0.0, -0.043791, -0.139967, 0.989188, 0.37472, 0.021331, -0.990042, -0.139144, 0.0, 0.0, 0.0, 0.0, 1.0],
                [0.999906, 0.012523, 0.005604, 0.0, -0.013596, 0.959206, 0.282378, 0.37472, -0.001839, -0.282427, 0.959288, 0.0, 0.0, 0.0, 0.0, 1.0],
                [0.999819, 0.009565, 0.016453, -0.0, -0.01848, 0.281492, 0.959386, 0.37472, 0.004545, -0.959515, 0.281618, 0.0, 0.0, 0.0, 0.0, 1.0],
                [0.999898, 0.005239, 0.013308, 0.0, -0.013254, 0.689166, 0.724483, 0.37472, -0.005376, -0.724583, 0.689166, -0.0, 0.0, 0.0, 0.0, 1.0],
                [0.999999, -0.001258, 0.000347, -0.0, -0.000258, 0.069764, 0.997563, 0.37472, -0.001279, -0.997563, 0.069764, 0.0, 0.0, 0.0, 0.0, 1.0],
                [0.99956, 0.029642, -0.000776, -0.0, 0.006502, -0.193562, 0.981066, 0.37472, 0.028931, -0.98064, -0.193669, 0.0, 0.0, 0.0, 0.0, 1.0],
                [0.998813, 0.015007, 0.04634, 0.0, -0.043791, -0.139967, 0.989188, 0.37472, 0.021331, -0.990042, -0.139144, 0.0, 0.0, 0.0, 0.0, 1.0]
            ]
        },
        {
            "name": "Knee_L",
            "time": [0.0, 0.1, 0.2, 0.3, 0.4, 0.5, 0.6],
            "transform": [
                [0.999641, 0.018074, 0.019752, 0.0, -0.000685, 0.754769, -0.655989, 0.37472, -0.026765, 0.655741, 0.754512, 0.0, 0.0, 0.0, 0.0, 1.0],
                [0.999976, 0.006463, 0.002351, 0.0, 0.001405, 0.142672, -0.989769, 0.37472, -0.006732, 0.989749, 0.142659, 0.0, 0.0, 0.0, 0.0, 1.0],
                [0.99995, 0.007522, 0.006633, -0.0, 0.000801, 0.599333, -0.800499, 0.37472, -0.009997, 0.800465, 0.599297, 0.0, 0.0, 0.0, 0.0, 1.0],
                [0.999973, 0.003987, 0.006114, 0.0, 0.004047, 0.394212, -0.919011, 0.37472, -0.006075, 0.919011, 0.394185, -0.0, 0.0, 0.0, 0.0, 1.0],
                [1.0, -0.000559, 0.00042, -0.0, 0.000688, 0.681997, -0.731356, 0.37472, 0.000123, 0.731355, 0.681996, 0.0, 0.0, 0.0, 0.0, 1.0],
                [0.999866, 0.014641, -0.007394, -0.0, -0.016005, 0.772398, -0.634938, 0.37472, -0.003585, 0.63497, 0.772528, 0.0, 0.0, 0.0, 0.0, 1.0],
                [0.999641, 0.018074, 0.019752, 0.0, -0.000685, 0.754769, -0.655989, 0.37472, -0.026765, 0.655741, 0.754512, 0.0, 0.0, 0.0, 0.0, 1.0]
            ]
        },
        {
            "name": "Torso",
            "time": [0.0, 0.1, 0.2, 0.3, 0.4, 0.5, 0.6],
            "transform": [
                [0.998849, -0.04407, -0.018911, -0.0, 0.047354, 0.96867, 0.243794, 0.05, 0.007574, -0.244409, 0.969643, -0.0, 0.0, 0.0, 0.0, 1.0],
                [0.996677, -0.071997, -0.038086, 0.0, 0.079515, 0.961393, 0.26344, 0.05, 0.017649, -0.265593, 0.963924, 0.0, 0.0, 0.0, 0.0, 1.0],
                [0.999283, -0.021731, -0.030999, -0.0, 0.028307, 0.97262, 0.23067, 0.05, 0.025138, -0.231382, 0.972538, 0.0, 0.0, 0.0, 0.0, 1.0],
                [0.962011, 0.016231, -0.272527, -0.0, 0.069391, 0.950911, 0.301584, 0.05, 0.264044, -0.309038, 0.913661, -0.0, 0.0, 0.0, 0.0, 1.0],
                [0.981044, 0.058653, -0.184696, 0.0, -0.004823, 0.960192, 0.279301, 0.05, 0.193725, -0.273116, 0.942273, -0.0, 0.0, 0.0, 0.0, 1.0],
                [0.98746, -0.008557, -0.157636, 0.0, 0.05214, 0.960175, 0.274493, 0.05, 0.14901, -0.27927, 0.94858, 0.0, 0.0, 0.0, 0.0, 1.0],
                [0.998849, -0.04407, -0.018911, -0.0, 0.047354, 0.96867, 0.243794, 0.05, 0.007574, -0.244409, 0.969643, -0.0, 0.0, 0.0, 0.0, 1.0]
            ]
        },
        {
            "name": "Chest",
            "time": [0.0, 0.1, 0.2, 0.3, 0.4, 0.5, 0.6],
            "transform": [
                [0.98336, -0.036522, -0.177957, -0.0, 0.050947, 0.995715, 0.077173, 0.3, 0.174376, -0.084955, 0.981007, -0.0, 0.0, 0.0, 0.0, 1.0],
                [0.936614, 0.008324, -0.350265, -0.0, -0.004621, 0.999924, 0.011407, 0.3, 0.350333, -0.009065, 0.936581, 0.0, 0.0, 0.0, 0.0, 1.0],
                [0.721209, 0.020593, -0.692411, 0.0, -0.010253, 0.999766, 0.019054, 0.3, 0.692642, -0.006643, 0.721251, 0.0, 0.0, 0.0, 0.0, 1.0],
                [0.598204, 0.066803, -0.798555, 0.0, -0.021265, 0.997492, 0.067515, 0.3, 0.801062, -0.023407, 0.598124, 0.0, 0.0, 0.0, 0.0, 1.0],
                [0.724345, 0.027782, -0.688877, 0.0, -0.013449, 0.999567, 0.026171, 0.3, 0.689306, -0.009692, 0.724405, 0.0, 0.0, 0.0, 0.0, 1.0],
                [0.937383, 0.012761, -0.348065, 0.0, -0.007983, 0.999853, 0.015158, 0.3, 0.348208, -0.011431, 0.937348, 0.0, 0.0, 0.0, 0.0, 1.0],
                [0.98336, -0.036522, -0.177957, -0.0, 0.050947, 0.995715, 0.077173, 0.3, 0.174376, -0.084955, 0.981007, -0.0, 0.0, 0.0, 0.0, 1.0]
            ]
        },
        {
            "name": "Head",
            "time": [0.0, 0.1, 0.2, 0.3, 0.4, 0.5, 0.6],
            "transform": [
                [0.858916, 0.126559, 0.496233, -0.0, 0.068185, 0.932094, -0.35574, 0.4, -0.507558, 0.339386, 0.791961, -0.0, 0.0, 0.0, 0.0, 1.0],
                [0.727568, 0.169096, 0.66487, 0.0, 0.064237, 0.948098, -0.311424, 0.4, -0.683022, 0.269291, 0.678943, 0.0, 0.0, 0.0, 0.0, 1.0],
                [0.490238, 0.197126, 0.849005, -0.0, 0.068629, 0.962334, -0.263067, 0.400001, -0.868883, 0.187231, 0.458244, -0.0, 0.0, 0.0, 0.0, 1.0],
                [0.220814, 0.296355, 0.929201, 0.0, 0.116037, 0.937969, -0.326726, 0.4, -0.968389, 0.179967, 0.172728, 0.0, 0.0, 0.0, 0.0, 1.0],
                [0.422932, 0.213288, 0.880703, 0.0, 0.120816, 0.949955, -0.288078, 0.400001, -0.898072, 0.22824, 0.375997, 0.0, 0.0, 0.0, 0.0, 1.0],
                [0.673854, 0.161426, 0.721015, -0.0, 0.098426, 0.947532, -0.304129, 0.4, -0.732279, 0.275906, 0.62261, 0.0, 0.0, 0.0, 0.0, 1.0],
                [0.858916, 0.126559, 0.496233, -0.0, 0.068185, 0.932094, -0.35574, 0.4, -0.507558, 0.339386, 0.791961, -0.0, 0.0, 0.0, 0.0, 1.0]
            ]
        },
        {
            "name": "Shoulder_R",
            "time": [0.0, 0.1, 0.2, 0.3, 0.4, 0.5, 0.6],
            "transform": [
                [-1e-06, 0.965965, 0.258674, -0.0, -3e-06, -0.258674, 0.965965, 0.4, 1.0, 0.0, 3e-06, -0.0, 0.0, 0.0, 0.0, 1.0],
                [-1e-06, 0.965965, 0.258674, 0.0, -3e-06, -0.258674, 0.965965, 0.4, 1.0, 0.0, 3e-06, -0.0, 0.0, 0.0, 0.0, 1.0],
                [-1e-06, 0.965965, 0.258674, -0.0, -3e-06, -0.258674, 0.965965, 0.4, 1.0, 0.0, 3e-06, -0.0, 0.0, 0.0, 0.0, 1.0],
                [0.068027, 0.965683, 0.250657, 0.0, -0.01822, -0.249995, 0.968076, 0.4, 0.997517, -0.070422, 0.000588, -0.0, 0.0, 0.0, 0.0, 1.0],
                [0.050852, 0.96515, 0.256709, -0.0, -0.013621, -0.256347, 0.966489, 0.4, 0.998613, -0.052645, 0.00011, -0.0, 0.0, 0.0, 0.0, 1.0],
                [-1e-06, 0.965965, 0.258674, 0.0, -3e-06, -0.258674, 0.965964, 0.4, 1.0, 0.0, 3e-06, -0.0, 0.0, 0.0, 0.0, 1.0],
                [-1e-06, 0.965965, 0.258674, -0.0, -3e-06, -0.258674, 0.965965, 0.4, 1.0, 0.0, 3e-06, -0.0, 0.0, 0.0, 0.0, 1.0]
            ]
        },
        {
            "name": "Arm_R",
            "time": [0.0, 0.1, 0.2, 0.3, 0.4, 0.5, 0.6],
            "transform": [
                [0.458273, 0.147183, -0.87654, 0.0, 0.702355, 0.544398, 0.458616, 0.388213, 0.544687, -0.825814, 0.146108, 0.0, 0.0, 0.0, 0.0, 1.0],
                [0.295986, 0.157362, -0.942141, 0.0, 0.758058, 0.561405, 0.331923, 0.388213, 0.581155, -0.812442, 0.046878, 0.0, 0.0, 0.0, 0.0, 1.0],
                [0.187185, 0.292536, -0.937755, -0.0, 0.756673, 0.565824, 0.32755, 0.388213, 0.626425, -0.770886, -0.115441, 0.0, 0.0, 0.0, 0.0, 1.0],
                [-0.051591, 0.323365, -0.944867, -0.0, 0.767465, 0.61823, 0.169674, 0.388213, 0.639012, -0.716399, -0.280066, 0.0, 0.0, 0.0, 0.0, 1.0],
                [0.12321, 0.142676, -0.982071, 0.0, 0.75253, 0.631691, 0.186184, 0.388213, 0.64693, -0.761977, -0.029537, 0.0, 0.0, 0.0, 0.0, 1.0],
                [0.334172, 0.0531, -0.941015, 0.0, 0.750558, 0.588899, 0.299768, 0.388213, 0.57008, -0.80646, 0.156939, 0.0, 0.0, 0.0, 0.0, 1.0],
                [0.458273, 0.147183, -0.87654, 0.0, 0.702355, 0.544398, 0.458616, 0.388213, 0.544687, -0.825814, 0.146108, 0.0, 0.0, 0.0, 0.0, 1.0]
            ]
        },
        {
            "name": "Hand_R",
            "time": [0.0, 0.1, 0.2, 0.3, 0.4, 0.5, 0.6],
            "transform": [
                [0.984808, 0.0, 0.173648, -0.0, 0.048121, 0.960835, -0.272912, 0.329779, -0.166847, 0.277122, 0.946237, 0.0, 0.0, 0.0, 0.0, 1.0],
                [0.984808, 1e-06, 0.173648, -0.0, 0.066606, 0.923511, -0.377744, 0.329779, -0.160366, 0.383571, 0.909481, 0.0, 0.0, 0.0, 0.0, 1.0],
                [0.984808, -0.021218, 0.172347, 0.0, 0.076667, 0.943662, -0.321908, 0.329779, -0.155807, 0.330231, 0.930952, -0.0, 0.0, 0.0, 0.0, 1.0],
                [0.984808, 1e-06, 0.173648, 0.0, 0.083481, 0.876858, -0.473446, 0.329779, -0.152265, 0.48075, 0.863536, 0.0, 0.0, 0.0, 0.0, 1.0],
                [0.984808, 1e-06, 0.173648, 0.0, 0.044857, 0.966058, -0.254399, 0.329779, -0.167755, 0.258323, 0.951382, 0.0, 0.0, 0.0, 0.0, 1.0],
                [0.984808, 0.0, 0.173649, -0.0, 0.018107, 0.994548, -0.102692, 0.329779, -0.172702, 0.104276, 0.979439, 0.0, 0.0, 0.0, 0.0, 1.0],
                [0.984808, 0.0, 0.173648, -0.0, 0.048121, 0.960835, -0.272912, 0.329779, -0.166847, 0.277122, 0.946237, 0.0, 0.0, 0.0, 0.0, 1.0]
            ]
        },
        {
            "name": "Tool_R",
            "time": [0.0, 0.1, 0.2, 0.3, 0.4, 0.5, 0.6],
            "transform": [
                [1.0, -0.0, 0.0, -0.02, -0.0, -0.835965, -0.548783, 0.291425, 0.0, 0.548783, -0.835965, -0.0, 0.0, 0.0, 0.0, 1.0],
                [1.0, -0.0, 0.0, -0.02, -0.0, -0.819152, -0.573577, 0.291425, 0.0, 0.573577, -0.819152, -0.0, 0.0, 0.0, 0.0, 1.0],
                [1.0, 0.0, 0.0, -0.02, 0.0, -0.906308, -0.422618, 0.291425, 0.0, 0.422618, -0.906308, 0.0, 0.0, 0.0, 0.0, 1.0],
                [1.0, -0.0, 0.0, -0.02, -0.0, -0.866025, -0.5, 0.291425, 0.0, 0.5, -0.866026, -0.0, 0.0, 0.0, 0.0, 1.0],
                [1.0, -0.0, 0.0, -0.02, 0.0, -0.819152, -0.573577, 0.291425, 0.0, 0.573577, -0.819152, 0.0, 0.0, 0.0, 0.0, 1.0],
                [1.0, 0.0, 0.0, -0.02, 0.0, -0.866026, -0.5, 0.291425, 0.0, 0.5, -0.866026, 0.0, 0.0, 0.0, 0.0, 1.0],
                [1.0, -0.0, 0.0, -0.02, -0.0, -0.835965, -0.548783, 0.291425, 0.0, 0.548783, -0.835965, -0.0, 0.0, 0.0, 0.0, 1.0]
            ]
        },
        {
            "name": "Elbow_R",
            "time": [0.0, 0.1, 0.2, 0.3, 0.4, 0.5, 0.6],
            "transform": [
                [-1.0, 0.0, -1e-06, -0.0, 0.0, 0.141969, -0.989871, 0.329779, -0.0, -0.989872, -0.141969, 0.0, 0.0, 0.0, 0.0, 1.0],
                [-1.0, 0.0, -0.0, -0.0, 0.0, 0.198234, -0.980155, 0.329779, 0.0, -0.980155, -0.198234, 0.0, 0.0, 0.0, 0.0, 1.0],
                [-0.999999, -0.0, -0.0, 0.0, 1e-06, 0.169614, -0.98551, 0.329779, 0.0, -0.985511, -0.169614, -0.0, 0.0, 0.0, 0.0, 1.0],
                [-1.0, -0.0, -0.0, 0.0, 0.0, 0.251272, -0.967916, 0.329779, 0.0, -0.967917, -0.251272, 0.0, 0.0, 0.0, 0.0, 1.0],
                [-1.0, -0.0, -1e-06, 0.0, 1e-06, 0.132178, -0.991226, 0.329779, 0.0, -0.991226, -0.132178, 0.0, 0.0, 0.0, 0.0, 1.0],
                [-1.0, -0.0, -1e-06, -0.0, 1e-06, 0.053008, -0.998594, 0.329779, 0.0, -0.998594, -0.053008, 0.0, 0.0, 0.0, 0.0, 1.0],
                [-1.0, 0.0, -1e-06, -0.0, 0.0, 0.141969, -0.989871, 0.329779, -0.0, -0.989872, -0.141969, 0.0, 0.0, 0.0, 0.0, 1.0]
            ]
        },
        {
            "name": "Shoulder_L",
            "time": [0.0, 0.1, 0.2, 0.3, 0.4, 0.5, 0.6],
            "transform": [
                [-0.100329, -0.962889, -0.250556, 0.0, -0.026867, -0.249113, 0.968102, 0.4, -0.994591, 0.103861, -0.000877, -0.0, 0.0, 0.0, 0.0, 1.0],
                [-0.033413, -0.965913, -0.2567, 0.0, -0.008948, -0.256543, 0.966491, 0.4, -0.999402, 0.03459, -7.1e-05, -0.0, 0.0, 0.0, 0.0, 1.0],
                [-0.167738, -0.95129, -0.258674, 0.0, -0.044918, -0.254744, 0.965965, 0.4, -0.984808, 0.173648, -0.0, -0.0, 0.0, 0.0, 0.0, 1.0],
                [-0.25001, -0.93305, -0.258673, 0.0, -0.06695, -0.249859, 0.965965, 0.4, -0.965926, 0.258819, -0.0, 0.0, 0.0, 0.0, 0.0, 1.0],
                [-0.167737, -0.95129, -0.258674, 0.0, -0.044918, -0.254744, 0.965965, 0.4, -0.984808, 0.173648, -0.0, 0.0, 0.0, 0.0, 0.0, 1.0],
                [0.0, -0.965965, -0.258674, 0.0, -0.0, -0.258673, 0.965965, 0.4, -1.0, -0.0, -0.0, -0.0, 0.0, 0.0, 0.0, 1.0],
                [-0.100329, -0.962889, -0.250556, 0.0, -0.026867, -0.249113, 0.968102, 0.4, -0.994591, 0.103861, -0.000877, -0.0, 0.0, 0.0, 0.0, 1.0]
            ]
        },
        {
            "name": "Arm_L",
            "time": [0.0, 0.1, 0.2, 0.3, 0.4, 0.5, 0.6],
            "transform": [
                [-0.482313, 0.145166, 0.863887, -0.0, -0.60902, 0.653283, -0.449795, 0.388212, -0.629658, -0.743067, -0.226678, -0.0, 0.0, 0.0, 0.0, 1.0],
                [-0.414188, -0.114839, 0.902918, -0.0, -0.670487, 0.709372, -0.217345, 0.388212, -0.615545, -0.695416, -0.370812, -0.0, 0.0, 0.0, 0.0, 1.0],
                [-0.320534, 0.117921, 0.939869, -0.0, -0.739183, 0.589332, -0.326032, 0.388212, -0.59234, -0.799239, -0.101736, 0.0, 0.0, 0.0, 0.0, 1.0],
                [-0.072042, 0.300467, 0.951068, 0.0, -0.723708, 0.64041, -0.257142, 0.388212, -0.686336, -0.70682, 0.171313, 0.0, 0.0, 0.0, 0.0, 1.0],
                [-0.174344, 0.371348, 0.911979, 0.0, -0.725642, 0.577607, -0.373917, 0.388212, -0.665619, -0.72696, 0.168763, 0.0, 0.0, 0.0, 0.0, 1.0],
                [-0.271678, 0.185011, 0.944438, 0.0, -0.721786, 0.609936, -0.327113, 0.388212, -0.636566, -0.770551, -0.032168, -0.0, 0.0, 0.0, 0.0, 1.0],
                [-0.482313, 0.145166, 0.863887, -0.0, -0.60902, 0.653283, -0.449795, 0.388212, -0.629658, -0.743067, -0.226678, -0.0, 0.0, 0.0, 0.0, 1.0]
            ]
        },
        {
            "name": "Hand_L",
            "time": [0.0, 0.1, 0.2, 0.3, 0.4, 0.5, 0.6],
            "transform": [
                [1.0, 0.0, -0.0, 0.0, -0.0, 0.651705, -0.758472, 0.329779, -0.0, 0.758472, 0.651705, 0.0, 0.0, 0.0, 0.0, 1.0],
                [0.984808, 0.0, -0.173648, -0.0, -0.12976, 0.664536, -0.735904, 0.329779, 0.115395, 0.747256, 0.65444, 0.0, 0.0, 0.0, 0.0, 1.0],
                [0.96225, -0.084186, -0.258819, -0.0, -0.112681, 0.742402, -0.660411, 0.329779, 0.247745, 0.664644, 0.70489, 0.0, 0.0, 0.0, 0.0, 1.0],
                [0.996195, 0.007597, -0.086824, 0.0, -0.045004, 0.897945, -0.437801, 0.329779, 0.074637, 0.440042, 0.89487, 0.0, 0.0, 0.0, 0.0, 1.0],
                [0.996195, 0.029809, -0.081899, -0.0, -0.071609, 0.815605, -0.57416, 0.329779, 0.049682, 0.57784, 0.814636, 0.0, 0.0, 0.0, 0.0, 1.0],
                [1.0, 1e-06, 0.0, -0.0, -0.0, 0.704235, -0.709967, 0.329779, -1e-06, 0.709967, 0.704235, 0.0, 0.0, 0.0, 0.0, 1.0],
                [1.0, 0.0, -0.0, 0.0, -0.0, 0.651705, -0.758472, 0.329779, -0.0, 0.758472, 0.651705, 0.0, 0.0, 0.0, 0.0, 1.0]
            ]
        },
        {
            "name": "Tool_L",
            "time": [0.0, 0.1, 0.2, 0.3, 0.4, 0.5, 0.6],
            "transform": [
                [-1.0, 0.0, 0.0, 0.02, 0.0, 0.965926, -0.258819, 0.252033, -0.0, -0.258819, -0.965926, 0.006946, 0.0, 0.0, 0.0, 1.0],
                [-1.0, 0.0, 0.0, 0.02, 0.0, 0.984808, -0.173648, 0.252033, -0.0, -0.173648, -0.984808, 0.006946, 0.0, 0.0, 0.0, 1.0],
                [-1.0, 0.0, 0.0, 0.02, 0.0, 0.939693, -0.34202, 0.252033, -0.0, -0.34202, -0.939693, 0.006946, 0.0, 0.0, 0.0, 1.0],
                [-1.000001, 0.0, 0.0, 0.02, 0.0, 0.965926, -0.258819, 0.252033, -1e-06, -0.258819, -0.965926, 0.006946, 0.0, 0.0, 0.0, 1.0],
                [-1.000001, 0.0, 0.0, 0.02, 0.0, 0.906308, -0.422618, 0.252033, -0.0, -0.422618, -0.906308, 0.006946, 0.0, 0.0, 0.0, 1.0],
                [-1.0, 0.0, 0.0, 0.02, 0.0, 0.906308, -0.422618, 0.252033, -0.0, -0.422618, -0.906308, 0.006946, 0.0, 0.0, 0.0, 1.0],
                [-1.0, 0.0, 0.0, 0.02, 0.0, 0.965926, -0.258819, 0.252033, -0.0, -0.258819, -0.965926, 0.006946, 0.0, 0.0, 0.0, 1.0]
            ]
        },
        {
            "name": "Elbow_L",
            "time": [0.0, 0.1, 0.2, 0.3, 0.4, 0.5, 0.6],
            "transform": [
                [-1.0, 0.0, -0.0, 0.0, 0.0, 0.417309, -0.908764, 0.329779, -0.0, -0.908764, -0.417309, 0.0, 0.0, 0.0, 0.0, 1.0],
                [-1.0, 0.0, -0.0, -0.0, 1e-06, 0.413012, -0.910725, 0.329779, -0.0, -0.910725, -0.413012, 0.0, 0.0, 0.0, 0.0, 1.0],
                [-1.0, 0.0, -0.0, -0.0, 1e-06, 0.369071, -0.929401, 0.329779, -0.0, -0.929401, -0.369072, 0.0, 0.0, 0.0, 0.0, 1.0],
                [-1.0, -0.0, -0.0, 0.0, 0.0, 0.226525, -0.974005, 0.329779, 0.0, -0.974005, -0.226525, 0.0, 0.0, 0.0, 0.0, 1.0],
                [-1.0, -0.0, -0.0, -0.0, 0.0, 0.303608, -0.952797, 0.329779, 0.0, -0.952797, -0.303608, 0.0, 0.0, 0.0, 0.0, 1.0],
                [-1.0, 0.0, -0.0, -0.0, 0.0, 0.384555, -0.923102, 0.329779, -0.0, -0.923102, -0.384555, 0.0, 0.0, 0.0, 0.0, 1.0],
                [-1.0, 0.0, -0.0, 0.0, 0.0, 0.417309, -0.908764, 0.329779, -0.0, -0.908764, -0.417309, 0.0, 0.0, 0.0, 0.0, 1.0]
            ]
        }
    ]
}