{"animation": [{"name": "Root", "time": [0.0, 0.1, 0.1333, 0.1667, 0.2667, 0.3667, 0.4, 0.4333, 0.5333], "transform": [[1.0, 0.0, 0.0, -0.006877, 0.0, 0.0, -1.0, 0.001276, 0.0, 1.0, 0.0, 0.617412, 0.0, 0.0, 0.0, 1.0], [1.0, 0.0, 0.0, -0.001853, 0.0, 0.0, -1.0, 0.001276, 0.0, 1.0, 0.0, 0.451716, 0.0, 0.0, 0.0, 1.0], [1.0, 0.0, 0.0, -0.000179, 0.0, 0.0, -1.0, 0.001276, 0.0, 1.0, 0.0, 0.417413, 0.0, 0.0, 0.0, 1.0], [1.0, 0.0, 0.0, 0.001496, 0.0, 0.0, -1.0, 0.001276, 0.0, 1.0, 0.0, 0.484749, 0.0, 0.0, 0.0, 1.0], [1.0, 0.0, 0.0, 0.00652, 0.0, 0.0, -1.0, 0.001276, 0.0, 1.0, 0.0, 0.617412, 0.0, 0.0, 0.0, 1.0], [1.0, 0.0, 0.0, 0.001496, 0.0, 0.0, -1.0, 0.001276, 0.0, 1.0, 0.0, 0.451716, 0.0, 0.0, 0.0, 1.0], [1.0, 0.0, 0.0, -0.000179, 0.0, 0.0, -1.0, 0.001276, 0.0, 1.0, 0.0, 0.417413, 0.0, 0.0, 0.0, 1.0], [1.0, 0.0, 0.0, -0.001853, 0.0, 0.0, -1.0, 0.001276, 0.0, 1.0, 0.0, 0.484749, 0.0, 0.0, 0.0, 1.0], [1.0, 0.0, 0.0, -0.006877, 0.0, 0.0, -1.0, 0.001276, 0.0, 1.0, 0.0, 0.617412, 0.0, 0.0, 0.0, 1.0]]}, {"name": "Thigh_R", "time": [0.0, 0.1, 0.1333, 0.1667, 0.2667, 0.3667, 0.4, 0.4333, 0.5333], "transform": [[0.992952, -0.1165, -0.021787, 0.119037, -0.040581, -0.506904, 0.861046, 0.022547, -0.111356, -0.854092, -0.508059, -0.043541, 0.0, 0.0, 0.0, 1.0], [0.998881, -0.045453, 0.013083, 0.122674, -0.020821, -0.17419, 0.984492, 0.039571, -0.042469, -0.983661, -0.174942, -0.050101, 0.0, 0.0, 0.0, 1.0], [0.999734, -0.005421, 0.022393, 0.124722, -0.022591, -0.421499, 0.906548, 0.026919, 0.004525, -0.906812, -0.42151, -0.046229, 0.0, 0.0, 0.0, 1.0], [0.999489, -0.023337, 0.021846, 0.123806, -0.031016, -0.542494, 0.839487, 0.020723, -0.00774, -0.839734, -0.542942, -0.042826, 0.0, 0.0, 0.0, 1.0], [0.989454, -0.137128, -0.046658, 0.117979, -0.140294, -0.987403, -0.073158, -0.002187, -0.036038, 0.078932, -0.996229, 0.004026, 0.0, 0.0, 0.0, 1.0], [0.979779, -0.160012, -0.120124, 0.116795, -0.19142, -0.574865, -0.795543, 0.01875, 0.058242, 0.80245, -0.59387, 0.041069, 0.0, 0.0, 0.0, 1.0], [0.973628, -0.159382, -0.163237, 0.116819, -0.22533, -0.783801, -0.57869, 0.008122, -0.035713, 0.60021, -0.799044, 0.030703, 0.0, 0.0, 0.0, 1.0], [0.975973, -0.16172, -0.146022, 0.116703, -0.19948, -0.932777, -0.300221, 0.000564, -0.087654, 0.322136, -0.942627, 0.01647, 0.0, 0.0, 0.0, 1.0], [0.992952, -0.1165, -0.021787, 0.119037, -0.040581, -0.506904, 0.861046, 0.022547, -0.111356, -0.854092, -0.508059, -0.043541, 0.0, 0.0, 0.0, 1.0]]}, {"name": "Leg_R", "time": [0.0, 0.1, 0.1333, 0.1667, 0.2667, 0.3667, 0.4, 0.4333, 0.5333], "transform": [[0.990501, -0.129565, -0.046046, -0.0, -0.042684, -0.608044, 0.792757, 0.37472, -0.130711, -0.783259, -0.6078, -0.0, 0.0, 0.0, 0.0, 1.0], [0.999375, -0.019251, -0.029644, -0.0, 0.032902, 0.813085, 0.581215, 0.37472, 0.012914, -0.581829, 0.813208, 0.0, 0.0, 0.0, 0.0, 1.0], [0.99888, 0.010027, -0.046247, 0.0, 0.015019, 0.859596, 0.510754, 0.37472, 0.044875, -0.510878, 0.85848, 0.0, 0.0, 0.0, 0.0, 1.0], [0.999066, 0.010253, -0.041988, -0.0, 0.017174, 0.797298, 0.603342, 0.37472, 0.039663, -0.603501, 0.796374, 0.0, 0.0, 0.0, 0.0, 1.0], [0.998687, 0.037261, -0.035144, -0.0, -0.014548, 0.864234, 0.50288, 0.37472, 0.049111, -0.501709, 0.863641, -0.0, 0.0, 0.0, 0.0, 1.0], [0.999829, -0.017918, -0.004651, -0.0, 0.018459, 0.945871, 0.324022, 0.37472, -0.001406, -0.324052, 0.946038, 0.0, 0.0, 0.0, 0.0, 1.0], [0.962278, -0.271883, 0.010016, -0.0, 0.044471, 0.193503, 0.980091, 0.37472, -0.268408, -0.942676, 0.198295, -0.0, 0.0, 0.0, 0.0, 1.0], [0.972333, -0.233309, 0.011663, -0.0, 0.036084, 0.199336, 0.979266, 0.37472, -0.230796, -0.951753, 0.202239, -0.0, 0.0, 0.0, 0.0, 1.0], [0.990501, -0.129565, -0.046046, -0.0, -0.042684, -0.608044, 0.792757, 0.37472, -0.130711, -0.783259, -0.6078, -0.0, 0.0, 0.0, 0.0, 1.0]]}, {"name": "Knee_R", "time": [0.0, 0.2667, 0.5333], "transform": [[1.0, 0.0, -1e-06, 0.0, -1e-06, 0.0, -1.0, 0.374721, -0.0, 1.0, 0.0, -0.0, 0.0, 0.0, 0.0, 1.0], [1.0, 0.0, -1e-06, 0.0, -1e-06, 0.0, -1.0, 0.374721, -0.0, 1.0, 0.0, -0.0, 0.0, 0.0, 0.0, 1.0], [1.0, 0.0, -1e-06, 0.0, -1e-06, 0.0, -1.0, 0.374721, -0.0, 1.0, 0.0, -0.0, 0.0, 0.0, 0.0, 1.0]]}, {"name": "Thigh_L", "time": [0.0, 0.1, 0.1333, 0.1667, 0.2667, 0.3667, 0.4, 0.4333, 0.5333], "transform": [[0.989454, 0.137123, 0.046656, -0.117989, 0.140289, -0.987403, -0.073159, -0.002217, 0.036036, 0.078932, -0.996228, 0.004018, 0.0, 0.0, 0.0, 1.0], [0.979779, 0.160008, 0.120123, -0.116803, 0.191417, -0.574865, -0.795543, 0.018708, -0.058239, 0.80245, -0.59387, 0.041081, 0.0, 0.0, 0.0, 1.0], [0.973628, 0.159378, 0.163236, -0.116826, 0.225326, -0.783801, -0.57869, 0.008073, 0.035714, 0.60021, -0.799044, 0.030695, 0.0, 0.0, 0.0, 1.0], [0.975974, 0.161716, 0.14602, -0.11671, 0.199476, -0.932777, -0.300222, 0.000521, 0.087654, 0.322136, -0.942626, 0.016451, 0.0, 0.0, 0.0, 1.0], [0.992952, 0.116496, 0.021785, -0.119048, 0.040581, -0.506904, 0.861047, 0.022538, 0.111351, -0.854093, -0.50806, -0.043565, 0.0, 0.0, 0.0, 1.0], [0.998881, 0.045449, -0.013086, -0.122687, 0.020823, -0.174191, 0.984492, 0.039567, 0.042465, -0.983661, -0.174942, -0.05011, 0.0, 0.0, 0.0, 1.0], [0.999734, 0.005416, -0.022396, -0.124734, 0.022592, -0.421499, 0.906547, 0.026913, -0.00453, -0.906811, -0.42151, -0.046228, 0.0, 0.0, 0.0, 1.0], [0.999489, 0.023333, -0.021849, -0.123818, 0.031016, -0.542495, 0.839486, 0.020716, 0.007735, -0.839734, -0.542942, -0.042827, 0.0, 0.0, 0.0, 1.0], [0.989454, 0.137123, 0.046656, -0.117989, 0.140289, -0.987403, -0.073159, -0.002217, 0.036036, 0.078932, -0.996228, 0.004018, 0.0, 0.0, 0.0, 1.0]]}, {"name": "Leg_L", "time": [0.0, 0.1, 0.1333, 0.1667, 0.2667, 0.3667, 0.4, 0.4333, 0.5333], "transform": [[0.998687, -0.037261, 0.03515, -0.0, 0.014545, 0.864235, 0.502879, 0.37472, -0.049115, -0.501709, 0.86364, 0.0, 0.0, 0.0, 0.0, 1.0], [0.999829, 0.01792, 0.004656, 0.0, -0.018462, 0.94587, 0.324021, 0.37472, 0.001402, -0.324052, 0.946038, -0.0, 0.0, 0.0, 0.0, 1.0], [0.962279, 0.271879, -0.01001, 0.0, -0.044476, 0.193502, 0.980091, 0.37472, 0.268403, -0.942677, 0.198295, 0.0, 0.0, 0.0, 0.0, 1.0], [0.972333, 0.233306, -0.011657, 0.0, -0.03609, 0.199335, 0.979266, 0.37472, 0.230792, -0.951754, 0.20224, 0.0, 0.0, 0.0, 0.0, 1.0], [0.990502, 0.12956, 0.046053, 0.0, 0.042675, -0.608045, 0.792757, 0.37472, 0.130712, -0.783261, -0.607799, 0.0, 0.0, 0.0, 0.0, 1.0], [0.999375, 0.019251, 0.029649, -0.0, -0.032906, 0.813085, 0.581215, 0.37472, -0.012919, -0.581829, 0.813208, -0.0, 0.0, 0.0, 0.0, 1.0], [0.998879, -0.010026, 0.046252, -0.0, -0.015022, 0.859596, 0.510754, 0.37472, -0.044879, -0.510877, 0.858481, -0.0, 0.0, 0.0, 0.0, 1.0], [0.999065, -0.010253, 0.041994, -0.0, -0.017178, 0.797299, 0.603341, 0.37472, -0.039668, -0.603501, 0.796375, -0.0, 0.0, 0.0, 0.0, 1.0], [0.998687, -0.037261, 0.03515, -0.0, 0.014545, 0.864235, 0.502879, 0.37472, -0.049115, -0.501709, 0.86364, 0.0, 0.0, 0.0, 0.0, 1.0]]}, {"name": "Knee_L", "time": [0.0, 0.2667, 0.5333], "transform": [[1.0, 0.0, -1e-06, 0.0, -1e-06, 0.0, -1.0, 0.37472, -0.0, 1.0, 0.0, 0.0, 0.0, 0.0, 0.0, 1.0], [1.0, 0.0, -1e-06, 0.0, -1e-06, 0.0, -1.0, 0.37472, -0.0, 1.0, 0.0, 0.0, 0.0, 0.0, 0.0, 1.0], [1.0, 0.0, -1e-06, 0.0, -1e-06, 0.0, -1.0, 0.37472, -0.0, 1.0, 0.0, 0.0, 0.0, 0.0, 0.0, 1.0]]}, {"name": "Torso", "time": [0.0, 0.2667, 0.5333], "transform": [[1.0, 0.0, 0.0, 0.0, 0.0, 0.857883, 0.513845, 0.05, 0.0, -0.513845, 0.857883, 0.0, 0.0, 0.0, 0.0, 1.0], [1.0, 0.0, 0.0, 0.0, 0.0, 0.857883, 0.513845, 0.05, 0.0, -0.513845, 0.857883, 0.0, 0.0, 0.0, 0.0, 1.0], [1.0, 0.0, 0.0, 0.0, 0.0, 0.857883, 0.513845, 0.05, 0.0, -0.513845, 0.857883, 0.0, 0.0, 0.0, 0.0, 1.0]]}, {"name": "Chest", "time": [0.0, 0.1333, 0.2667, 0.4, 0.5333], "transform": [[1.0, 1e-06, -1e-06, 0.0, -1e-06, 0.925604, 0.378494, 0.3, 1e-06, -0.378494, 0.925604, -0.0, 0.0, 0.0, 0.0, 1.0], [0.980541, 0.157114, -0.117704, 0.0, -0.100875, 0.917601, 0.384489, 0.3, 0.168414, -0.365134, 0.915595, 0.0, 0.0, 0.0, 0.0, 1.0], [1.0, 1e-06, -1e-06, 0.0, -1e-06, 0.925604, 0.378494, 0.3, 1e-06, -0.378494, 0.925604, -0.0, 0.0, 0.0, 0.0, 1.0], [0.982614, -0.148588, 0.111318, 0.0, 0.095401, 0.918454, 0.383851, 0.3, -0.159276, -0.366557, 0.916661, 0.0, 0.0, 0.0, 0.0, 1.0], [1.0, 1e-06, -1e-06, 0.0, -1e-06, 0.925604, 0.378494, 0.3, 1e-06, -0.378494, 0.925604, -0.0, 0.0, 0.0, 0.0, 1.0]]}, {"name": "Head", "time": [0.0, 0.1333, 0.2667, 0.4, 0.5333], "transform": [[1.0, -0.0, 1e-06, -0.0, 1e-06, 0.844992, -0.534779, 0.4, -1e-06, 0.534779, 0.844992, 0.0, 0.0, 0.0, 0.0, 1.0], [0.975723, -0.077885, 0.204691, -0.0, 0.175276, 0.838082, -0.51662, 0.4, -0.131311, 0.539956, 0.831388, 0.0, 0.0, 0.0, 0.0, 1.0], [1.0, -0.0, 1e-06, -0.0, 1e-06, 0.844992, -0.534779, 0.4, -1e-06, 0.534779, 0.844992, 0.0, 0.0, 0.0, 0.0, 1.0], [0.979558, 0.071539, -0.188013, -0.0, -0.160995, 0.839174, -0.519489, 0.4, 0.120612, 0.539138, 0.833536, 0.0, 0.0, 0.0, 0.0, 1.0], [1.0, -0.0, 1e-06, -0.0, 1e-06, 0.844992, -0.534779, 0.4, -1e-06, 0.534779, 0.844992, 0.0, 0.0, 0.0, 0.0, 1.0]]}, {"name": "Shoulder_R", "time": [0.0, 0.2667, 0.5333], "transform": [[0.094309, 0.87878, 0.467817, 0.0, 0.092036, -0.475596, 0.874836, 0.4, 0.991279, -0.039449, -0.125733, 0.0, 0.0, 0.0, 0.0, 1.0], [0.094309, 0.87878, 0.467817, 0.0, 0.092036, -0.475596, 0.874836, 0.4, 0.991279, -0.039449, -0.125733, 0.0, 0.0, 0.0, 0.0, 1.0], [0.094309, 0.87878, 0.467817, 0.0, 0.092036, -0.475596, 0.874836, 0.4, 0.991279, -0.039449, -0.125733, 0.0, 0.0, 0.0, 0.0, 1.0]]}, {"name": "Arm_R", "time": [0.0, 0.1333, 0.2667, 0.4, 0.5333], "transform": [[0.724408, 0.175427, -0.666677, 0.0, 0.332468, 0.758276, 0.560788, 0.39386, 0.603902, -0.627889, 0.490978, 0.0, 0.0, 0.0, 0.0, 1.0], [0.700735, 0.450098, -0.553518, 0.0, 0.078703, 0.722358, 0.687028, 0.39386, 0.709067, -0.524989, 0.470757, 0.0, 0.0, 0.0, 0.0, 1.0], [0.724408, 0.175427, -0.666677, 0.0, 0.332468, 0.758276, 0.560788, 0.39386, 0.603902, -0.627889, 0.490978, 0.0, 0.0, 0.0, 0.0, 1.0], [0.808102, 0.456374, -0.372417, 0.0, 0.13076, 0.477482, 0.868858, 0.39386, 0.574346, -0.750823, 0.326179, 0.0, 0.0, 0.0, 0.0, 1.0], [0.724408, 0.175427, -0.666677, 0.0, 0.332468, 0.758276, 0.560788, 0.39386, 0.603902, -0.627889, 0.490978, 0.0, 0.0, 0.0, 0.0, 1.0]]}, {"name": "Hand_R", "time": [0.0, 0.1333, 0.2667, 0.4, 0.5333], "transform": [[1.000001, 0.0, -0.0, -0.0, -0.0, 0.85422, -0.519914, 0.3, 0.0, 0.519913, 0.854221, 0.0, 0.0, 0.0, 0.0, 1.0], [1.0, -0.0, -1e-06, 0.0, -0.0, 0.621269, -0.783599, 0.300001, 0.0, 0.783598, 0.62127, -0.0, 0.0, 0.0, 0.0, 1.0], [1.000001, 0.0, -0.0, 0.0, -0.0, 0.85422, -0.519914, 0.300001, 0.0, 0.519913, 0.854221, 0.0, 0.0, 0.0, 0.0, 1.0], [1.0, 0.0, -1e-06, -0.0, -0.0, 0.70492, -0.709288, 0.300001, 0.0, 0.709288, 0.704921, -0.0, 0.0, 0.0, 0.0, 1.0], [1.000001, 0.0, -0.0, -0.0, -0.0, 0.85422, -0.519914, 0.3, 0.0, 0.519913, 0.854221, 0.0, 0.0, 0.0, 0.0, 1.0]]}, {"name": "Tool_R", "time": [0.0, 0.2667, 0.5333], "transform": [[1.0, -0.0, 0.0, -0.0, -0.0, -0.997079, -0.073196, 0.23063, 0.0, 0.073149, -0.994734, 0.056458, 0.0, 0.0, 0.0, 1.0], [1.0, -0.0, 0.0, -0.0, -0.0, -0.997079, -0.073196, 0.23063, 0.0, 0.073149, -0.994734, 0.056458, 0.0, 0.0, 0.0, 1.0], [1.0, -0.0, 0.0, -0.0, -0.0, -0.997079, -0.073196, 0.23063, 0.0, 0.073149, -0.994734, 0.056458, 0.0, 0.0, 0.0, 1.0]]}, {"name": "Elbow_R", "time": [0.0, 0.2667, 0.5333], "transform": [[-0.999999, 0.0, -0.0, -2.6e-05, 0.0, 0.0, -1.0, 0.299999, -0.0, -0.999995, -0.0, -1.8e-05, 0.0, 0.0, 0.0, 1.0], [-0.999999, 0.0, -0.0, -2.6e-05, 0.0, 0.0, -1.0, 0.299999, -0.0, -0.999995, -0.0, -1.8e-05, 0.0, 0.0, 0.0, 1.0], [-0.999999, 0.0, -0.0, -2.6e-05, 0.0, 0.0, -1.0, 0.299999, -0.0, -0.999995, -0.0, -1.8e-05, 0.0, 0.0, 0.0, 1.0]]}, {"name": "Shoulder_L", "time": [0.0, 0.2667, 0.5333], "transform": [[-0.13142, -0.881315, -0.453888, 0.0, 0.363204, -0.468828, 0.805161, 0.399999, -0.922394, -0.05904, 0.381711, -0.0, 0.0, 0.0, 0.0, 1.0], [-0.13142, -0.881315, -0.453888, -0.0, 0.363204, -0.468828, 0.805161, 0.399999, -0.922394, -0.05904, 0.381711, -0.0, 0.0, 0.0, 0.0, 1.0], [-0.13142, -0.881315, -0.453888, 0.0, 0.363204, -0.468828, 0.805161, 0.399999, -0.922394, -0.05904, 0.381711, -0.0, 0.0, 0.0, 0.0, 1.0]]}, {"name": "Arm_L", "time": [0.0, 0.1333, 0.2667, 0.4, 0.5333], "transform": [[-0.030516, 0.494656, 0.868553, 0.0, -0.670998, 0.633912, -0.384599, 0.39386, -0.74083, -0.594534, 0.312569, 0.0, 0.0, 0.0, 0.0, 1.0], [-0.030515, 0.856132, 0.515856, 0.0, -0.670997, 0.364972, -0.645413, 0.39386, -0.740831, -0.365832, 0.563325, 0.0, 0.0, 0.0, 0.0, 1.0], [-0.030516, 0.494656, 0.868553, 0.0, -0.670998, 0.633912, -0.384599, 0.39386, -0.74083, -0.594534, 0.312569, 0.0, 0.0, 0.0, 0.0, 1.0], [-0.030516, -0.618652, 0.785073, 0.0, -0.670997, 0.594827, 0.442654, 0.39386, -0.74083, -0.513274, -0.433266, -0.0, 0.0, 0.0, 0.0, 1.0], [-0.030516, 0.494656, 0.868553, 0.0, -0.670998, 0.633912, -0.384599, 0.39386, -0.74083, -0.594534, 0.312569, 0.0, 0.0, 0.0, 0.0, 1.0]]}, {"name": "Hand_L", "time": [0.0, 0.1333, 0.2667, 0.4, 0.5333], "transform": [[1.0, -0.0, 0.0, 0.0, 0.0, 0.96577, -0.259404, 0.3, 0.0, 0.259404, 0.96577, -0.0, 0.0, 0.0, 0.0, 1.0], [1.0, 1e-06, 1e-06, -0.0, -1e-06, 0.998435, 0.055943, 0.3, -1e-06, -0.055943, 0.998435, -0.0, 0.0, 0.0, 0.0, 1.0], [1.0, -0.0, 0.0, -0.0, 0.0, 0.96577, -0.259404, 0.3, 0.0, 0.259404, 0.96577, -0.0, 0.0, 0.0, 0.0, 1.0], [1.0, -1e-06, 1e-06, -0.0, 1e-06, 0.070628, -0.997504, 0.3, 1e-06, 0.997504, 0.070628, 0.0, 0.0, 0.0, 0.0, 1.0], [1.0, -0.0, 0.0, 0.0, 0.0, 0.96577, -0.259404, 0.3, 0.0, 0.259404, 0.96577, -0.0, 0.0, 0.0, 0.0, 1.0]]}, {"name": "Tool_L", "time": [0.0, 0.2667, 0.5333], "transform": [[1.0, -0.0, 0.0, -0.0, 0.0, -0.999836, 0.018122, 0.389059, 0.0, -0.018122, -0.999228, 0.002107, 0.0, 0.0, 0.0, 1.0], [1.0, -0.0, 0.0, -0.0, 0.0, -0.999836, 0.018122, 0.389059, 0.0, -0.018122, -0.999228, 0.002107, 0.0, 0.0, 0.0, 1.0], [1.0, -0.0, 0.0, -0.0, 0.0, -0.999836, 0.018122, 0.389059, 0.0, -0.018122, -0.999228, 0.002107, 0.0, 0.0, 0.0, 1.0]]}, {"name": "Elbow_L", "time": [0.0, 0.2667, 0.5333], "transform": [[-1.000001, 0.0, 1e-06, -0.0, -1e-06, 0.0, -1.0, 0.3, -0.0, -1.0, -0.0, -0.0, 0.0, 0.0, 0.0, 1.0], [-1.000001, 0.0, 1e-06, -0.0, -1e-06, 0.0, -1.0, 0.3, -0.0, -1.0, -0.0, -0.0, 0.0, 0.0, 0.0, 1.0], [-1.000001, 0.0, 1e-06, -0.0, -1e-06, 0.0, -1.0, 0.3, -0.0, -1.0, -0.0, -0.0, 0.0, 0.0, 0.0, 1.0]]}]}