{

    "animation": [
        {
            "name": "Root",
            "time": [0.0, 1.2, 2.4],
            "transform": [
                [0.736703, 0.024872, -0.675759, -5e-06, -0.675017, -0.032443, -0.737089, 0.000946, -0.040257, 0.999164, -0.007112, 0.631245, 0.0, 0.0, 0.0, 1.0],
                [0.736703, 0.024872, -0.675759, -5e-06, -0.675017, -0.032443, -0.737089, 0.000946, -0.040257, 0.999164, -0.007112, 0.661932, 0.0, 0.0, 0.0, 1.0],
                [0.736703, 0.024872, -0.675759, -5e-06, -0.675017, -0.032443, -0.737089, 0.000946, -0.040257, 0.999164, -0.007112, 0.631245, 0.0, 0.0, 0.0, 1.0]
            ]
        },
        {
            "name": "Thigh_R",
            "time": [0.0, 1.2, 2.4],
            "transform": [
                [0.896471, 0.438677, -0.061871, 0.124921, 0.436297, -0.84997, 0.295199, 0.00048, 0.076892, -0.291644, -0.953383, -6.5e-05, 0.0, 0.0, 0.0, 1.0],
                [0.900087, 0.434875, -0.025751, 0.126818, 0.430073, -0.877648, 0.211487, -0.010883, 0.069367, -0.201443, -0.976998, 0.001585, 0.0, 0.0, 0.0, 1.0],
                [0.896471, 0.438677, -0.061871, 0.124921, 0.436297, -0.84997, 0.295199, 0.00048, 0.076892, -0.291644, -0.953383, -6.5e-05, 0.0, 0.0, 0.0, 1.0]
            ]
        },
        {
            "name": "Leg_R",
            "time": [0.0, 1.2, 2.4],
            "transform": [
                [0.999837, -0.007046, -0.016521, 0.0, 0.016774, 0.695081, 0.718737, 0.37472, 0.006419, -0.718882, 0.695102, 0.0, 0.0, 0.0, 0.0, 1.0],
                [0.999857, -0.002649, -0.01653, -0.0, 0.011293, 0.835646, 0.549163, 0.37472, 0.012359, -0.549289, 0.835534, 0.0, 0.0, 0.0, 0.0, 1.0],
                [0.999837, -0.007046, -0.016521, 0.0, 0.016774, 0.695081, 0.718737, 0.37472, 0.006419, -0.718882, 0.695102, 0.0, 0.0, 0.0, 0.0, 1.0]
            ]
        },
        {
            "name": "Knee_R",
            "time": [0.0, 1.2, 2.4],
            "transform": [
                [0.999958, -0.005201, -0.00755, 0.0, -0.00492, 0.390424, -0.920619, 0.37472, 0.007734, 0.920623, 0.390383, 0.0, 0.0, 0.0, 0.0, 1.0],
                [0.999964, -0.002533, -0.008077, -0.0, -0.007012, 0.286668, -0.958002, 0.37472, 0.004742, 0.958028, 0.286641, 0.0, 0.0, 0.0, 0.0, 1.0],
                [0.999958, -0.005201, -0.00755, 0.0, -0.00492, 0.390424, -0.920619, 0.37472, 0.007734, 0.920623, 0.390383, 0.0, 0.0, 0.0, 0.0, 1.0]
            ]
        },
        {
            "name": "Thigh_L",
            "time": [0.0, 1.2, 2.4],
            "transform": [
                [0.958608, -0.252709, 0.131167, -0.124933, -0.284287, -0.824081, 0.48997, -0.006141, -0.015727, -0.506979, -0.861815, 4.2e-05, 0.0, 0.0, 0.0, 1.0],
                [0.961541, -0.238763, 0.135753, -0.123035, -0.273984, -0.868414, 0.413266, -0.017504, 0.019218, -0.434566, -0.900434, 0.001692, 0.0, 0.0, 0.0, 1.0],
                [0.958608, -0.252709, 0.131167, -0.124933, -0.284287, -0.824081, 0.48997, -0.006141, -0.015727, -0.506979, -0.861815, 4.2e-05, 0.0, 0.0, 0.0, 1.0]
            ]
        },
        {
            "name": "Leg_L",
            "time": [0.0, 1.2, 2.4],
            "transform": [
                [0.998512, -0.014122, 0.052671, -0.0, -0.028401, 0.689872, 0.723375, 0.37472, -0.046552, -0.723793, 0.688445, -0.0, 0.0, 0.0, 0.0, 1.0],
                [0.998384, -0.002206, 0.056769, -0.0, -0.032068, 0.802957, 0.595174, 0.37472, -0.046896, -0.596033, 0.801589, 0.0, 0.0, 0.0, 0.0, 1.0],
                [0.998512, -0.014122, 0.052671, -0.0, -0.028401, 0.689872, 0.723375, 0.37472, -0.046552, -0.723793, 0.688445, -0.0, 0.0, 0.0, 0.0, 1.0]
            ]
        },
        {
            "name": "Knee_L",
            "time": [0.0, 1.2, 2.4],
            "transform": [
                [0.999612, -0.001654, 0.027793, -0.0, 0.026198, 0.393818, -0.918815, 0.37472, -0.009426, 0.919187, 0.393709, -0.0, 0.0, 0.0, 0.0, 1.0],
                [0.999586, 0.00347, 0.028571, -0.0, 0.026039, 0.313894, -0.949101, 0.37472, -0.012262, 0.949451, 0.313674, 0.0, 0.0, 0.0, 0.0, 1.0],
                [0.999612, -0.001654, 0.027793, -0.0, 0.026198, 0.393818, -0.918815, 0.37472, -0.009426, 0.919187, 0.393709, -0.0, 0.0, 0.0, 0.0, 1.0]
            ]
        },
        {
            "name": "Torso",
            "time": [0.0, 1.2, 2.4],
            "transform": [
                [0.995064, -0.075893, -0.063945, 0.0, 0.078249, 0.996313, 0.035191, 0.05, 0.061038, -0.040021, 0.997333, 0.0, 0.0, 0.0, 0.0, 1.0],
                [0.99594, -0.064133, -0.063167, 0.0, 0.065703, 0.997572, 0.023099, 0.05, 0.061532, -0.027155, 0.997736, 0.0, 0.0, 0.0, 0.0, 1.0],
                [0.995064, -0.075893, -0.063945, 0.0, 0.078249, 0.996313, 0.035191, 0.05, 0.061038, -0.040021, 0.997333, 0.0, 0.0, 0.0, 0.0, 1.0]
            ]
        },
        {
            "name": "Chest",
            "time": [0.0, 1.2, 2.4],
            "transform": [
                [0.944642, -0.054434, -0.323556, 0.0, 0.096123, 0.988787, 0.114284, 0.3, 0.313707, -0.139059, 0.939282, 0.0, 0.0, 0.0, 0.0, 1.0],
                [0.943569, -0.064938, -0.324747, -0.0, 0.109359, 0.986678, 0.120448, 0.3, 0.312599, -0.149165, 0.9381, -0.0, 0.0, 0.0, 0.0, 1.0],
                [0.944642, -0.054434, -0.323556, 0.0, 0.096123, 0.988787, 0.114284, 0.3, 0.313707, -0.139059, 0.939282, 0.0, 0.0, 0.0, 0.0, 1.0]
            ]
        },
        {
            "name": "Head",
            "time": [0.0, 1.2, 2.4],
            "transform": [
                [0.470471, 0.017664, 0.882239, 0.0, 0.046428, 0.997919, -0.044739, 0.400001, -0.881193, 0.062008, 0.468672, 0.0, 0.0, 0.0, 0.0, 1.0],
                [0.470887, 0.01338, 0.882092, 0.0, 0.048079, 0.998009, -0.040805, 0.4, -0.880882, 0.061625, 0.469306, -0.0, 0.0, 0.0, 0.0, 1.0],
                [0.470471, 0.017664, 0.882239, 0.0, 0.046428, 0.997919, -0.044739, 0.400001, -0.881193, 0.062008, 0.468672, 0.0, 0.0, 0.0, 0.0, 1.0]
            ]
        },
        {
            "name": "Shoulder_R",
            "time": [0.0, 0.6, 1.2, 1.8, 2.4],
            "transform": [
                [-0.043071, 0.930857, 0.362836, 0.0, 0.011531, -0.362685, 0.93184, 0.400001, 0.999005, 0.044319, 0.004888, 0.0, 0.0, 0.0, 0.0, 1.0],
                [-0.040654, 0.918685, 0.392892, 0.0, 0.010884, -0.392786, 0.919565, 0.4, 0.999114, 0.041661, 0.00597, -0.0, 0.0, 0.0, 0.0, 1.0],
                [-0.043071, 0.930857, 0.362836, 0.0, 0.011531, -0.362685, 0.93184, 0.400001, 0.999005, 0.044319, 0.004888, 0.0, 0.0, 0.0, 0.0, 1.0],
                [-0.04494, 0.941332, 0.334475, 0.0, 0.012032, -0.334278, 0.942398, 0.4, 0.998917, 0.046376, 0.003697, -0.0, 0.0, 0.0, 0.0, 1.0],
                [-0.043071, 0.930857, 0.362836, 0.0, 0.011531, -0.362685, 0.93184, 0.400001, 0.999005, 0.044319, 0.004888, 0.0, 0.0, 0.0, 0.0, 1.0]
            ]
        },
        {
            "name": "Arm_R",
            "time": [0.0, 0.6, 1.2, 1.8, 2.4],
            "transform": [
                [-0.27293, -0.043213, -0.961063, -0.0, 0.639129, 0.738521, -0.214711, 0.388213, 0.719043, -0.672845, -0.173946, 0.0, 0.0, 0.0, 0.0, 1.0],
                [-0.273703, -0.034264, -0.961203, 0.0, 0.594328, 0.779714, -0.197029, 0.388213, 0.756215, -0.625197, -0.193046, -0.0, 0.0, 0.0, 0.0, 1.0],
                [-0.277585, -0.028265, -0.960285, -0.0, 0.614872, 0.762795, -0.20019, 0.388213, 0.738159, -0.646021, -0.194361, 0.0, 0.0, 0.0, 0.0, 1.0],
                [-0.276722, -0.037297, -0.960226, 0.0, 0.657738, 0.721143, -0.21756, 0.388213, 0.700575, -0.691781, -0.175024, -0.0, 0.0, 0.0, 0.0, 1.0],
                [-0.27293, -0.043213, -0.961063, -0.0, 0.639129, 0.738521, -0.214711, 0.388213, 0.719043, -0.672845, -0.173946, 0.0, 0.0, 0.0, 0.0, 1.0]
            ]
        },
        {
            "name": "Hand_R",
            "time": [0.0, 1.2, 2.4],
            "transform": [
                [1.0, -0.00055, 0.000145, 0.0, 0.000547, 0.860824, -0.508902, 0.329779, 0.000155, 0.508902, 0.860824, 0.0, 0.0, 0.0, 0.0, 1.0],
                [1.0, -0.000539, 0.000181, -0.0, 0.000547, 0.824963, -0.565187, 0.329779, 0.000155, 0.565187, 0.824963, 0.0, 0.0, 0.0, 0.0, 1.0],
                [1.0, -0.00055, 0.000145, 0.0, 0.000547, 0.860824, -0.508902, 0.329779, 0.000155, 0.508902, 0.860824, 0.0, 0.0, 0.0, 0.0, 1.0]
            ]
        },
        {
            "name": "Tool_R",
            "time": [0.0, 1.2, 2.4],
            "transform": [
                [0.962502, 0.245029, -0.116405, -0.02, 0.116405, -0.76065, -0.638641, 0.230055, -0.245028, 0.601143, -0.76065, 0.028945, 0.0, 0.0, 0.0, 1.0],
                [0.962503, 0.245029, -0.116405, -0.02, 0.116405, -0.76065, -0.638641, 0.230055, -0.245028, 0.601143, -0.76065, 0.028945, 0.0, 0.0, 0.0, 1.0],
                [1.0, -0.0, 0.0, -0.02, 0.0, -0.775183, -0.631737, 0.230055, 0.0, 0.631737, -0.775183, 0.028945, 0.0, 0.0, 0.0, 1.0]
            ]
        },
        {
            "name": "Elbow_R",
            "time": [0.0, 1.2, 2.4],
            "transform": [
                [-1.0, 0.0, -1e-06, 0.0, 0.0, 0.263795, -0.964578, 0.329779, -0.0, -0.964579, -0.263795, 0.0, 0.0, 0.0, 0.0, 1.0],
                [-1.0, 0.0, -0.0, -0.0, 1e-06, 0.295835, -0.955239, 0.329779, 0.0, -0.955239, -0.295835, 0.0, 0.0, 0.0, 0.0, 1.0],
                [-1.0, 0.0, -1e-06, 0.0, 0.0, 0.263795, -0.964578, 0.329779, -0.0, -0.964579, -0.263795, 0.0, 0.0, 0.0, 0.0, 1.0]
            ]
        },
        {
            "name": "Shoulder_L",
            "time": [0.0, 0.6, 1.2, 1.8, 2.4],
            "transform": [
                [0.037427, -0.956237, -0.290189, 0.0, 0.010022, -0.290018, 0.956969, 0.400001, -0.999249, -0.038725, -0.001271, 0.0, 0.0, 0.0, 0.0, 1.0],
                [0.051554, -0.945895, -0.320352, 0.0, 0.013805, -0.320073, 0.947292, 0.400001, -0.998575, -0.053259, -0.003443, 0.0, 0.0, 0.0, 0.0, 1.0],
                [0.037647, -0.956164, -0.2904, 0.0, 0.010081, -0.290228, 0.956904, 0.4, -0.99924, -0.038952, -0.001287, -0.0, 0.0, 0.0, 0.0, 1.0],
                [0.031461, -0.963664, -0.265257, 0.0, 0.008425, -0.265123, 0.964178, 0.400001, -0.99947, -0.032569, -0.000223, 0.0, 0.0, 0.0, 0.0, 1.0],
                [0.037427, -0.956237, -0.290189, 0.0, 0.010022, -0.290018, 0.956969, 0.400001, -0.999249, -0.038725, -0.001271, 0.0, 0.0, 0.0, 0.0, 1.0]
            ]
        },
        {
            "name": "Arm_L",
            "time": [0.0, 0.6, 1.2, 1.8, 2.4],
            "transform": [
                [-0.031198, 0.322581, 0.946028, -0.0, -0.688736, 0.678976, -0.254233, 0.388212, -0.724341, -0.659495, 0.200991, 0.0, 0.0, 0.0, 0.0, 1.0],
                [-0.016631, 0.305931, 0.951909, -0.0, -0.65643, 0.714792, -0.241193, 0.388212, -0.754205, -0.628872, 0.188934, 0.0, 0.0, 0.0, 0.0, 1.0],
                [-0.031198, 0.322581, 0.946028, -0.0, -0.688736, 0.678976, -0.254233, 0.388212, -0.724341, -0.659495, 0.200991, 0.0, 0.0, 0.0, 0.0, 1.0],
                [-0.042786, 0.335362, 0.941118, -0.0, -0.712154, 0.65043, -0.264154, 0.388212, -0.700718, -0.681524, 0.211, -0.0, 0.0, 0.0, 0.0, 1.0],
                [-0.031198, 0.322581, 0.946028, -0.0, -0.688736, 0.678976, -0.254233, 0.388212, -0.724341, -0.659495, 0.200991, 0.0, 0.0, 0.0, 0.0, 1.0]
            ]
        },
        {
            "name": "Hand_L",
            "time": [0.0, 1.2, 1.8, 2.4],
            "transform": [
                [0.904325, 0.330237, -0.270448, -0.0, -0.35969, 0.248417, -0.899396, 0.329779, -0.22983, 0.910623, 0.343432, 0.0, 0.0, 0.0, 0.0, 1.0],
                [0.90433, 0.330299, -0.270355, -0.0, -0.359672, 0.248623, -0.899346, 0.329779, -0.229836, 0.910544, 0.343636, -0.0, 0.0, 0.0, 0.0, 1.0],
                [0.904327, 0.330268, -0.270401, -0.0, -0.359681, 0.24852, -0.899371, 0.329779, -0.229833, 0.910584, 0.343534, 0.0, 0.0, 0.0, 0.0, 1.0],
                [0.904325, 0.330237, -0.270448, -0.0, -0.35969, 0.248417, -0.899396, 0.329779, -0.22983, 0.910623, 0.343432, 0.0, 0.0, 0.0, 0.0, 1.0]
            ]
        },
        {
            "name": "Tool_L",
            "time": [0.0, 1.2, 2.4],
            "transform": [
                [1.0, 0.0, 0.0, 0.02, -0.0, -0.987683, 0.15647, 0.291426, 0.0, -0.15647, -0.987683, -0.0, 0.0, 0.0, 0.0, 1.0],
                [1.0, 0.0, 0.0, 0.02, -0.0, -0.987682, 0.15647, 0.291426, 0.0, -0.15647, -0.987683, -0.0, 0.0, 0.0, 0.0, 1.0],
                [1.0, 0.0, 0.0, 0.02, -0.0, -0.987683, 0.15647, 0.291426, 0.0, -0.15647, -0.987683, -0.0, 0.0, 0.0, 0.0, 1.0]
            ]
        },
        {
            "name": "Elbow_L",
            "time": [0.0, 1.2, 2.4],
            "transform": [
                [-1.0, 0.0, -0.0, -0.0, 0.0, 0.568824, -0.822459, 0.329779, -0.0, -0.822459, -0.568824, 0.0, 0.0, 0.0, 0.0, 1.0],
                [-1.0, 0.0, -0.0, -0.0, 0.0, 0.568732, -0.822523, 0.329779, 0.0, -0.822523, -0.568732, -0.0, 0.0, 0.0, 0.0, 1.0],
                [-1.0, 0.0, -0.0, -0.0, 0.0, 0.568824, -0.822459, 0.329779, -0.0, -0.822459, -0.568824, 0.0, 0.0, 0.0, 0.0, 1.0]
            ]
        }
    ]
}