{

    "animation": [
        {
            "name": "Root",
            "time": [0.0, 1.2, 2.4],
            "transform": [
                [0.953576, 0.024872, 0.300124, -5e-06, 0.300829, -0.032443, -0.953126, 0.000946, -0.013969, 0.999164, -0.038419, 0.631245, 0.0, 0.0, 0.0, 1.0],
                [0.953576, 0.024872, 0.300124, -5e-06, 0.300829, -0.032443, -0.953126, 0.000946, -0.013969, 0.999164, -0.038419, 0.661245, 0.0, 0.0, 0.0, 1.0],
                [0.953576, 0.024872, 0.300124, -5e-06, 0.300829, -0.032443, -0.953126, 0.000946, -0.013969, 0.999164, -0.038419, 0.631245, 0.0, 0.0, 0.0, 1.0]
            ]
        },
        {
            "name": "Thigh_R",
            "time": [0.0, 1.2, 2.4],
            "transform": [
                [0.959751, 0.277907, -0.040026, 0.124921, 0.249256, -0.777661, 0.5771, 0.00048, 0.129261, -0.563862, -0.815647, -6.5e-05, 0.0, 0.0, 0.0, 1.0],
                [0.96245, 0.268105, -0.041997, 0.125001, 0.246883, -0.800769, 0.545663, -0.005281, 0.112672, -0.535555, -0.836908, 0.000156, 0.0, 0.0, 0.0, 1.0],
                [0.959751, 0.277907, -0.040026, 0.124921, 0.249256, -0.777661, 0.5771, 0.00048, 0.129261, -0.563862, -0.815647, -6.5e-05, 0.0, 0.0, 0.0, 1.0]
            ]
        },
        {
            "name": "Leg_R",
            "time": [0.0, 1.2, 2.4],
            "transform": [
                [0.999255, -0.030288, -0.023836, -0.0, 0.038535, 0.773432, 0.632711, 0.37472, -0.000728, -0.633163, 0.77402, 0.0, 0.0, 0.0, 0.0, 1.0],
                [0.999355, -0.028464, -0.021792, -0.0, 0.035823, 0.815617, 0.577487, 0.37472, 0.001337, -0.577899, 0.816109, 0.0, 0.0, 0.0, 0.0, 1.0],
                [0.999255, -0.030288, -0.023836, -0.0, 0.038535, 0.773432, 0.632711, 0.37472, -0.000728, -0.633163, 0.77402, 0.0, 0.0, 0.0, 0.0, 1.0]
            ]
        },
        {
            "name": "Knee_R",
            "time": [0.0, 1.2, 2.4],
            "transform": [
                [0.999809, -0.017208, -0.009303, -0.0, -0.002978, 0.336143, -0.941806, 0.37472, 0.019334, 0.941654, 0.336027, 0.0, 0.0, 0.0, 0.0, 1.0],
                [0.999835, -0.015924, -0.008693, -0.0, -0.003456, 0.303219, -0.952915, 0.37472, 0.017811, 0.952788, 0.303114, 0.0, 0.0, 0.0, 0.0, 1.0],
                [0.999809, -0.017208, -0.009303, -0.0, -0.002978, 0.336143, -0.941806, 0.37472, 0.019334, 0.941654, 0.336027, 0.0, 0.0, 0.0, 0.0, 1.0]
            ]
        },
        {
            "name": "Thigh_L",
            "time": [0.0, 1.2, 2.4],
            "transform": [
                [0.980648, -0.19516, 0.01541, -0.124933, -0.194443, -0.961852, 0.192433, -0.006141, -0.022733, -0.191705, -0.981189, 4.2e-05, 0.0, 0.0, 0.0, 1.0],
                [0.981147, -0.1915, 0.025979, -0.124852, -0.193242, -0.970656, 0.143119, -0.011901, -0.002191, -0.145442, -0.989364, 0.000263, 0.0, 0.0, 0.0, 1.0],
                [0.980648, -0.19516, 0.01541, -0.124933, -0.194443, -0.961852, 0.192433, -0.006141, -0.022733, -0.191705, -0.981189, 4.2e-05, 0.0, 0.0, 0.0, 1.0]
            ]
        },
        {
            "name": "Leg_L",
            "time": [0.0, 1.2, 2.4],
            "transform": [
                [0.995122, -0.081455, 0.055662, -0.0, 0.008683, 0.634318, 0.773024, 0.37472, -0.098274, -0.768769, 0.631931, 0.0, 0.0, 0.0, 0.0, 1.0],
                [0.995481, -0.069581, 0.06463, -0.0, 0.005484, 0.72154, 0.692351, 0.37472, -0.094807, -0.688867, 0.718662, 0.0, 0.0, 0.0, 0.0, 1.0],
                [0.995122, -0.081455, 0.055662, -0.0, 0.008683, 0.634318, 0.773024, 0.37472, -0.098274, -0.768769, 0.631931, 0.0, 0.0, 0.0, 0.0, 1.0]
            ]
        },
        {
            "name": "Knee_L",
            "time": [0.0, 1.2, 2.4],
            "transform": [
                [0.998718, -0.034516, 0.03702, -0.0, 0.048216, 0.426313, -0.90329, 0.37472, 0.015396, 0.903917, 0.427431, 0.0, 0.0, 0.0, 0.0, 1.0],
                [0.998827, -0.028565, 0.039091, -0.0, 0.046922, 0.372135, -0.926992, 0.37472, 0.011932, 0.927739, 0.373038, 0.0, 0.0, 0.0, 0.0, 1.0],
                [0.998718, -0.034516, 0.03702, -0.0, 0.048216, 0.426313, -0.90329, 0.37472, 0.015396, 0.903917, 0.427431, 0.0, 0.0, 0.0, 0.0, 1.0]
            ]
        },
        {
            "name": "Torso",
            "time": [0.0, 1.2, 2.4],
            "transform": [
                [0.997084, 0.039616, -0.065226, 0.0, -0.031679, 0.992446, 0.118519, 0.05, 0.069428, -0.116107, 0.990807, -0.0, 0.0, 0.0, 0.0, 1.0],
                [0.997587, 0.023326, -0.065389, 0.0, -0.018989, 0.997627, 0.066178, 0.05, 0.066777, -0.064777, 0.995663, -0.0, 0.0, 0.0, 0.0, 1.0],
                [0.997084, 0.039616, -0.065226, 0.0, -0.031679, 0.992446, 0.118519, 0.05, 0.069428, -0.116107, 0.990807, -0.0, 0.0, 0.0, 0.0, 1.0]
            ]
        },
        {
            "name": "Chest",
            "time": [0.0, 1.2, 2.4],
            "transform": [
                [0.823751, -0.068224, 0.562832, 0.0, 0.00894, 0.994173, 0.107425, 0.3, -0.566881, -0.083459, 0.819561, 0.0, 0.0, 0.0, 0.0, 1.0],
                [0.824312, -0.058822, 0.563071, 0.0, -0.02039, 0.990858, 0.133361, 0.3, -0.565768, -0.121412, 0.815577, -0.0, 0.0, 0.0, 0.0, 1.0],
                [0.823751, -0.068224, 0.562832, 0.0, 0.00894, 0.994173, 0.107425, 0.3, -0.566881, -0.083459, 0.819561, 0.0, 0.0, 0.0, 0.0, 1.0]
            ]
        },
        {
            "name": "Head",
            "time": [0.0, 1.2, 2.4],
            "transform": [
                [0.685275, 0.021429, -0.72797, 0.0, -0.056679, 0.998105, -0.023975, 0.4, 0.726076, 0.05769, 0.68519, -0.0, 0.0, 0.0, 0.0, 1.0],
                [0.685672, 0.039851, -0.726819, 0.0, -0.061955, 0.998072, -0.003725, 0.4, 0.725269, 0.047584, 0.686819, -0.0, 0.0, 0.0, 0.0, 1.0],
                [0.685275, 0.021429, -0.72797, 0.0, -0.056679, 0.998105, -0.023975, 0.4, 0.726076, 0.05769, 0.68519, -0.0, 0.0, 0.0, 0.0, 1.0]
            ]
        },
        {
            "name": "Shoulder_R",
            "time": [0.0, 0.6, 1.2, 1.8, 2.4],
            "transform": [
                [-0.043071, 0.930857, 0.362836, 0.0, 0.011531, -0.362685, 0.93184, 0.4, 0.999005, 0.044319, 0.004888, -0.0, 0.0, 0.0, 0.0, 1.0],
                [-0.030834, 0.926468, 0.375109, 0.0, 0.008254, -0.375038, 0.926973, 0.4, 0.99949, 0.031678, 0.003917, -0.0, 0.0, 0.0, 0.0, 1.0],
                [-0.043071, 0.930857, 0.362836, 0.0, 0.011531, -0.362685, 0.93184, 0.400001, 0.999005, 0.044319, 0.004888, -0.0, 0.0, 0.0, 0.0, 1.0],
                [-0.058191, 0.935501, 0.348497, 0.0, 0.01558, -0.348195, 0.937293, 0.4, 0.998183, 0.059971, 0.005687, -0.0, 0.0, 0.0, 0.0, 1.0],
                [-0.043071, 0.930857, 0.362836, 0.0, 0.011531, -0.362685, 0.93184, 0.4, 0.999005, 0.044319, 0.004888, -0.0, 0.0, 0.0, 0.0, 1.0]
            ]
        },
        {
            "name": "Arm_R",
            "time": [0.0, 0.6, 1.2, 1.8, 2.4],
            "transform": [
                [0.459064, -0.750844, -0.474861, 0.0, 0.843082, 0.536732, -0.033639, 0.388213, 0.280131, -0.384904, 0.879418, 0.0, 0.0, 0.0, 0.0, 1.0],
                [0.489182, -0.726407, -0.482735, 0.0, 0.821578, 0.569569, -0.024524, 0.388213, 0.292765, -0.384607, 0.875423, -0.0, 0.0, 0.0, 0.0, 1.0],
                [0.459064, -0.750844, -0.474861, -0.0, 0.843082, 0.536732, -0.033639, 0.388213, 0.280131, -0.384904, 0.879418, 0.0, 0.0, 0.0, 0.0, 1.0],
                [0.429827, -0.772902, -0.466766, 0.0, 0.861895, 0.505263, -0.042963, 0.388213, 0.269046, -0.383837, 0.883336, 0.0, 0.0, 0.0, 0.0, 1.0],
                [0.459064, -0.750844, -0.474861, 0.0, 0.843082, 0.536732, -0.033639, 0.388213, 0.280131, -0.384904, 0.879418, 0.0, 0.0, 0.0, 0.0, 1.0]
            ]
        },
        {
            "name": "Hand_R",
            "time": [0.0, 1.2, 2.4],
            "transform": [
                [0.296486, -0.955003, -0.008106, 0.0, 0.714129, 0.227325, -0.662075, 0.329779, 0.634126, 0.190508, 0.749394, -0.0, 0.0, 0.0, 0.0, 1.0],
                [0.296486, -0.955003, -0.008106, -0.0, 0.71413, 0.227325, -0.662074, 0.329779, 0.634125, 0.190507, 0.749394, -0.0, 0.0, 0.0, 0.0, 1.0],
                [0.296486, -0.955003, -0.008106, 0.0, 0.714129, 0.227325, -0.662075, 0.329779, 0.634126, 0.190508, 0.749394, -0.0, 0.0, 0.0, 0.0, 1.0]
            ]
        },
        {
            "name": "Tool_R",
            "time": [0.0, 1.2, 2.4],
            "transform": [
                [1.0, 0.0, 0.0, -0.02, 0.0, -1.0, 0.0, 0.411425, 0.0, -0.0, -1.0, 0.0, 0.0, 0.0, 0.0, 1.0],
                [1.0, 0.0, 0.0, -0.02, 0.0, -1.0, 0.0, 0.411425, 0.0, -0.0, -1.0, 0.0, 0.0, 0.0, 0.0, 1.0],
                [1.0, 0.0, 0.0, -0.02, 0.0, -1.0, 0.0, 0.411425, 0.0, -0.0, -1.0, 0.0, 0.0, 0.0, 0.0, 1.0]
            ]
        },
        {
            "name": "Elbow_R",
            "time": [0.0, 1.2, 2.4],
            "transform": [
                [-1.0, -0.0, -1e-06, 0.0, 0.0, 0.12415, -0.992264, 0.329779, 0.0, -0.992264, -0.12415, -0.0, 0.0, 0.0, 0.0, 1.0],
                [-1.0, -0.0, -1e-06, -0.0, 1e-06, 0.12415, -0.992263, 0.329779, 0.0, -0.992264, -0.12415, -0.0, 0.0, 0.0, 0.0, 1.0],
                [-1.0, -0.0, -1e-06, 0.0, 0.0, 0.12415, -0.992264, 0.329779, 0.0, -0.992264, -0.12415, -0.0, 0.0, 0.0, 0.0, 1.0]
            ]
        },
        {
            "name": "Shoulder_L",
            "time": [0.0, 0.6, 1.2, 1.8, 2.4],
            "transform": [
                [0.395851, -0.824427, -0.404504, 0.0, 0.106004, -0.396518, 0.911886, 0.4, -0.912176, -0.40385, -0.069569, -0.0, 0.0, 0.0, 0.0, 1.0],
                [0.396319, -0.822618, -0.407714, 0.0, 0.106129, -0.400054, 0.910326, 0.4, -0.911958, -0.40405, -0.071245, -0.0, 0.0, 0.0, 0.0, 1.0],
                [0.39585, -0.824426, -0.404503, 0.0, 0.106004, -0.396518, 0.911886, 0.4, -0.912176, -0.403849, -0.069569, -0.0, 0.0, 0.0, 0.0, 1.0],
                [0.394856, -0.829184, -0.395654, 0.0, 0.105737, -0.386771, 0.916093, 0.4, -0.912638, -0.40356, -0.065043, -0.0, 0.0, 0.0, 0.0, 1.0],
                [0.395851, -0.824427, -0.404504, 0.0, 0.106004, -0.396518, 0.911886, 0.4, -0.912176, -0.40385, -0.069569, -0.0, 0.0, 0.0, 0.0, 1.0]
            ]
        },
        {
            "name": "Arm_L",
            "time": [0.0, 0.6, 1.2, 1.8, 2.4],
            "transform": [
                [0.028177, 0.958813, -0.282639, -0.0, 0.392529, -0.270652, -0.879016, 0.388212, -0.919309, -0.086176, -0.383987, 0.0, 0.0, 0.0, 0.0, 1.0],
                [0.01664, 0.958489, -0.284646, 0.0, 0.395772, -0.267748, -0.878452, 0.388212, -0.918199, -0.098038, -0.383798, 0.0, 0.0, 0.0, 0.0, 1.0],
                [0.028177, 0.958813, -0.282639, -0.0, 0.392529, -0.270652, -0.879016, 0.388212, -0.919309, -0.086176, -0.383987, -0.0, 0.0, 0.0, 0.0, 1.0],
                [0.043481, 0.956395, -0.288825, 0.0, 0.388106, -0.282562, -0.877231, 0.388212, -0.920589, -0.073952, -0.383469, 0.0, 0.0, 0.0, 0.0, 1.0],
                [0.028177, 0.958813, -0.282639, -0.0, 0.392529, -0.270652, -0.879016, 0.388212, -0.919309, -0.086176, -0.383987, 0.0, 0.0, 0.0, 0.0, 1.0]
            ]
        },
        {
            "name": "Hand_L",
            "time": [0.0, 1.2, 2.4],
            "transform": [
                [0.978615, 0.178518, -0.102207, 0.0, -0.204683, 0.894549, -0.397352, 0.329779, 0.020494, 0.409775, 0.911957, -0.0, 0.0, 0.0, 0.0, 1.0],
                [0.978615, 0.178518, -0.102207, 0.0, -0.204683, 0.894549, -0.397352, 0.329779, 0.020494, 0.409775, 0.911957, 0.0, 0.0, 0.0, 0.0, 1.0],
                [0.978615, 0.178518, -0.102207, 0.0, -0.204683, 0.894549, -0.397352, 0.329779, 0.020494, 0.409775, 0.911957, -0.0, 0.0, 0.0, 0.0, 1.0]
            ]
        },
        {
            "name": "Tool_L",
            "time": [0.0, 1.2, 2.4],
            "transform": [
                [0.087155, 0.0, 0.996195, 0.02, -0.0, -1.0, 0.0, 0.291426, 0.996195, -0.0, -0.087155, -0.0, 0.0, 0.0, 0.0, 1.0],
                [0.087155, 0.0, 0.996195, 0.02, -0.0, -1.0, 0.0, 0.291426, 0.996195, -0.0, -0.087155, -0.0, 0.0, 0.0, 0.0, 1.0],
                [0.087155, 0.0, 0.996195, 0.02, -0.0, -1.0, 0.0, 0.291426, 0.996195, -0.0, -0.087155, -0.0, 0.0, 0.0, 0.0, 1.0]
            ]
        },
        {
            "name": "Elbow_L",
            "time": [0.0, 1.2, 2.4],
            "transform": [
                [-1.0, -0.0, -0.0, 0.0, 0.0, 0.209585, -0.97779, 0.329779, 0.0, -0.97779, -0.209585, -0.0, 0.0, 0.0, 0.0, 1.0],
                [-1.0, -0.0, -0.0, 0.0, 0.0, 0.209585, -0.97779, 0.329779, 0.0, -0.977791, -0.209585, 0.0, 0.0, 0.0, 0.0, 1.0],
                [-1.0, -0.0, -0.0, 0.0, 0.0, 0.209585, -0.97779, 0.329779, 0.0, -0.97779, -0.209585, -0.0, 0.0, 0.0, 0.0, 1.0]
            ]
        }
    ]
}