{
 
    "animation": [
        {
            "name": "Root",
            "time": [0.0, 0.1833, 0.2833, 0.3833, 0.5667, 0.6667, 0.7667],
            "transform": [
                [1.0, 0.0, 0.0, -5e-06, 0.0, 0.0, -1.0, 0.000946, 0.0, 1.0, 0.0, 0.745366, 0.0, 0.0, 0.0, 1.0],
                [1.0, 0.0, 0.0, -5e-06, 0.0, 0.0, -1.0, 0.000946, 0.0, 1.0, 0.0, 0.594068, 0.0, 0.0, 0.0, 1.0],
                [1.0, 0.0, 0.0, -5e-06, 0.0, 0.0, -1.0, 0.000946, 0.0, 1.0, 0.0, 0.669717, 0.0, 0.0, 0.0, 1.0],
                [1.0, 0.0, 0.0, -5e-06, 0.0, 0.0, -1.0, 0.000946, 0.0, 1.0, 0.0, 0.745366, 0.0, 0.0, 0.0, 1.0],
                [1.0, 0.0, 0.0, -5e-06, 0.0, 0.0, -1.0, 0.000946, 0.0, 1.0, 0.0, 0.594068, 0.0, 0.0, 0.0, 1.0],
                [1.0, 0.0, 0.0, -5e-06, 0.0, 0.0, -1.0, 0.000946, 0.0, 1.0, 0.0, 0.669717, 0.0, 0.0, 0.0, 1.0],
                [1.0, 0.0, 0.0, -5e-06, 0.0, 0.0, -1.0, 0.000946, 0.0, 1.0, 0.0, 0.745366, 0.0, 0.0, 0.0, 1.0]
            ]
        },
        {
            "name": "Thigh_R",
            "time": [0.0, 0.1833, 0.2833, 0.3833, 0.5667, 0.6667, 0.7667],
            "transform": [
                [0.992754, 0.077373, 0.091934, 0.124994, -0.001439, -0.757385, 0.652966, -0.002831, 0.120151, -0.648366, -0.751787, -1.2e-05, 0.0, 0.0, 0.0, 1.0],
                [0.997517, 0.043185, 0.055635, 0.124994, -0.02516, -0.519304, 0.854219, -0.002831, 0.065781, -0.853496, -0.516929, -1.2e-05, 0.0, 0.0, 0.0, 1.0],
                [0.99953, 0.002347, 0.03057, 0.124994, -0.017362, -0.778471, 0.627439, -0.002831, 0.02527, -0.627674, -0.778066, -1.2e-05, 0.0, 0.0, 0.0, 1.0],
                [0.996911, -0.011146, 0.077747, 0.124994, -0.022032, -0.98982, 0.1406, -0.002831, 0.075389, -0.141879, -0.987009, -1.2e-05, 0.0, 0.0, 0.0, 1.0],
                [0.999754, -0.015122, -0.016198, 0.124994, -0.01955, -0.946039, -0.323459, -0.002831, -0.010433, 0.323696, -0.946104, -1.2e-05, 0.0, 0.0, 0.0, 1.0],
                [0.999998, 0.000675, 0.001527, 0.124994, 0.000396, -0.98438, 0.176053, -0.002831, 0.001622, -0.176052, -0.98438, -1.2e-05, 0.0, 0.0, 0.0, 1.0],
                [0.992754, 0.077373, 0.091934, 0.124994, -0.001439, -0.757385, 0.652966, -0.002831, 0.120151, -0.648366, -0.751787, -1.2e-05, 0.0, 0.0, 0.0, 1.0]
            ]
        },
        {
            "name": "Leg_R",
            "time": [0.0, 0.1833, 0.2833, 0.3833, 0.5667, 0.6667, 0.7667],
            "transform": [
                [1.0, -1e-06, 1e-06, 0.0, -1e-06, 0.013508, 0.999909, 0.37472, -1e-06, -0.999909, 0.013508, -0.0, 0.0, 0.0, 0.0, 1.0],
                [1.0, -0.0, 1e-06, -0.0, -1e-06, 0.660356, 0.750953, 0.37472, -1e-06, -0.750953, 0.660355, -0.0, 0.0, 0.0, 0.0, 1.0],
                [0.99999, 0.001206, -0.004347, -0.0, 0.001205, 0.857191, 0.514997, 0.37472, 0.004347, -0.514998, 0.857181, -0.0, 0.0, 0.0, 0.0, 1.0],
                [1.0, 0.0, 1e-06, 0.0, -1e-06, 0.848835, 0.528658, 0.37472, -1e-06, -0.528658, 0.848835, 0.0, 0.0, 0.0, 0.0, 1.0],
                [1.0, 0.0, 1e-06, -0.0, -1e-06, 0.756655, 0.653815, 0.37472, -1e-06, -0.653815, 0.756654, 0.0, 0.0, 0.0, 0.0, 1.0],
                [1.0, -1e-06, 1e-06, -0.0, -1e-06, 0.197598, 0.980283, 0.37472, -1e-06, -0.980283, 0.197598, 0.0, 0.0, 0.0, 0.0, 1.0],
                [1.0, -1e-06, 1e-06, 0.0, -1e-06, 0.013508, 0.999909, 0.37472, -1e-06, -0.999909, 0.013508, -0.0, 0.0, 0.0, 0.0, 1.0]
            ]
        },
        {
            "name": "Knee_R",
            "time": [0.0, 0.1833, 0.2833, 0.3833, 0.5667, 0.6667, 0.7667],
            "transform": [
                [1.0, 0.0, -1e-06, 0.0, -1e-06, 0.0, -1.0, 0.37472, -0.0, 1.0, 0.0, -0.0, 0.0, 0.0, 0.0, 1.0],
                [1.0, 0.0, -1e-06, -0.0, -1e-06, 0.0, -1.0, 0.37472, -0.0, 1.0, 0.0, -0.0, 0.0, 0.0, 0.0, 1.0],
                [1.0, 0.0, -1e-06, -0.0, -1e-06, 0.0, -1.0, 0.37472, -0.0, 1.0, 0.0, -0.0, 0.0, 0.0, 0.0, 1.0],
                [1.0, 0.0, -1e-06, 0.0, -1e-06, 0.0, -1.0, 0.37472, -0.0, 1.0, 0.0, 0.0, 0.0, 0.0, 0.0, 1.0],
                [1.0, 0.0, -1e-06, -0.0, -1e-06, 0.0, -1.0, 0.37472, -0.0, 1.0, 0.0, 0.0, 0.0, 0.0, 0.0, 1.0],
                [1.0, 0.0, -1e-06, -0.0, -1e-06, 0.0, -1.0, 0.37472, -0.0, 1.0, 0.0, 0.0, 0.0, 0.0, 0.0, 1.0],
                [1.0, 0.0, -1e-06, 0.0, -1e-06, 0.0, -1.0, 0.37472, -0.0, 1.0, 0.0, -0.0, 0.0, 0.0, 0.0, 1.0]
            ]
        },
        {
            "name": "Thigh_L",
            "time": [0.0, 0.1833, 0.2833, 0.3833, 0.5667, 0.6667, 0.7667],
            "transform": [
                [0.999644, 0.019692, -0.018003, -0.125006, 0.022031, -0.98982, 0.1406, -0.002831, -0.015051, -0.140947, -0.989903, -1.2e-05, 0.0, 0.0, 0.0, 1.0],
                [0.999754, 0.015121, 0.016198, -0.125006, 0.019549, -0.946039, -0.323459, -0.002831, 0.010432, 0.323696, -0.946104, -1.2e-05, 0.0, 0.0, 0.0, 1.0],
                [0.999998, -0.000676, -0.001527, -0.125006, -0.000397, -0.98438, 0.176053, -0.002831, -0.001622, -0.176052, -0.98438, -1.2e-05, 0.0, 0.0, 0.0, 1.0],
                [0.999448, -0.020571, -0.026061, -0.125006, 0.001438, -0.757385, 0.652966, -0.002831, -0.03317, -0.652642, -0.756939, -1.2e-05, 0.0, 0.0, 0.0, 1.0],
                [0.99939, -0.00764, -0.03408, -0.125006, 0.025159, -0.519304, 0.854219, -0.002831, -0.024225, -0.854554, -0.518796, -1.2e-05, 0.0, 0.0, 0.0, 1.0],
                [0.99953, -0.002347, -0.030569, -0.125006, 0.017361, -0.778471, 0.627439, -0.002831, -0.02527, -0.627674, -0.778066, -1.2e-05, 0.0, 0.0, 0.0, 1.0],
                [0.999644, 0.019692, -0.018003, -0.125006, 0.022031, -0.98982, 0.1406, -0.002831, -0.015051, -0.140947, -0.989903, -1.2e-05, 0.0, 0.0, 0.0, 1.0]
            ]
        },
        {
            "name": "Leg_L",
            "time": [0.0, 0.1833, 0.2833, 0.3833, 0.5667, 0.6667, 0.7667],
            "transform": [
                [1.0, -0.0, 0.0, 0.0, 0.0, 0.848835, 0.528658, 0.37472, -1e-06, -0.528658, 0.848835, -0.0, 0.0, 0.0, 0.0, 1.0],
                [1.0, -0.0, 0.0, -0.0, 0.0, 0.756654, 0.653815, 0.37472, -0.0, -0.653815, 0.756654, 0.0, 0.0, 0.0, 0.0, 1.0],
                [1.0, -1e-06, -0.0, 0.0, 0.0, 0.197598, 0.980283, 0.37472, -1e-06, -0.980283, 0.197598, 0.0, 0.0, 0.0, 0.0, 1.0],
                [1.0, -1e-06, -0.0, -0.0, 0.0, 0.013508, 0.999909, 0.37472, -1e-06, -0.999909, 0.013508, 0.0, 0.0, 0.0, 0.0, 1.0],
                [1.0, -0.0, 0.0, 0.0, 0.0, 0.660356, 0.750953, 0.37472, -1e-06, -0.750953, 0.660355, -0.0, 0.0, 0.0, 0.0, 1.0],
                [0.99999, -0.001206, 0.004349, 0.0, -0.001206, 0.857191, 0.514997, 0.37472, -0.004349, -0.514997, 0.857181, -0.0, 0.0, 0.0, 0.0, 1.0],
                [1.0, -0.0, 0.0, 0.0, 0.0, 0.848835, 0.528658, 0.37472, -1e-06, -0.528658, 0.848835, -0.0, 0.0, 0.0, 0.0, 1.0]
            ]
        },
        {
            "name": "Knee_L",
            "time": [0.0, 0.1833, 0.2833, 0.3833, 0.5667, 0.6667, 0.7667],
            "transform": [
                [1.0, -0.0, 0.0, 0.0, 0.0, 0.0, -1.0, 0.37472, 0.0, 1.0, 0.0, -0.0, 0.0, 0.0, 0.0, 1.0],
                [1.0, -0.0, 0.0, -0.0, 0.0, 0.0, -1.0, 0.37472, 0.0, 1.0, 0.0, 0.0, 0.0, 0.0, 0.0, 1.0],
                [1.0, -0.0, 0.0, 0.0, 0.0, 0.0, -1.0, 0.37472, 0.0, 1.0, 0.0, 0.0, 0.0, 0.0, 0.0, 1.0],
                [1.0, -0.0, 0.0, -0.0, 0.0, 0.0, -1.0, 0.37472, 0.0, 1.0, 0.0, 0.0, 0.0, 0.0, 0.0, 1.0],
                [1.0, -0.0, 0.0, 0.0, 0.0, 0.0, -1.0, 0.37472, 0.0, 1.0, 0.0, -0.0, 0.0, 0.0, 0.0, 1.0],
                [1.0, -0.0, 0.0, 0.0, 0.0, 0.0, -1.0, 0.37472, 0.0, 1.0, 0.0, -0.0, 0.0, 0.0, 0.0, 1.0],
                [1.0, -0.0, 0.0, 0.0, 0.0, 0.0, -1.0, 0.37472, 0.0, 1.0, 0.0, -0.0, 0.0, 0.0, 0.0, 1.0]
            ]
        },
        {
            "name": "Torso",
            "time": [0.0, 0.1833, 0.2833, 0.3833, 0.5667, 0.6667, 0.7667],
            "transform": [
                [0.996195, 0.051243, -0.0705, 0.0, 0.0, 0.8089, 0.587946, 0.05, 0.087156, -0.585709, 0.805822, 0.0, 0.0, 0.0, 0.0, 1.0],
                [0.996195, 0.038506, -0.078188, 0.0, 0.0, 0.89711, 0.441806, 0.05, 0.087156, -0.440125, 0.893697, 0.0, 0.0, 0.0, 0.0, 1.0],
                [0.996195, 0.051371, -0.070407, 0.0, -0.0, 0.807833, 0.589412, 0.05, 0.087156, -0.587169, 0.804758, 0.0, 0.0, 0.0, 0.0, 1.0],
                [0.996195, 0.051243, -0.0705, 0.0, 0.0, 0.8089, 0.587946, 0.05, 0.087156, -0.585709, 0.805822, 0.0, 0.0, 0.0, 0.0, 1.0],
                [0.996195, 0.038222, -0.078327, 0.0, -0.0, 0.898707, 0.43855, 0.05, 0.087156, -0.436881, 0.895287, 0.0, 0.0, 0.0, 0.0, 1.0],
                [0.996195, 0.051243, -0.0705, 0.0, 0.0, 0.8089, 0.587946, 0.05, 0.087156, -0.585709, 0.805822, 0.0, 0.0, 0.0, 0.0, 1.0],
                [0.996195, 0.051243, -0.0705, 0.0, 0.0, 0.8089, 0.587946, 0.05, 0.087156, -0.585709, 0.805822, 0.0, 0.0, 0.0, 0.0, 1.0]
            ]
        },
        {
            "name": "Chest",
            "time": [0.0, 0.1833, 0.2833, 0.3833, 0.5667, 0.6667, 0.7667],
            "transform": [
                [0.895283, 0.222406, -0.38601, 0.0, -0.038349, 0.901727, 0.430602, 0.3, 0.443844, -0.370708, 0.81583, -0.0, 0.0, 0.0, 0.0, 1.0],
                [0.94764, 0.131939, -0.29081, 0.0, -0.002622, 0.913842, 0.406061, 0.3, 0.31933, -0.384037, 0.866339, -0.0, 0.0, 0.0, 0.0, 1.0],
                [0.975143, 0.149378, -0.163654, -0.0, -0.071516, 0.911239, 0.405622, 0.3, 0.209719, -0.383835, 0.899271, 0.0, 0.0, 0.0, 0.0, 1.0],
                [0.983961, 0.149218, -0.097753, 0.0, -0.098468, 0.911266, 0.399872, 0.3, 0.148747, -0.383833, 0.911343, -0.0, 0.0, 0.0, 0.0, 1.0],
                [0.961647, 0.131528, -0.240699, 0.0, -0.02356, 0.913896, 0.405265, 0.3, 0.273278, -0.384051, 0.881943, -0.0, 0.0, 0.0, 0.0, 1.0],
                [0.941445, 0.149218, -0.302351, 0.0, -0.012235, 0.911267, 0.411635, 0.3, 0.336946, -0.383833, 0.859733, -0.0, 0.0, 0.0, 0.0, 1.0],
                [0.895283, 0.222406, -0.38601, 0.0, -0.038349, 0.901727, 0.430602, 0.3, 0.443844, -0.370708, 0.81583, -0.0, 0.0, 0.0, 0.0, 1.0]
            ]
        },
        {
            "name": "Head",
            "time": [0.0, 0.1833, 0.2833, 0.3833, 0.5667, 0.6667, 0.7667],
            "transform": [
                [0.85922, 0.147863, 0.489773, 0.0, 0.289944, 0.648005, -0.704289, 0.4, -0.421513, 0.747146, 0.513907, 0.0, 0.0, 0.0, 0.0, 1.0],
                [0.918641, 0.075885, 0.387737, 0.0, 0.194937, 0.766556, -0.611875, 0.4, -0.343654, 0.637678, 0.689397, -0.0, 0.0, 0.0, 0.0, 1.0],
                [0.954272, -0.003242, 0.298922, 0.0, 0.212721, 0.709923, -0.671386, 0.4, -0.210036, 0.704272, 0.678149, -0.0, 0.0, 0.0, 0.0, 1.0],
                [0.966267, -0.032435, 0.255492, 0.0, 0.214316, 0.651394, -0.727843, 0.4, -0.142818, 0.758047, 0.636371, 0.0, 0.0, 0.0, 0.0, 1.0],
                [0.935924, 0.040419, 0.349874, 0.0, 0.192312, 0.773584, -0.603808, 0.4, -0.295062, 0.632403, 0.716243, -0.0, 0.0, 0.0, 0.0, 1.0],
                [0.914045, 0.090537, 0.395379, 0.0, 0.217999, 0.712361, -0.667097, 0.4, -0.34205, 0.695949, 0.631392, -0.0, 0.0, 0.0, 0.0, 1.0],
                [0.85922, 0.147863, 0.489773, 0.0, 0.289944, 0.648005, -0.704289, 0.4, -0.421513, 0.747146, 0.513907, 0.0, 0.0, 0.0, 0.0, 1.0]
            ]
        },
        {
            "name": "Shoulder_R",
            "time": [0.0, 0.1833, 0.2833, 0.3833, 0.5667, 0.6667, 0.7667],
            "transform": [
                [-0.037176, 0.964468, 0.261572, 0.0, 0.00245, -0.261664, 0.965156, 0.4, 0.999306, 0.036522, 0.007365, 0.0, 0.0, 0.0, 0.0, 1.0],
                [-0.037176, 0.964468, 0.261572, 0.0, 0.00245, -0.261664, 0.965156, 0.4, 0.999306, 0.036522, 0.007365, -0.0, 0.0, 0.0, 0.0, 1.0],
                [-0.037176, 0.964468, 0.261572, 0.0, 0.00245, -0.261664, 0.965156, 0.4, 0.999306, 0.036522, 0.007365, -0.0, 0.0, 0.0, 0.0, 1.0],
                [-0.037176, 0.964468, 0.261572, 0.0, 0.00245, -0.261664, 0.965156, 0.4, 0.999306, 0.036522, 0.007365, 0.0, 0.0, 0.0, 0.0, 1.0],
                [-0.037176, 0.964468, 0.261572, 0.0, 0.00245, -0.261664, 0.965156, 0.4, 0.999306, 0.036522, 0.007365, -0.0, 0.0, 0.0, 0.0, 1.0],
                [-0.037177, 0.964468, 0.261572, 0.0, 0.00245, -0.261664, 0.965156, 0.4, 0.999306, 0.036522, 0.007365, -0.0, 0.0, 0.0, 0.0, 1.0],
                [-0.037176, 0.964468, 0.261572, 0.0, 0.00245, -0.261664, 0.965156, 0.4, 0.999306, 0.036522, 0.007365, 0.0, 0.0, 0.0, 0.0, 1.0]
            ]
        },
        {
            "name": "Arm_R",
            "time": [0.0, 0.1833, 0.2833, 0.3833, 0.5667, 0.6667, 0.7667],
            "transform": [
                [0.186462, -0.392752, -0.900543, -0.0, 0.954935, 0.287911, 0.072157, 0.388385, 0.230937, -0.873415, 0.428737, -0.0, 0.0, 0.0, 0.0, 1.0],
                [0.286948, -0.44601, -0.847783, 0.0, 0.903209, 0.420839, 0.084308, 0.388385, 0.319178, -0.789917, 0.523599, 0.0, 0.0, 0.0, 0.0, 1.0],
                [0.324314, -0.446627, -0.833873, -0.0, 0.887748, 0.448138, 0.105242, 0.388385, 0.326686, -0.774401, 0.54183, 0.0, 0.0, 0.0, 0.0, 1.0],
                [0.139485, -0.470244, -0.871444, 0.0, 0.906783, 0.414246, -0.078392, 0.388385, 0.397855, -0.779276, 0.484191, 0.0, 0.0, 0.0, 0.0, 1.0],
                [0.225634, -0.178956, -0.957635, -0.0, 0.917244, 0.370237, 0.14693, 0.388385, 0.328258, -0.911537, 0.247684, -0.0, 0.0, 0.0, 0.0, 1.0],
                [0.220103, -0.362057, -0.905798, -0.0, 0.933406, 0.347929, 0.08774, 0.388385, 0.283387, -0.864789, 0.414526, 0.0, 0.0, 0.0, 0.0, 1.0],
                [0.186462, -0.392752, -0.900543, -0.0, 0.954935, 0.287911, 0.072157, 0.388385, 0.230937, -0.873415, 0.428737, -0.0, 0.0, 0.0, 0.0, 1.0]
            ]
        },
        {
            "name": "Hand_R",
            "time": [0.0, 0.1833, 0.2833, 0.3833, 0.5667, 0.6667, 0.7667],
            "transform": [
                [1.0, 0.0, -0.0, -0.0, -0.0, 0.950782, -0.309861, 0.3, 0.0, 0.309861, 0.950782, -0.0, 0.0, 0.0, 0.0, 1.0],
                [1.0, 0.0, -0.0, -0.0, -0.0, 0.97979, -0.20003, 0.3, 0.0, 0.20003, 0.97979, 0.0, 0.0, 0.0, 0.0, 1.0],
                [1.0, 0.0, -0.0, -0.0, -0.0, 0.976856, -0.213896, 0.3, 0.0, 0.213896, 0.976856, -0.0, 0.0, 0.0, 0.0, 1.0],
                [1.0, -0.0, -0.0, -0.0, 0.0, 0.891098, -0.473093, 0.3, 0.0, 0.47851, 0.881012, 0.0, 0.0, 0.0, 0.0, 1.0],
                [1.0, -0.0, -0.0, 0.0, -0.0, 0.745204, -0.666836, 0.3, 0.0, 0.666836, 0.745204, 0.0, 0.0, 0.0, 0.0, 1.0],
                [1.0, 0.0, -0.0, -0.0, -0.0, 0.92293, -0.384968, 0.3, 0.0, 0.384968, 0.92293, 0.0, 0.0, 0.0, 0.0, 1.0],
                [1.0, 0.0, -0.0, -0.0, -0.0, 0.950782, -0.309861, 0.3, 0.0, 0.309861, 0.950782, -0.0, 0.0, 0.0, 0.0, 1.0]
            ]
        },
        {
            "name": "Tool_R",
            "time": [0.0, 0.1833, 0.2833, 0.3833, 0.7667],
            "transform": [
                [1.0, 0.0, 0.0, 0.0, 0.0, -1.0, -0.0, 0.321204, 0.0, 0.0, -1.0, 0.0, 0.0, 0.0, 0.0, 1.0],
                [1.0, 0.0, 0.0, 0.0, 0.0, -1.0, -0.0, 0.321204, 0.0, 0.0, -1.0, 0.0, 0.0, 0.0, 0.0, 1.0],
                [1.0, -0.0, 0.0, -0.0, 0.0, -1.0, -0.0, 0.321204, 0.0, 0.0, -1.0, 0.0, 0.0, 0.0, 0.0, 1.0],
                [1.0, 0.0, 0.0, -0.0, 0.0, -1.0, 0.0, 0.321204, 0.0, -0.0, -1.0, 0.0, 0.0, 0.0, 0.0, 1.0],
                [1.0, 0.0, 0.0, 0.0, -0.0, -1.0, -0.0, 0.321204, 0.0, 0.0, -1.0, 0.0, 0.0, 0.0, 0.0, 1.0]
            ]
        },
        {
            "name": "Elbow_R",
            "time": [0.0, 0.1833, 0.2833, 0.3833, 0.5667, 0.6667, 0.7667],
            "transform": [
                [-1.0, 0.0, 0.0, -0.0, -0.0, 0.0, -1.0, 0.3, -0.0, -1.0, -0.0, 0.0, 0.0, 0.0, 0.0, 1.0],
                [-1.0, 0.0, 0.0, -0.0, -0.0, 0.0, -1.0, 0.3, -0.0, -1.0, -0.0, 0.0, 0.0, 0.0, 0.0, 1.0],
                [-1.0, 0.0, 0.0, -0.0, -0.0, 0.0, -1.0, 0.3, -0.0, -1.0, -0.0, 0.0, 0.0, 0.0, 0.0, 1.0],
                [-1.0, 0.0, 0.0, -0.0, -0.0, 0.0, -1.0, 0.3, -0.0, -1.0, 0.0, 0.0, 0.0, 0.0, 0.0, 1.0],
                [-1.0, 0.0, 0.0, 0.0, -0.0, 0.0, -1.0, 0.3, -0.0, -1.0, 0.0, 0.0, 0.0, 0.0, 0.0, 1.0],
                [-1.0, 0.0, 0.0, -0.0, -0.0, 0.0, -1.0, 0.3, -0.0, -1.0, 0.0, 0.0, 0.0, 0.0, 0.0, 1.0],
                [-1.0, 0.0, 0.0, -0.0, -0.0, 0.0, -1.0, 0.3, -0.0, -1.0, -0.0, 0.0, 0.0, 0.0, 0.0, 1.0]
            ]
        },
        {
            "name": "Shoulder_L",
            "time": [0.0, 0.1833, 0.2833, 0.3833, 0.5667, 0.6667, 0.7667],
            "transform": [
                [0.037185, -0.966148, -0.255294, 0.0, 0.002326, -0.255387, 0.966836, 0.4, -0.999306, -0.036546, -0.007249, 0.0, 0.0, 0.0, 0.0, 1.0],
                [0.037185, -0.966148, -0.255294, -0.0, 0.002326, -0.255387, 0.966836, 0.4, -0.999306, -0.036546, -0.007249, -0.0, 0.0, 0.0, 0.0, 1.0],
                [0.037185, -0.966148, -0.255294, -0.0, 0.002326, -0.255387, 0.966836, 0.4, -0.999305, -0.036546, -0.007249, -0.0, 0.0, 0.0, 0.0, 1.0],
                [0.037185, -0.966148, -0.255294, -0.0, 0.002326, -0.255387, 0.966836, 0.4, -0.999306, -0.036546, -0.007249, 0.0, 0.0, 0.0, 0.0, 1.0],
                [0.037185, -0.966148, -0.255294, -0.0, 0.002326, -0.255387, 0.966836, 0.4, -0.999306, -0.036546, -0.00725, -0.0, 0.0, 0.0, 0.0, 1.0],
                [0.037185, -0.966148, -0.255294, -0.0, 0.002326, -0.255387, 0.966836, 0.4, -0.999306, -0.036546, -0.007249, -0.0, 0.0, 0.0, 0.0, 1.0],
                [0.037185, -0.966148, -0.255294, 0.0, 0.002326, -0.255387, 0.966836, 0.4, -0.999306, -0.036546, -0.007249, 0.0, 0.0, 0.0, 0.0, 1.0]
            ]
        },
        {
            "name": "Arm_L",
            "time": [0.0, 0.1833, 0.2833, 0.3833, 0.5667, 0.6667, 0.7667],
            "transform": [
                [-0.018136, 0.789306, 0.613732, -0.0, -0.550317, 0.504607, -0.665224, 0.388354, -0.834759, -0.349812, 0.425217, 0.0, 0.0, 0.0, 0.0, 1.0],
                [-0.13739, 0.465846, 0.874135, 0.0, -0.589174, 0.670978, -0.450181, 0.388354, -0.79624, -0.576868, 0.182279, -0.0, 0.0, 0.0, 0.0, 1.0],
                [-0.076562, 0.576339, 0.813616, -0.0, -0.583447, 0.635819, -0.505296, 0.388354, -0.808535, -0.513388, 0.287583, -0.0, 0.0, 0.0, 0.0, 1.0],
                [0.039476, 0.724601, 0.688037, -0.0, -0.583931, 0.57549, -0.57257, 0.388354, -0.810843, -0.379164, 0.445835, -0.0, 0.0, 0.0, 0.0, 1.0],
                [-0.136981, 0.466588, 0.873803, 0.0, -0.59272, 0.66817, -0.449702, 0.388354, -0.793674, -0.579522, 0.185029, 0.0, 0.0, 0.0, 0.0, 1.0],
                [-0.029395, 0.62944, 0.776493, 0.0, -0.555424, 0.635575, -0.536235, 0.388354, -0.831048, -0.447046, 0.330923, 0.0, 0.0, 0.0, 0.0, 1.0],
                [-0.018136, 0.789306, 0.613732, -0.0, -0.550317, 0.504607, -0.665224, 0.388354, -0.834759, -0.349812, 0.425217, 0.0, 0.0, 0.0, 0.0, 1.0]
            ]
        },
        {
            "name": "Hand_L",
            "time": [0.0, 0.1833, 0.2833, 0.3833, 0.5667, 0.6667, 0.7667],
            "transform": [
                [1.0, 0.0, 0.0, 0.0, -0.0, 0.847054, -0.531506, 0.3, -0.0, 0.531506, 0.847054, 0.0, 0.0, 0.0, 0.0, 1.0],
                [1.0, 0.0, -0.0, -0.0, -0.0, 0.557151, -0.830411, 0.3, -0.0, 0.830411, 0.557152, -0.0, 0.0, 0.0, 0.0, 1.0],
                [1.0, 1e-06, -0.0, 0.0, -0.0, 0.654207, -0.756316, 0.3, -0.0, 0.756316, 0.654207, 0.0, 0.0, 0.0, 0.0, 1.0],
                [1.0, 0.0, 0.0, -0.0, -0.0, 0.847054, -0.531506, 0.3, -0.0, 0.531506, 0.847054, -0.0, 0.0, 0.0, 0.0, 1.0],
                [1.0, 0.0, 0.0, 0.0, -0.0, 0.855897, -0.517145, 0.3, -0.0, 0.517145, 0.855898, 0.0, 0.0, 0.0, 0.0, 1.0],
                [1.0, 1e-06, 0.0, 0.0, -0.0, 0.873428, -0.486952, 0.3, -0.0, 0.486952, 0.873428, -0.0, 0.0, 0.0, 0.0, 1.0],
                [1.0, 0.0, 0.0, 0.0, -0.0, 0.847054, -0.531506, 0.3, -0.0, 0.531506, 0.847054, 0.0, 0.0, 0.0, 0.0, 1.0]
            ]
        },
        {
            "name": "Tool_L",
            "time": [0.0, 0.1833, 0.2833, 0.3833, 0.7667],
            "transform": [
                [1.0, 0.0, 0.0, -0.0, 0.0, -1.0, -0.0, 0.321204, 0.0, 0.0, -1.0, 0.0, 0.0, 0.0, 0.0, 1.0],
                [1.0, 0.0, 0.0, 0.0, 0.0, -1.0, -0.0, 0.321204, 0.0, 0.0, -1.0, 0.0, 0.0, 0.0, 0.0, 1.0],
                [1.0, 0.0, 0.0, 0.0, 0.0, -1.0, -0.0, 0.321204, 0.0, -0.0, -1.0, 0.0, 0.0, 0.0, 0.0, 1.0],
                [1.0, 0.0, 0.0, -0.0, 0.0, -1.0, -0.0, 0.321204, 0.0, 0.0, -1.0, 0.0, 0.0, 0.0, 0.0, 1.0],
                [1.0, 0.0, 0.0, 0.0, 0.0, -1.0, -0.0, 0.321204, 0.0, 0.0, -1.0, 0.0, 0.0, 0.0, 0.0, 1.0]
            ]
        },
        {
            "name": "Elbow_L",
            "time": [0.0, 0.1833, 0.2833, 0.3833, 0.5667, 0.6667, 0.7667],
            "transform": [
                [-1.0, -0.0, -0.0, 0.0, 0.0, -0.0, -1.0, 0.3, 0.0, -1.0, 0.0, 0.0, 0.0, 0.0, 0.0, 1.0],
                [-1.0, -0.0, -0.0, 0.0, 0.0, -0.0, -1.0, 0.3, 0.0, -1.0, 0.0, -0.0, 0.0, 0.0, 0.0, 1.0],
                [-1.0, -0.0, -0.0, 0.0, 0.0, -0.0, -1.0, 0.3, 0.0, -1.0, 0.0, 0.0, 0.0, 0.0, 0.0, 1.0],
                [-1.0, -0.0, -0.0, 0.0, 0.0, -0.0, -1.0, 0.3, 0.0, -1.0, 0.0, 0.0, 0.0, 0.0, 0.0, 1.0],
                [-1.0, -0.0, -0.0, 0.0, 0.0, -0.0, -1.0, 0.3, 0.0, -1.0, 0.0, 0.0, 0.0, 0.0, 0.0, 1.0],
                [-1.0, -0.0, -0.0, 0.0, 0.0, -0.0, -1.0, 0.3, 0.0, -1.0, 0.0, 0.0, 0.0, 0.0, 0.0, 1.0],
                [-1.0, -0.0, -0.0, 0.0, 0.0, -0.0, -1.0, 0.3, 0.0, -1.0, 0.0, 0.0, 0.0, 0.0, 0.0, 1.0]
            ]
        }
    ]
}