{

    "animation": [
        {
            "name": "Root",
            "time": [0.0, 0.0667, 0.25, 0.3667, 0.5, 0.5667, 0.75, 0.8667, 1.0],
            "transform": [
                [1.0, 0.0, 0.0, -5e-06, 0.0, 1.0, 0.0, -0.365017, 0.0, -0.0, 1.0, 0.37788, 0.0, 0.0, 0.0, 1.0],
                [1.0, 0.0, 0.0, -5e-06, 0.0, 1.0, 0.0, -0.365017, 0.0, -0.0, 1.0, 0.37788, 0.0, 0.0, 0.0, 1.0],
                [1.0, 0.0, 0.0, -5e-06, 0.0, 1.0, 0.0, -0.365017, 0.0, -0.0, 1.0, 0.37788, 0.0, 0.0, 0.0, 1.0],
                [1.0, 0.0, 0.0, -5e-06, 0.0, 1.0, 0.0, -0.365017, 0.0, -0.0, 1.0, 0.37788, 0.0, 0.0, 0.0, 1.0],
                [1.0, 0.0, 0.0, -5e-06, 0.0, 1.0, 0.0, -0.365017, 0.0, -0.0, 1.0, 0.37788, 0.0, 0.0, 0.0, 1.0],
                [1.0, 0.0, 0.0, -5e-06, 0.0, 1.0, 0.0, -0.365017, 0.0, -0.0, 1.0, 0.37788, 0.0, 0.0, 0.0, 1.0],
                [1.0, 0.0, 0.0, -5e-06, 0.0, 1.0, 0.0, -0.365017, 0.0, -0.0, 1.0, 0.37788, 0.0, 0.0, 0.0, 1.0],
                [1.0, 0.0, 0.0, -5e-06, 0.0, 1.0, 0.0, -0.365017, 0.0, -0.0, 1.0, 0.37788, 0.0, 0.0, 0.0, 1.0],
                [1.0, 0.0, 0.0, -5e-06, 0.0, 1.0, 0.0, -0.365017, 0.0, -0.0, 1.0, 0.37788, 0.0, 0.0, 0.0, 1.0]
            ]
        },
        {
            "name": "Thigh_R",
            "time": [0.0, 0.0667, 0.25, 0.3667, 0.5, 0.5667, 0.75, 0.8667, 1.0],
            "transform": [
                [0.998951, -0.038903, 0.024124, 0.124994, -0.045253, -0.918687, 0.392382, -0.002831, 0.006898, -0.393062, -0.919486, -1.2e-05, 0.0, 0.0, 0.0, 1.0],
                [0.998934, -0.039742, 0.023466, 0.124994, -0.045703, -0.92263, 0.382963, -0.002831, 0.00643, -0.383627, -0.923466, -1.2e-05, 0.0, 0.0, 0.0, 1.0],
                [0.997505, -0.069242, -0.013736, 0.124994, -0.069998, -0.995389, -0.065565, -0.002831, -0.009133, 0.066363, -0.997754, -1.2e-05, 0.0, 0.0, 0.0, 1.0],
                [0.995717, -0.078703, -0.048511, 0.124994, -0.091572, -0.911806, -0.400281, -0.002831, -0.012729, 0.403009, -0.915108, -1.2e-05, 0.0, 0.0, 0.0, 1.0],
                [0.994827, -0.07896, -0.063915, 0.124994, -0.100882, -0.841858, -0.530186, -0.002831, -0.011944, 0.533891, -0.845469, -1.2e-05, 0.0, 0.0, 0.0, 1.0],
                [0.99489, -0.079016, -0.062851, 0.124994, -0.100244, -0.847305, -0.521561, -0.002831, -0.012042, 0.525196, -0.850896, -1.2e-05, 0.0, 0.0, 0.0, 1.0],
                [0.997389, -0.070368, -0.016212, 0.124994, -0.071562, -0.993229, -0.091509, -0.002831, -0.009663, 0.09243, -0.995673, -1.2e-05, 0.0, 0.0, 0.0, 1.0],
                [0.998636, -0.050357, 0.013788, 0.124994, -0.052207, -0.966171, 0.252555, -0.002831, 0.000603, -0.25293, -0.967485, -1.2e-05, 0.0, 0.0, 0.0, 1.0],
                [0.998951, -0.038903, 0.024124, 0.124994, -0.045253, -0.918687, 0.392382, -0.002831, 0.006898, -0.393062, -0.919486, -1.2e-05, 0.0, 0.0, 0.0, 1.0]
            ]
        },
        {
            "name": "Leg_R",
            "time": [0.0, 0.0667, 0.25, 0.3667, 0.5, 0.5667, 0.75, 0.8667, 1.0],
            "transform": [
                [0.999996, 0.000229, 0.002819, -0.0, 0.000227, 0.987025, -0.160568, 0.37472, -0.002819, 0.160569, 0.98702, -0.0, 0.0, 0.0, 0.0, 1.0],
                [0.999989, 0.000494, 0.004719, -0.0, 0.000492, 0.978427, -0.206595, 0.37472, -0.004719, 0.206596, 0.978414, -0.0, 0.0, 0.0, 0.0, 1.0],
                [0.999964, 0.001274, 0.008404, 0.0, 0.001272, 0.955131, -0.296182, 0.37472, -0.008405, 0.296182, 0.955095, -0.0, 0.0, 0.0, 0.0, 1.0],
                [0.999977, -7e-06, 0.006882, 0.0, -8e-06, 0.999998, 0.00218, 0.37472, -0.006882, -0.00218, 0.999974, 0.0, 0.0, 0.0, 0.0, 1.0],
                [1.0, -0.0, 1e-06, -0.0, -1e-06, 0.74463, 0.667477, 0.37472, -1e-06, -0.667477, 0.744631, 0.0, 0.0, 0.0, 0.0, 1.0],
                [0.99999, 0.003962, -0.002305, -0.0, -0.000664, 0.622878, 0.782319, 0.37472, 0.004535, -0.782309, 0.622874, -0.0, 0.0, 0.0, 0.0, 1.0],
                [0.99991, 0.012543, -0.00477, 0.0, 0.000247, 0.338188, 0.941078, 0.37472, 0.013417, -0.940995, 0.338154, 0.0, 0.0, 0.0, 0.0, 1.0],
                [0.999962, 0.007233, -0.004901, 0.0, -0.00179, 0.718593, 0.695429, 0.37472, 0.008552, -0.695394, 0.718578, 0.0, 0.0, 0.0, 0.0, 1.0],
                [0.999996, 0.000229, 0.002819, -0.0, 0.000227, 0.987025, -0.160568, 0.37472, -0.002819, 0.160569, 0.98702, -0.0, 0.0, 0.0, 0.0, 1.0]
            ]
        },
        {
            "name": "Knee_R",
            "time": [0.0, 1.0],
            "transform": [
                [1.0, 0.0, -1e-06, -0.0, -1e-06, 0.0, -1.0, 0.37472, -0.0, 1.0, 0.0, -0.0, 0.0, 0.0, 0.0, 1.0],
                [1.0, 0.0, -1e-06, -0.0, -1e-06, 0.0, -1.0, 0.37472, -0.0, 1.0, 0.0, -0.0, 0.0, 0.0, 0.0, 1.0]
            ]
        },
        {
            "name": "Thigh_L",
            "time": [0.0, 0.0667, 0.25, 0.3667, 0.5, 0.5667, 0.75, 0.8667, 1.0],
            "transform": [
                [0.994827, 0.07896, 0.063914, -0.125006, 0.100881, -0.841858, -0.530186, -0.002831, 0.011943, 0.533891, -0.845469, -1.2e-05, 0.0, 0.0, 0.0, 1.0],
                [0.99489, 0.079015, 0.06285, -0.125006, 0.100243, -0.847305, -0.521561, -0.002831, 0.012042, 0.525196, -0.850896, -1.2e-05, 0.0, 0.0, 0.0, 1.0],
                [0.997389, 0.070368, 0.016212, -0.125006, 0.071562, -0.993229, -0.091509, -0.002831, 0.009663, 0.09243, -0.995673, -1.2e-05, 0.0, 0.0, 0.0, 1.0],
                [0.998636, 0.050356, -0.013788, -0.125006, 0.052206, -0.966172, 0.252555, -0.002831, -0.000604, -0.25293, -0.967485, -1.2e-05, 0.0, 0.0, 0.0, 1.0],
                [0.998951, 0.038902, -0.024124, -0.125006, 0.045252, -0.918687, 0.392382, -0.002831, -0.006898, -0.393061, -0.919486, -1.2e-05, 0.0, 0.0, 0.0, 1.0],
                [0.998934, 0.039741, -0.023465, -0.125006, 0.045702, -0.922631, 0.382963, -0.002831, -0.00643, -0.383627, -0.923466, -1.2e-05, 0.0, 0.0, 0.0, 1.0],
                [0.997505, 0.069241, 0.013736, -0.125006, 0.069997, -0.995389, -0.065565, -0.002831, 0.009133, 0.066363, -0.997754, -1.2e-05, 0.0, 0.0, 0.0, 1.0],
                [0.995717, 0.078702, 0.04851, -0.125006, 0.091571, -0.911806, -0.400281, -0.002831, 0.012729, 0.403009, -0.915108, -1.2e-05, 0.0, 0.0, 0.0, 1.0],
                [0.994827, 0.07896, 0.063914, -0.125006, 0.100881, -0.841858, -0.530186, -0.002831, 0.011943, 0.533891, -0.845469, -1.2e-05, 0.0, 0.0, 0.0, 1.0]
            ]
        },
        {
            "name": "Leg_L",
            "time": [0.0, 0.0667, 0.25, 0.3667, 0.5, 0.5667, 0.75, 0.8667, 1.0],
            "transform": [
                [1.0, 0.0, 0.0, -0.0, -0.0, 0.74463, 0.667477, 0.37472, -0.0, -0.667477, 0.744631, 0.0, 0.0, 0.0, 0.0, 1.0],
                [0.99999, -0.003962, 0.002307, -0.0, 0.000663, 0.622878, 0.782319, 0.37472, -0.004537, -0.782309, 0.622874, 0.0, 0.0, 0.0, 0.0, 1.0],
                [0.99991, -0.012544, 0.004771, -0.0, -0.000248, 0.338188, 0.941078, 0.37472, -0.013419, -0.940995, 0.338154, -0.0, 0.0, 0.0, 0.0, 1.0],
                [0.999962, -0.007234, 0.004903, -0.0, 0.001789, 0.718593, 0.695428, 0.37472, -0.008554, -0.695394, 0.718578, 0.0, 0.0, 0.0, 0.0, 1.0],
                [0.999996, -0.000228, -0.002817, -0.0, -0.000228, 0.987025, -0.160568, 0.37472, 0.002817, 0.160569, 0.98702, 0.0, 0.0, 0.0, 0.0, 1.0],
                [0.999989, -0.000493, -0.004717, 0.0, -0.000493, 0.978427, -0.206595, 0.37472, 0.004717, 0.206596, 0.978415, -0.0, 0.0, 0.0, 0.0, 1.0],
                [0.999964, -0.001273, -0.008403, 0.0, -0.001273, 0.955131, -0.296182, 0.37472, 0.008403, 0.296182, 0.955095, -0.0, 0.0, 0.0, 0.0, 1.0],
                [0.999976, 8e-06, -0.00688, 0.0, 7e-06, 0.999998, 0.00218, 0.37472, 0.00688, -0.00218, 0.999974, 0.0, 0.0, 0.0, 0.0, 1.0],
                [1.0, 0.0, 0.0, -0.0, -0.0, 0.74463, 0.667477, 0.37472, -0.0, -0.667477, 0.744631, 0.0, 0.0, 0.0, 0.0, 1.0]
            ]
        },
        {
            "name": "Knee_L",
            "time": [0.0, 1.0],
            "transform": [
                [1.0, -0.0, 0.0, -0.0, 0.0, 0.0, -1.0, 0.37472, 0.0, 1.0, 0.0, 0.0, 0.0, 0.0, 0.0, 1.0],
                [1.0, -0.0, 0.0, -0.0, 0.0, 0.0, -1.0, 0.37472, 0.0, 1.0, 0.0, 0.0, 0.0, 0.0, 0.0, 1.0]
            ]
        },
        {
            "name": "Torso",
            "time": [0.0, 0.0667, 0.25, 0.3667, 0.5, 0.5667, 0.75, 0.8667, 1.0],
            "transform": [
                [1.0, 0.0, -0.0, 0.0, 0.0, 0.985081, 0.172091, 0.05, 0.0, -0.172091, 0.985081, -0.0, 0.0, 0.0, 0.0, 1.0],
                [1.0, 0.0, -0.0, 0.0, 0.0, 0.993476, 0.114043, 0.05, 0.0, -0.114043, 0.993476, -0.0, 0.0, 0.0, 0.0, 1.0],
                [1.0, 0.0, 0.0, 0.0, 0.0, 1.0, 0.0, 0.05, 0.0, 0.0, 1.0, -0.0, 0.0, 0.0, 0.0, 1.0],
                [1.0, 0.0, 0.0, 0.0, 0.0, 0.997829, 0.065851, 0.05, 0.0, -0.065851, 0.997829, -0.0, 0.0, 0.0, 0.0, 1.0],
                [1.0, -0.0, 0.0, 0.0, -0.0, 0.985081, 0.172091, 0.05, -0.0, -0.172091, 0.985081, -0.0, 0.0, 0.0, 0.0, 1.0],
                [1.0, -0.0, 0.0, 0.0, -0.0, 0.993476, 0.114043, 0.05, -0.0, -0.114043, 0.993476, -0.0, 0.0, 0.0, 0.0, 1.0],
                [1.0, 0.0, 0.0, 0.0, 0.0, 1.0, 0.0, 0.05, 0.0, 0.0, 1.0, -0.0, 0.0, 0.0, 0.0, 1.0],
                [1.0, 0.0, 0.0, 0.0, 0.0, 0.997829, 0.065851, 0.05, 0.0, -0.065851, 0.997829, -0.0, 0.0, 0.0, 0.0, 1.0],
                [1.0, 0.0, -0.0, 0.0, 0.0, 0.985081, 0.172091, 0.05, 0.0, -0.172091, 0.985081, -0.0, 0.0, 0.0, 0.0, 1.0]
            ]
        },
        {
            "name": "Chest",
            "time": [0.0, 0.0667, 0.25, 0.3667, 0.5, 0.5667, 0.75, 0.8667, 1.0],
            "transform": [
                [0.870239, -0.0, -0.49263, -0.0, -0.132319, 0.963253, -0.233743, 0.3, 0.474528, 0.268597, 0.83826, -0.0, 0.0, 0.0, 0.0, 1.0],
                [0.905307, 0.014406, -0.424513, -0.0, -0.089907, 0.983279, -0.158365, 0.3, 0.415133, 0.181535, 0.891465, 0.0, 0.0, 0.0, 0.0, 1.0],
                [0.992927, -0.0, -0.118727, 0.0, 0.0, 1.0, -0.0, 0.3, 0.118727, -0.0, 0.992927, -0.0, 0.0, 0.0, 0.0, 1.0],
                [0.977831, -0.027209, 0.207623, -0.0, 0.04845, 0.994015, -0.097915, 0.3, -0.203716, 0.105803, 0.973296, -0.0, 0.0, 0.0, 0.0, 1.0],
                [0.870238, -0.0, 0.492631, -0.0, 0.132319, 0.963253, -0.233743, 0.3, -0.474528, 0.268597, 0.838259, -0.0, 0.0, 0.0, 0.0, 1.0],
                [0.905307, -0.014407, 0.424513, -0.0, 0.089907, 0.983279, -0.158365, 0.3, -0.415133, 0.181535, 0.891465, 0.0, 0.0, 0.0, 0.0, 1.0],
                [0.992927, -0.0, 0.118728, 0.0, 0.0, 1.0, 0.0, 0.3, -0.118728, -0.0, 0.992927, -0.0, 0.0, 0.0, 0.0, 1.0],
                [0.977831, 0.027209, -0.207622, -0.0, -0.048449, 0.994015, -0.097915, 0.3, 0.203715, 0.105803, 0.973296, -0.0, 0.0, 0.0, 0.0, 1.0],
                [0.870239, -0.0, -0.49263, -0.0, -0.132319, 0.963253, -0.233743, 0.3, 0.474528, 0.268597, 0.83826, -0.0, 0.0, 0.0, 0.0, 1.0]
            ]
        },
        {
            "name": "Head",
            "time": [0.0, 0.0667, 0.25, 0.3667, 0.5, 0.5667, 0.75, 0.8667, 1.0],
            "transform": [
                [0.940461, 0.31883, 0.117819, 0.0, 0.018583, 0.29788, -0.954423, 0.4, -0.339394, 0.899786, 0.27422, 0.0, 0.0, 0.0, 0.0, 1.0],
                [0.969614, 0.229081, 0.085851, 0.0, 0.009683, 0.314717, -0.949136, 0.4, -0.244448, 0.921127, 0.302936, -0.0, 0.0, 0.0, 0.0, 1.0],
                [0.998099, -0.055619, -0.026539, 0.0, -0.005418, 0.349787, -0.936814, 0.4, 0.061387, 0.935177, 0.348821, -0.0, 0.0, 0.0, 0.0, 1.0],
                [0.975057, -0.205941, -0.082776, 0.0, -0.010429, 0.330017, -0.943918, 0.4, 0.221709, 0.921237, 0.319637, -0.0, 0.0, 0.0, 0.0, 1.0],
                [0.94046, -0.31883, -0.11782, 0.0, -0.018583, 0.29788, -0.954422, 0.4, 0.339395, 0.899786, 0.27422, -0.0, 0.0, 0.0, 0.0, 1.0],
                [0.969614, -0.229082, -0.085852, 0.0, -0.009684, 0.314717, -0.949136, 0.4, 0.244449, 0.921127, 0.302936, 0.0, 0.0, 0.0, 0.0, 1.0],
                [0.998099, 0.055618, 0.026539, 0.0, 0.005417, 0.349787, -0.936814, 0.4, -0.061387, 0.935177, 0.348821, -0.0, 0.0, 0.0, 0.0, 1.0],
                [0.975057, 0.205941, 0.082775, 0.0, 0.010429, 0.330017, -0.943918, 0.4, -0.221708, 0.921237, 0.319637, -0.0, 0.0, 0.0, 0.0, 1.0],
                [0.940461, 0.31883, 0.117819, 0.0, 0.018583, 0.29788, -0.954423, 0.4, -0.339394, 0.899786, 0.27422, 0.0, 0.0, 0.0, 0.0, 1.0]
            ]
        },
        {
            "name": "Shoulder_R",
            "time": [0.0, 0.0667, 0.25, 0.3667, 0.5, 0.5667, 0.75, 0.8667, 1.0],
            "transform": [
                [0.0, 0.965995, 0.25856, 0.0, 2e-06, -0.25856, 0.965995, 0.4, 1.0, 0.0, -1e-06, 0.0, 0.0, 0.0, 0.0, 1.0],
                [-0.00752, 0.965969, 0.258549, 0.0, -0.001226, -0.258565, 0.965993, 0.4, 0.999971, 0.006947, 0.003129, 0.0, 0.0, 0.0, 0.0, 1.0],
                [-0.243508, 0.937435, 0.248838, 0.0, -0.016233, -0.260464, 0.965347, 0.4, 0.969763, 0.23103, 0.078643, -0.0, 0.0, 0.0, 0.0, 1.0],
                [-0.257683, 0.961103, 0.099402, 0.0, 0.073487, -0.083084, 0.993829, 0.4, 0.963431, 0.263398, -0.049219, -0.0, 0.0, 0.0, 0.0, 1.0],
                [-0.012329, 0.993149, -0.116206, 0.0, 0.214851, 0.116132, 0.969718, 0.4, 0.976569, -0.013011, -0.214811, -0.0, 0.0, 0.0, 0.0, 1.0],
                [-0.010309, 0.994775, -0.101571, 0.0, 0.206726, 0.101502, 0.97312, 0.4, 0.978345, -0.010965, -0.206692, 0.0, 0.0, 0.0, 0.0, 1.0],
                [0.0, 0.965995, 0.25856, 0.0, 2e-06, -0.25856, 0.965995, 0.4, 1.0, 0.0, -2e-06, -0.0, 0.0, 0.0, 0.0, 1.0],
                [0.0, 0.965995, 0.25856, 0.0, 2e-06, -0.25856, 0.965995, 0.4, 1.0, 0.0, -2e-06, -0.0, 0.0, 0.0, 0.0, 1.0],
                [0.0, 0.965995, 0.25856, 0.0, 2e-06, -0.25856, 0.965995, 0.4, 1.0, 0.0, -1e-06, 0.0, 0.0, 0.0, 0.0, 1.0]
            ]
        },
        {
            "name": "Arm_R",
            "time": [0.0, 0.0667, 0.25, 0.3667, 0.5, 0.5667, 0.75, 0.8667, 1.0],
            "transform": [
                [-0.008285, 0.66682, -0.745173, 0.0, 0.936543, 0.266342, 0.227924, 0.388385, 0.350455, -0.695999, -0.626712, -0.0, 0.0, 0.0, 0.0, 1.0],
                [0.296202, 0.547252, -0.782803, -0.0, 0.837875, 0.244563, 0.488012, 0.388385, 0.45851, -0.800441, -0.386088, 0.0, 0.0, 0.0, 0.0, 1.0],
                [0.984849, 0.061265, 0.162236, 0.0, -0.118032, 0.922199, 0.368263, 0.388385, -0.127052, -0.381832, 0.915457, -0.0, 0.0, 0.0, 0.0, 1.0],
                [0.806436, 0.45324, 0.379783, -0.0, 0.021433, 0.619434, -0.784756, 0.388385, -0.590934, 0.640995, 0.489819, 0.0, 0.0, 0.0, 0.0, 1.0],
                [0.994964, 0.099655, 0.010754, 0.0, 0.019333, -0.085535, -0.996148, 0.388385, -0.098352, 0.991339, -0.087031, -0.0, 0.0, 0.0, 0.0, 1.0],
                [0.857347, -0.453378, 0.243733, -0.0, 0.321789, 0.102501, -0.941247, 0.388385, 0.401757, 0.885405, 0.233771, 0.0, 0.0, 0.0, 0.0, 1.0],
                [0.394139, -0.883403, -0.253482, -0.0, 0.887799, 0.437281, -0.14352, 0.388385, 0.237629, -0.168474, 0.956634, -0.0, 0.0, 0.0, 0.0, 1.0],
                [0.177352, 0.020627, -0.983931, -0.0, 0.903707, 0.39247, 0.171119, 0.388385, 0.389694, -0.919534, 0.050964, -0.0, 0.0, 0.0, 0.0, 1.0],
                [-0.008285, 0.66682, -0.745173, 0.0, 0.936543, 0.266342, 0.227924, 0.388385, 0.350455, -0.695999, -0.626712, -0.0, 0.0, 0.0, 0.0, 1.0]
            ]
        },
        {
            "name": "Hand_R",
            "time": [0.0, 0.0667, 0.25, 0.3667, 0.5, 0.5667, 0.75, 0.8667, 1.0],
            "transform": [
                [0.996528, -0.065286, 0.051681, 0.0, 0.067152, 0.263173, -0.962409, 0.3, 0.04923, 0.962537, 0.266643, 0.0, 0.0, 0.0, 0.0, 1.0],
                [0.904277, 0.280662, -0.321732, 0.0, -0.426193, 0.548679, -0.719243, 0.3, -0.025337, 0.787515, 0.615775, -0.0, 0.0, 0.0, 0.0, 1.0],
                [0.960379, 0.152828, 0.233059, -0.0, 0.244015, -0.057088, -0.96809, 0.3, -0.134647, 0.986603, -0.092118, 0.0, 0.0, 0.0, 0.0, 1.0],
                [0.794567, -0.492888, 0.354577, 0.0, 0.564772, 0.38555, -0.729646, 0.3, 0.222927, 0.780008, 0.584714, -0.0, 0.0, 0.0, 0.0, 1.0],
                [0.995948, 0.088026, 0.018393, 0.0, -0.087, 0.994919, -0.050663, 0.3, -0.022759, 0.048858, 0.998546, 0.0, 0.0, 0.0, 0.0, 1.0],
                [0.905884, 0.418181, -0.067074, -0.0, -0.40001, 0.79275, -0.459934, 0.3, -0.139163, 0.443477, 0.885416, 0.0, 0.0, 0.0, 0.0, 1.0],
                [0.991905, 0.062692, 0.110429, -0.0, 0.060642, 0.530196, -0.845704, 0.3, -0.111568, 0.845554, 0.522102, 0.0, 0.0, 0.0, 0.0, 1.0],
                [0.991049, 0.009463, 0.13316, 0.0, 0.121244, 0.353631, -0.927494, 0.3, -0.055866, 0.935337, 0.349319, -0.0, 0.0, 0.0, 0.0, 1.0],
                [0.996528, -0.065286, 0.051681, 0.0, 0.067152, 0.263173, -0.962409, 0.3, 0.04923, 0.962537, 0.266643, 0.0, 0.0, 0.0, 0.0, 1.0]
            ]
        },
        {
            "name": "Tool_R",
            "time": [0.0, 1.0],
            "transform": [
                [1.0, 0.0, 0.0, 0.0, 0.0, -1.0, -0.0, 0.321204, 0.0, 0.0, -1.0, 0.0, 0.0, 0.0, 0.0, 1.0],
                [1.0, 0.0, 0.0, 0.0, 0.0, -1.0, -0.0, 0.321204, 0.0, 0.0, -1.0, 0.0, 0.0, 0.0, 0.0, 1.0]
            ]
        },
        {
            "name": "Elbow_R",
            "time": [0.0, 1.0],
            "transform": [
                [-1.0, 0.0, 0.0, 0.0, -0.0, 0.0, -1.0, 0.3, -0.0, -1.0, -0.0, 0.0, 0.0, 0.0, 0.0, 1.0],
                [-1.0, 0.0, 0.0, 0.0, -0.0, 0.0, -1.0, 0.3, -0.0, -1.0, -0.0, 0.0, 0.0, 0.0, 0.0, 1.0]
            ]
        },
        {
            "name": "Shoulder_L",
            "time": [0.0, 0.0667, 0.25, 0.3667, 0.5, 0.5667, 0.75, 0.8667, 1.0],
            "transform": [
                [-0.012324, -0.993151, 0.116186, 0.0, -0.214852, 0.116111, 0.96972, 0.4, -0.976569, -0.013012, -0.214811, 0.0, 0.0, 0.0, 0.0, 1.0],
                [-0.010304, -0.994777, 0.101551, -0.0, -0.206727, 0.101481, 0.973122, 0.4, -0.978344, -0.010966, -0.206693, -0.0, 0.0, 0.0, 0.0, 1.0],
                [1e-06, -0.96599, -0.25858, -0.0, -2e-06, -0.25858, 0.96599, 0.4, -1.0, -0.0, -2e-06, -0.0, 0.0, 0.0, 0.0, 1.0],
                [1e-06, -0.96599, -0.25858, 0.0, -2e-06, -0.25858, 0.96599, 0.4, -1.0, -0.0, -2e-06, -0.0, 0.0, 0.0, 0.0, 1.0],
                [1e-06, -0.96599, -0.25858, 0.0, -2e-06, -0.25858, 0.96599, 0.4, -1.0, -0.0, -2e-06, -0.0, 0.0, 0.0, 0.0, 1.0],
                [-0.007519, -0.965963, -0.258569, -0.0, 0.001225, -0.258585, 0.965988, 0.4, -0.999971, 0.006946, 0.003128, 0.0, 0.0, 0.0, 0.0, 1.0],
                [-0.243508, -0.937429, -0.248858, -0.0, 0.016228, -0.260483, 0.965342, 0.4, -0.969763, 0.23103, 0.078642, -0.0, 0.0, 0.0, 0.0, 1.0],
                [-0.257681, -0.961101, -0.099423, 0.0, -0.073493, -0.083104, 0.993827, 0.4, -0.963431, 0.263397, -0.04922, -0.0, 0.0, 0.0, 0.0, 1.0],
                [-0.012324, -0.993151, 0.116186, 0.0, -0.214852, 0.116111, 0.96972, 0.4, -0.976569, -0.013012, -0.214811, 0.0, 0.0, 0.0, 0.0, 1.0]
            ]
        },
        {
            "name": "Arm_L",
            "time": [0.0, 0.0667, 0.25, 0.3667, 0.5, 0.5667, 0.75, 0.8667, 1.0],
            "transform": [
                [0.994964, -0.099656, -0.010754, -0.0, -0.019336, -0.085557, -0.996146, 0.388354, 0.098352, 0.991337, -0.087053, -0.0, 0.0, 0.0, 0.0, 1.0],
                [0.857347, 0.453377, -0.243733, 0.0, -0.32178, 0.102482, -0.941252, 0.388354, -0.401764, 0.885408, 0.23375, -0.0, 0.0, 0.0, 0.0, 1.0],
                [0.394139, 0.883404, 0.253481, 0.0, -0.887794, 0.437285, -0.143541, 0.388354, -0.237648, -0.168464, 0.956631, -0.0, 0.0, 0.0, 0.0, 1.0],
                [0.177352, -0.020627, 0.983931, -0.0, -0.903698, 0.39249, 0.171118, 0.388354, -0.389713, -0.919525, 0.050968, -0.0, 0.0, 0.0, 0.0, 1.0],
                [-0.008285, -0.666819, 0.745173, -0.0, -0.936536, 0.266357, 0.227937, 0.388354, -0.350475, -0.695993, -0.626707, 0.0, 0.0, 0.0, 0.0, 1.0],
                [0.296202, -0.547251, 0.782803, 0.0, -0.837865, 0.244581, 0.48802, 0.388354, -0.458528, -0.800436, -0.386077, -0.0, 0.0, 0.0, 0.0, 1.0],
                [0.984849, -0.061264, -0.162237, 0.0, 0.118029, 0.922208, 0.368243, 0.388354, 0.127056, -0.381812, 0.915466, 0.0, 0.0, 0.0, 0.0, 1.0],
                [0.806435, -0.453241, -0.379783, 0.0, -0.021446, 0.61942, -0.784767, 0.388354, 0.590934, 0.641008, 0.489802, 0.0, 0.0, 0.0, 0.0, 1.0],
                [0.994964, -0.099656, -0.010754, -0.0, -0.019336, -0.085557, -0.996146, 0.388354, 0.098352, 0.991337, -0.087053, -0.0, 0.0, 0.0, 0.0, 1.0]
            ]
        },
        {
            "name": "Hand_L",
            "time": [0.0, 0.0667, 0.25, 0.3667, 0.5, 0.5667, 0.75, 0.8667, 1.0],
            "transform": [
                [0.995948, -0.088026, -0.018393, -0.0, 0.086999, 0.994919, -0.050663, 0.3, 0.022759, 0.048858, 0.998546, 0.0, 0.0, 0.0, 0.0, 1.0],
                [0.905884, -0.418181, 0.067074, 0.0, 0.40001, 0.79275, -0.459934, 0.3, 0.139163, 0.443477, 0.885416, -0.0, 0.0, 0.0, 0.0, 1.0],
                [0.991905, -0.062692, -0.110429, 0.0, -0.060642, 0.530196, -0.845704, 0.3, 0.111568, 0.845554, 0.522102, -0.0, 0.0, 0.0, 0.0, 1.0],
                [0.991049, -0.009462, -0.13316, 0.0, -0.121244, 0.353631, -0.927494, 0.3, 0.055866, 0.935337, 0.349319, 0.0, 0.0, 0.0, 0.0, 1.0],
                [0.996527, 0.065286, -0.051681, 0.0, -0.067153, 0.263173, -0.962409, 0.3, -0.049231, 0.962537, 0.266643, 0.0, 0.0, 0.0, 0.0, 1.0],
                [0.904277, -0.280662, 0.321732, 0.0, 0.426193, 0.54868, -0.719243, 0.3, 0.025337, 0.787515, 0.615775, 0.0, 0.0, 0.0, 0.0, 1.0],
                [0.960379, -0.152828, -0.233059, 0.0, -0.244015, -0.057088, -0.96809, 0.3, 0.134646, 0.986603, -0.092118, -0.0, 0.0, 0.0, 0.0, 1.0],
                [0.794566, 0.492888, -0.354577, 0.0, -0.564772, 0.38555, -0.729646, 0.3, -0.222927, 0.780008, 0.584715, -0.0, 0.0, 0.0, 0.0, 1.0],
                [0.995948, -0.088026, -0.018393, -0.0, 0.086999, 0.994919, -0.050663, 0.3, 0.022759, 0.048858, 0.998546, 0.0, 0.0, 0.0, 0.0, 1.0]
            ]
        },
        {
            "name": "Tool_L",
            "time": [0.0, 1.0],
            "transform": [
                [1.0, 0.0, 0.0, -0.0, -0.0, -1.0, -0.0, 0.321204, 0.0, -0.0, -1.0, 0.0, 0.0, 0.0, 0.0, 1.0],
                [1.0, 0.0, 0.0, -0.0, -0.0, -1.0, -0.0, 0.321204, 0.0, -0.0, -1.0, 0.0, 0.0, 0.0, 0.0, 1.0]
            ]
        },
        {
            "name": "Elbow_L",
            "time": [0.0, 1.0],
            "transform": [
                [-1.0, -0.0, -0.0, 0.0, 0.0, -0.0, -1.0, 0.3, 0.0, -1.0, 0.0, 0.0, 0.0, 0.0, 0.0, 1.0],
                [-1.0, -0.0, -0.0, 0.0, 0.0, -0.0, -1.0, 0.3, 0.0, -1.0, 0.0, 0.0, 0.0, 0.0, 0.0, 1.0]
            ]
        }
    ]
}