{"animation": [{"name": "Root", "time": [0.0, 1.0, 2.0], "transform": [[0.999999, 0.0, -0.001628, -0.010519, -0.001628, 0.0, -0.999999, 0.000905, 0.0, 1.0, 0.0, 0.774136, 0.0, 0.0, 0.0, 1.0], [1.0, 0.0, 0.0, 1.7e-05, 0.0, 0.0, -1.0, 0.000905, 0.0, 1.0, 0.0, 0.738306, 0.0, 0.0, 0.0, 1.0], [0.999999, 0.0, -0.001628, -0.010519, -0.001628, 0.0, -0.999999, 0.000905, 0.0, 1.0, 0.0, 0.774136, 0.0, 0.0, 0.0, 1.0]]}, {"name": "Thigh_R", "time": [0.0, 1.0, 2.0], "transform": [[0.825291, -0.01843, 0.564406, 0.14535, -0.095723, -0.989569, 0.107657, 0.008728, 0.556535, -0.142875, -0.818447, 0.020473, 0.0, 0.0, 0.0, 1.0], [0.828588, 0.0827, 0.553716, 0.14535, -0.061032, -0.969793, 0.236172, 0.008729, 0.556521, -0.229483, -0.798512, 0.020473, 0.0, 0.0, 0.0, 1.0], [0.825291, -0.01843, 0.564406, 0.14535, -0.095723, -0.989569, 0.107657, 0.008728, 0.556535, -0.142875, -0.818447, 0.020473, 0.0, 0.0, 0.0, 1.0]]}, {"name": "Leg_R", "time": [0.0, 1.0, 2.0], "transform": [[0.997363, 0.072408, 0.004897, -0.0, -0.069116, 0.927094, 0.368403, 0.37472, 0.022136, -0.36777, 0.929653, 0.0, 0.0, 0.0, 0.0, 1.0], [1.0, -0.0, 1e-06, -0.0, -0.0, 0.80005, 0.599933, 0.37472, -1e-06, -0.599933, 0.80005, 0.0, 0.0, 0.0, 0.0, 1.0], [0.997363, 0.072408, 0.004897, -0.0, -0.069116, 0.927094, 0.368403, 0.37472, 0.022136, -0.36777, 0.929653, 0.0, 0.0, 0.0, 0.0, 1.0]]}, {"name": "Knee_R", "time": [0.0, 2.0], "transform": [[1.0, 1e-06, -1e-06, 0.0, -1e-06, -0.0, -1.0, 0.374721, -1e-06, 1.0, -0.0, -0.0, 0.0, 0.0, 0.0, 1.0], [1.0, 1e-06, -1e-06, 0.0, -1e-06, -0.0, -1.0, 0.374721, -1e-06, 1.0, -0.0, -0.0, 0.0, 0.0, 0.0, 1.0]]}, {"name": "Thigh_L", "time": [0.0, 1.0, 2.0], "transform": [[0.992808, 0.10834, -0.050933, -0.125094, 0.111734, -0.991318, 0.069325, -0.002832, -0.04298, -0.074518, -0.996293, -2.9e-05, 0.0, 0.0, 0.0, 1.0], [0.99266, 0.100444, -0.067365, -0.125006, 0.11405, -0.962781, 0.245044, -0.002831, -0.040245, -0.250929, -0.967169, -1.2e-05, 0.0, 0.0, 0.0, 1.0], [0.992808, 0.10834, -0.050933, -0.125094, 0.111734, -0.991318, 0.069325, -0.002832, -0.04298, -0.074518, -0.996293, -2.9e-05, 0.0, 0.0, 0.0, 1.0]]}, {"name": "Leg_L", "time": [0.0, 1.0, 2.0], "transform": [[0.999966, 0.000317, -0.008155, 0.0, -0.000261, 0.999977, 0.006944, 0.37472, 0.008157, -0.006941, 0.999943, 0.0, 0.0, 0.0, 0.0, 1.0], [1.0, 0.0, 1e-06, 0.0, -0.0, 0.9351, 0.354386, 0.37472, -1e-06, -0.354387, 0.935099, -0.0, 0.0, 0.0, 0.0, 1.0], [0.999966, 0.000317, -0.008155, 0.0, -0.000261, 0.999977, 0.006944, 0.37472, 0.008157, -0.006941, 0.999943, 0.0, 0.0, 0.0, 0.0, 1.0]]}, {"name": "Knee_L", "time": [0.0, 2.0], "transform": [[1.0, 1e-06, -1e-06, 0.0, -1e-06, -0.0, -1.0, 0.37472, -1e-06, 1.0, -0.0, -0.0, 0.0, 0.0, 0.0, 1.0], [1.0, 1e-06, -1e-06, 0.0, -1e-06, -0.0, -1.0, 0.37472, -1e-06, 1.0, -0.0, -0.0, 0.0, 0.0, 0.0, 1.0]]}, {"name": "Torso", "time": [0.0, 2.0], "transform": [[1.0, 0.000109, -7e-06, -0.0, -0.000109, 0.993486, -0.113954, 0.05, -5e-06, 0.113954, 0.993486, -0.0, 0.0, 0.0, 0.0, 1.0], [1.0, 0.000109, -7e-06, -0.0, -0.000109, 0.993486, -0.113954, 0.05, -5e-06, 0.113954, 0.993486, -0.0, 0.0, 0.0, 0.0, 1.0]]}, {"name": "Chest", "time": [0.0, 1.0, 2.0], "transform": [[0.55485, 0.044244, -0.830773, 0.0, 0.054292, 0.99453, 0.089226, 0.3, 0.830177, -0.094612, 0.549413, -0.0, 0.0, 0.0, 0.0, 1.0], [0.553965, 0.044107, -0.831371, 0.0, 0.127433, 0.982336, 0.137028, 0.3, 0.822729, -0.181853, 0.53856, -0.0, 0.0, 0.0, 0.0, 1.0], [0.55485, 0.044244, -0.830773, 0.0, 0.054292, 0.99453, 0.089226, 0.3, 0.830177, -0.094612, 0.549413, -0.0, 0.0, 0.0, 0.0, 1.0]]}, {"name": "Head", "time": [0.0, 1.0, 2.0], "transform": [[0.566491, -0.288928, 0.771757, -0.0, -0.029999, 0.928669, 0.369693, 0.4, -0.823521, -0.232579, 0.517416, 0.0, 0.0, 0.0, 0.0, 1.0], [0.557601, -0.233848, 0.796491, -0.0, -0.032002, 0.952731, 0.302124, 0.4, -0.829492, -0.193954, 0.52376, 0.0, 0.0, 0.0, 0.0, 1.0], [0.566491, -0.288928, 0.771757, -0.0, -0.029999, 0.928669, 0.369693, 0.4, -0.823521, -0.232579, 0.517416, 0.0, 0.0, 0.0, 0.0, 1.0]]}, {"name": "Shoulder_R", "time": [0.0, 2.0], "transform": [[0.267339, 0.903376, 0.335335, -0.0, -0.051205, -0.334194, 0.941111, 0.4, 0.962242, -0.268768, -0.043085, 0.0, 0.0, 0.0, 0.0, 1.0], [0.267339, 0.903376, 0.335335, -0.0, -0.051205, -0.334194, 0.941111, 0.4, 0.962242, -0.268768, -0.043085, 0.0, 0.0, 0.0, 0.0, 1.0]]}, {"name": "Arm_R", "time": [0.0, 2.0], "transform": [[0.005175, 0.212465, -0.977164, 0.0, 0.667456, 0.726921, 0.16159, 0.39386, 0.744657, -0.653036, -0.138047, 0.0, 0.0, 0.0, 0.0, 1.0], [0.005175, 0.212465, -0.977164, 0.0, 0.667456, 0.726921, 0.16159, 0.39386, 0.744657, -0.653036, -0.138047, 0.0, 0.0, 0.0, 0.0, 1.0]]}, {"name": "Hand_R", "time": [0.0, 2.0], "transform": [[0.996946, 0.075916, -0.017781, -0.0, -0.076779, 0.916167, -0.393376, 0.300001, -0.013573, 0.393543, 0.91921, -0.0, 0.0, 0.0, 0.0, 1.0], [0.996946, 0.075916, -0.017781, -0.0, -0.076779, 0.916167, -0.393376, 0.300001, -0.013573, 0.393543, 0.91921, -0.0, 0.0, 0.0, 0.0, 1.0]]}, {"name": "Tool_R", "time": [0.0, 2.0], "transform": [[0.999001, -0.00645, -0.044228, 0.001599, -0.03288, -0.776349, -0.629444, 0.256316, -0.030276, 0.63027, -0.775786, -0.008099, 0.0, 0.0, 0.0, 1.0], [0.999001, -0.00645, -0.044228, 0.001599, -0.03288, -0.776349, -0.629444, 0.256316, -0.030276, 0.63027, -0.775786, -0.008099, 0.0, 0.0, 0.0, 1.0]]}, {"name": "Elbow_R", "time": [0.0, 2.0], "transform": [[-1.0, 1e-06, -0.0, -1e-06, 0.0, 0.0, -0.999999, 0.299996, -1e-06, -0.999995, -0.0, -1e-06, 0.0, 0.0, 0.0, 1.0], [-1.0, 1e-06, -0.0, -1e-06, 0.0, 0.0, -0.999999, 0.299996, -1e-06, -0.999995, -0.0, -1e-06, 0.0, 0.0, 0.0, 1.0]]}, {"name": "Shoulder_L", "time": [0.0, 2.0], "transform": [[-0.448788, -0.838758, -0.308348, 0.0, -0.008643, -0.340958, 0.94004, 0.399999, -0.893602, 0.424542, 0.145768, -0.0, 0.0, 0.0, 0.0, 1.0], [-0.448788, -0.838758, -0.308348, 0.0, -0.008643, -0.340958, 0.94004, 0.399999, -0.893602, 0.424542, 0.145768, -0.0, 0.0, 0.0, 0.0, 1.0]]}, {"name": "Arm_L", "time": [0.0, 2.0], "transform": [[-0.0056, -0.334099, 0.94252, -0.0, -0.930901, 0.345986, 0.117112, 0.39386, -0.365226, -0.876739, -0.31295, -0.0, 0.0, 0.0, 0.0, 1.0], [-0.0056, -0.334099, 0.94252, -0.0, -0.930901, 0.345986, 0.117112, 0.39386, -0.365226, -0.876739, -0.31295, -0.0, 0.0, 0.0, 0.0, 1.0]]}, {"name": "Hand_L", "time": [0.0, 2.0], "transform": [[0.985933, -0.14495, -0.083244, -0.0, 0.048321, 0.72391, -0.688204, 0.3, 0.160016, 0.674502, 0.720727, 0.0, 0.0, 0.0, 0.0, 1.0], [0.985933, -0.14495, -0.083244, -0.0, 0.048321, 0.72391, -0.688204, 0.3, 0.160016, 0.674502, 0.720727, 0.0, 0.0, 0.0, 0.0, 1.0]]}, {"name": "Tool_L", "time": [0.0, 2.0], "transform": [[0.999749, -0.0, 0.0, -0.0, -0.0, -0.96584, -0.257822, 0.271204, 0.0, 0.257638, -0.966529, -0.0, 0.0, 0.0, 0.0, 1.0], [0.999749, -0.0, 0.0, -0.0, -0.0, -0.96584, -0.257822, 0.271204, 0.0, 0.257638, -0.966529, -0.0, 0.0, 0.0, 0.0, 1.0]]}, {"name": "Elbow_L", "time": [0.0, 2.0], "transform": [[-1.000001, 1e-06, 2e-06, 0.00016, -2e-06, 0.0, -1.0, 0.303661, -1e-06, -1.0, -0.0, 5.4e-05, 0.0, 0.0, 0.0, 1.0], [-1.000001, 1e-06, 2e-06, 0.00016, -2e-06, 0.0, -1.0, 0.303661, -1e-06, -1.0, -0.0, 5.4e-05, 0.0, 0.0, 0.0, 1.0]]}, {"name": "Leg_R_IK", "time": [0.0, 2.0], "transform": [[1.0, 0.0, 0.0, 0.125011, 0.0, 1.0, 0.0, 0.000917, 0.0, 0.0, 1.0, 0.02164, 0.0, 0.0, 0.0, 1.0], [1.0, 0.0, 0.0, 0.125011, 0.0, 1.0, 0.0, 0.000917, 0.0, 0.0, 1.0, 0.02164, 0.0, 0.0, 0.0, 1.0]]}, {"name": "Leg_L_IK", "time": [0.0, 2.0], "transform": [[1.0, 0.0, 0.0, -0.124989, 0.0, 1.0, 0.0, 0.000917, 0.0, 0.0, 1.0, 0.02164, 0.0, 0.0, 0.0, 1.0], [1.0, 0.0, 0.0, -0.124989, 0.0, 1.0, 0.0, 0.000917, 0.0, 0.0, 1.0, 0.02164, 0.0, 0.0, 0.0, 1.0]]}, {"name": "Weapon_IK", "time": [0.0, 2.0], "transform": [[0.534268, 0.076222, -0.841872, 0.29395, -0.671297, 0.64352, -0.367754, -0.46088, 0.51373, 0.761625, 0.39498, 0.8878, 0.0, 0.0, 0.0, 1.0], [0.534268, 0.076222, -0.841872, 0.29395, -0.671297, 0.64352, -0.367754, -0.46088, 0.51373, 0.761625, 0.39498, 0.8878, 0.0, 0.0, 0.0, 1.0]]}]}