{"animation": [{"name": "Root", "time": [0.0, 0.1, 0.1333, 0.1667, 0.2667, 0.3667, 0.4, 0.4333, 0.5333], "transform": [[1.0, 0.0, 0.0, -0.006877, 0.0, 0.0, -1.0, 0.001276, 0.0, 1.0, 0.0, 0.617412, 0.0, 0.0, 0.0, 1.0], [1.0, 0.0, 0.0, -0.041942, 0.0, 0.0, -1.0, 0.001276, 0.0, 1.0, 0.0, 0.451716, 0.0, 0.0, 0.0, 1.0], [1.0, 0.0, 0.0, -0.049201, 0.0, 0.0, -1.0, 0.001276, 0.0, 1.0, 0.0, 0.417413, 0.0, 0.0, 0.0, 1.0], [1.0, 0.0, 0.0, -0.043898, 0.0, 0.0, -1.0, 0.001276, 0.0, 1.0, 0.0, 0.484749, 0.0, 0.0, 0.0, 1.0], [1.0, 0.0, 0.0, 0.00652, 0.0, 0.0, -1.0, 0.001276, 0.0, 1.0, 0.0, 0.617412, 0.0, 0.0, 0.0, 1.0], [1.0, 0.0, 0.0, 0.041585, 0.0, 0.0, -1.0, 0.001276, 0.0, 1.0, 0.0, 0.451716, 0.0, 0.0, 0.0, 1.0], [1.0, 0.0, 0.0, 0.048844, 0.0, 0.0, -1.0, 0.001276, 0.0, 1.0, 0.0, 0.417413, 0.0, 0.0, 0.0, 1.0], [1.0, 0.0, 0.0, 0.043541, 0.0, 0.0, -1.0, 0.001276, 0.0, 1.0, 0.0, 0.484749, 0.0, 0.0, 0.0, 1.0], [1.0, 0.0, 0.0, -0.006877, 0.0, 0.0, -1.0, 0.001276, 0.0, 1.0, 0.0, 0.617412, 0.0, 0.0, 0.0, 1.0]]}, {"name": "Thigh_R", "time": [0.0, 0.1, 0.1333, 0.1667, 0.2167, 0.2667, 0.3667, 0.4, 0.4333, 0.5333], "transform": [[0.992952, -0.1165, -0.021787, 0.119037, -0.040581, -0.506904, 0.861046, 0.022547, -0.111356, -0.854092, -0.508059, -0.043541, 0.0, 0.0, 0.0, 1.0], [0.998881, -0.045453, 0.013083, 0.122674, -0.020821, -0.17419, 0.984492, 0.039571, -0.042469, -0.983661, -0.174942, -0.050101, 0.0, 0.0, 0.0, 1.0], [0.999734, -0.005421, 0.022393, 0.124722, -0.022591, -0.421499, 0.906548, 0.026919, 0.004525, -0.906812, -0.42151, -0.046229, 0.0, 0.0, 0.0, 1.0], [0.999371, -0.022722, 0.027236, 0.123806, -0.033497, -0.352023, 0.935391, 0.020723, -0.011667, -0.935716, -0.352562, -0.042826, 0.0, 0.0, 0.0, 1.0], [0.994406, -0.100805, 0.031528, 0.120778, -0.094129, -0.710398, 0.697477, 0.006375, -0.047912, -0.696543, -0.715913, -0.021364, 0.0, 0.0, 0.0, 1.0], [0.986517, -0.162625, -0.018346, 0.117979, -0.160297, -0.982772, 0.091997, -0.002187, -0.032991, -0.087816, -0.99559, 0.004026, 0.0, 0.0, 0.0, 1.0], [0.979779, -0.160012, -0.120124, 0.116795, -0.19142, -0.574865, -0.795543, 0.01875, 0.058242, 0.80245, -0.59387, 0.041069, 0.0, 0.0, 0.0, 1.0], [0.973628, -0.159382, -0.163237, 0.116819, -0.22533, -0.783801, -0.57869, 0.008122, -0.035713, 0.60021, -0.799044, 0.030703, 0.0, 0.0, 0.0, 1.0], [0.975973, -0.16172, -0.146022, 0.116703, -0.19948, -0.932777, -0.300221, 0.000564, -0.087654, 0.322136, -0.942627, 0.01647, 0.0, 0.0, 0.0, 1.0], [0.992952, -0.1165, -0.021787, 0.119037, -0.040581, -0.506904, 0.861046, 0.022547, -0.111356, -0.854092, -0.508059, -0.043541, 0.0, 0.0, 0.0, 1.0]]}, {"name": "Leg_R", "time": [0.0, 0.1, 0.1333, 0.1667, 0.2167, 0.2667, 0.3667, 0.4, 0.4333, 0.5333], "transform": [[0.990501, -0.129565, -0.046046, -0.0, -0.042684, -0.608044, 0.792757, 0.37472, -0.130711, -0.783259, -0.6078, -0.0, 0.0, 0.0, 0.0, 1.0], [0.999375, -0.019251, -0.029644, -0.0, 0.032902, 0.813085, 0.581215, 0.37472, 0.012914, -0.581829, 0.813208, -0.0, 0.0, 0.0, 0.0, 1.0], [0.99888, 0.010027, -0.046247, 0.0, 0.015019, 0.859596, 0.510754, 0.37472, 0.044875, -0.510878, 0.85848, 0.0, 0.0, 0.0, 0.0, 1.0], [0.999178, 0.013185, -0.038325, 0.0, 0.023908, 0.571824, 0.820029, 0.37472, 0.032727, -0.820268, 0.571041, -0.0, 0.0, 0.0, 0.0, 1.0], [0.999001, 0.039385, -0.021133, -0.0, 0.003274, 0.40706, 0.913397, 0.37472, 0.044577, -0.912551, 0.406525, -0.0, 0.0, 0.0, 0.0, 1.0], [0.998467, 0.052351, -0.017953, -0.0, -0.017628, 0.608333, 0.793487, 0.37472, 0.052461, -0.791953, 0.608324, -0.0, 0.0, 0.0, 0.0, 1.0], [0.999829, -0.017918, -0.004651, -0.0, 0.018459, 0.945871, 0.324022, 0.37472, -0.001406, -0.324052, 0.946038, 0.0, 0.0, 0.0, 0.0, 1.0], [0.962278, -0.271883, 0.010016, 0.0, 0.044471, 0.193503, 0.980091, 0.37472, -0.268408, -0.942676, 0.198295, -0.0, 0.0, 0.0, 0.0, 1.0], [0.972333, -0.233309, 0.011663, -0.0, 0.036084, 0.199336, 0.979266, 0.37472, -0.230796, -0.951753, 0.202239, -0.0, 0.0, 0.0, 0.0, 1.0], [0.990501, -0.129565, -0.046046, -0.0, -0.042684, -0.608044, 0.792757, 0.37472, -0.130711, -0.783259, -0.6078, -0.0, 0.0, 0.0, 0.0, 1.0]]}, {"name": "Knee_R", "time": [0.0, 0.1, 0.1333, 0.1667, 0.2667, 0.3667, 0.4, 0.4333, 0.5333], "transform": [[1.0, 1e-06, -2e-06, -9.9e-05, -2e-06, -1e-06, -1.0, 0.40892, -1e-06, 1.0, -1e-06, -0.00034, 0.0, 0.0, 0.0, 1.0], [1.0, 1e-06, -2e-06, -0.00015, -2e-06, -1e-06, -1.0, 0.426512, -1e-06, 1.0, -1e-06, -0.000515, 0.0, 0.0, 0.0, 1.0], [1.0, 1e-06, -2e-06, -0.000178, -2e-06, -1e-06, -1.0, 0.436392, -1e-06, 1.0, -1e-06, -0.000613, 0.0, 0.0, 0.0, 1.0], [1.0, 1e-06, -2e-06, -0.000166, -2e-06, -1e-06, -1.0, 0.432043, -1e-06, 1.0, -1e-06, -0.00057, 0.0, 0.0, 0.0, 1.0], [1.0, 1e-06, -2e-06, -7.9e-05, -2e-06, -1e-06, -1.0, 0.402191, -1e-06, 1.0, -1e-06, -0.000273, 0.0, 0.0, 0.0, 1.0], [1.0, 1e-06, -2e-06, -2.8e-05, -2e-06, -1e-06, -1.0, 0.3846, -1e-06, 1.0, -1e-06, -9.8e-05, 0.0, 0.0, 0.0, 1.0], [1.0, 1e-06, -2e-06, 0.0, -2e-06, -1e-06, -1.0, 0.374721, -1e-06, 1.0, -1e-06, -0.0, 0.0, 0.0, 0.0, 1.0], [1.0, 1e-06, -2e-06, -1.2e-05, -2e-06, -1e-06, -1.0, 0.379069, -1e-06, 1.0, -1e-06, -4.3e-05, 0.0, 0.0, 0.0, 1.0], [1.0, 1e-06, -2e-06, -9.9e-05, -2e-06, -1e-06, -1.0, 0.40892, -1e-06, 1.0, -1e-06, -0.00034, 0.0, 0.0, 0.0, 1.0]]}, {"name": "Thigh_L", "time": [0.0, 0.1, 0.1333, 0.1667, 0.2667, 0.3667, 0.4, 0.4333, 0.4833, 0.5333], "transform": [[0.986518, 0.16262, 0.018345, -0.117989, 0.160292, -0.982772, 0.091997, -0.002217, 0.03299, -0.087816, -0.99559, 0.004018, 0.0, 0.0, 0.0, 1.0], [0.979779, 0.160008, 0.120123, -0.116803, 0.191417, -0.574865, -0.795543, 0.018708, -0.058239, 0.80245, -0.59387, 0.041081, 0.0, 0.0, 0.0, 1.0], [0.973628, 0.159378, 0.163236, -0.116826, 0.225326, -0.783801, -0.57869, 0.008073, 0.035714, 0.60021, -0.799044, 0.030695, 0.0, 0.0, 0.0, 1.0], [0.975974, 0.161716, 0.14602, -0.11671, 0.199476, -0.932777, -0.300222, 0.000521, 0.087654, 0.322136, -0.942626, 0.016451, 0.0, 0.0, 0.0, 1.0], [0.992952, 0.116496, 0.021785, -0.119048, 0.040581, -0.506904, 0.861047, 0.022538, 0.111351, -0.854093, -0.50806, -0.043565, 0.0, 0.0, 0.0, 1.0], [0.998881, 0.045449, -0.013086, -0.122687, 0.020823, -0.174191, 0.984492, 0.039567, 0.042465, -0.983661, -0.174942, -0.05011, 0.0, 0.0, 0.0, 1.0], [0.999734, 0.005416, -0.022396, -0.124734, 0.022592, -0.421499, 0.906547, 0.026913, -0.00453, -0.906811, -0.42151, -0.046228, 0.0, 0.0, 0.0, 1.0], [0.999389, 0.022881, -0.026414, -0.123818, 0.033155, -0.381912, 0.923603, 0.020716, 0.011046, -0.923916, -0.382437, -0.042827, 0.0, 0.0, 0.0, 1.0], [0.991899, 0.120323, -0.040727, -0.120276, 0.117722, -0.750243, 0.650596, 0.00621, 0.047727, -0.65012, -0.75833, -0.015229, 0.0, 0.0, 0.0, 1.0], [0.986518, 0.16262, 0.018345, -0.117989, 0.160292, -0.982772, 0.091997, -0.002217, 0.03299, -0.087816, -0.99559, 0.004018, 0.0, 0.0, 0.0, 1.0]]}, {"name": "Leg_L", "time": [0.0, 0.1, 0.1333, 0.1667, 0.2667, 0.3667, 0.4, 0.4333, 0.4833, 0.5333], "transform": [[0.998468, -0.05235, 0.017959, 0.0, 0.017623, 0.608332, 0.793487, 0.37472, -0.052464, -0.791954, 0.608322, 0.0, 0.0, 0.0, 0.0, 1.0], [0.999829, 0.01792, 0.004656, 0.0, -0.018462, 0.94587, 0.324022, 0.37472, 0.001402, -0.324052, 0.946038, -0.0, 0.0, 0.0, 0.0, 1.0], [0.96228, 0.271879, -0.01001, 0.0, -0.044476, 0.193502, 0.980091, 0.37472, 0.268403, -0.942677, 0.198296, 0.0, 0.0, 0.0, 0.0, 1.0], [0.972334, 0.233306, -0.011657, 0.0, -0.03609, 0.199335, 0.979267, 0.37472, 0.230792, -0.951753, 0.20224, 0.0, 0.0, 0.0, 0.0, 1.0], [0.990502, 0.12956, 0.046053, 0.0, 0.042675, -0.608044, 0.792755, 0.37472, 0.130712, -0.78326, -0.607798, 0.0, 0.0, 0.0, 0.0, 1.0], [0.999375, 0.019251, 0.029649, -0.0, -0.032906, 0.813084, 0.581216, 0.37472, -0.012919, -0.581828, 0.813209, 0.0, 0.0, 0.0, 0.0, 1.0], [0.99888, -0.010026, 0.046252, -0.0, -0.015022, 0.859596, 0.510754, 0.37472, -0.044879, -0.510877, 0.858482, -0.0, 0.0, 0.0, 0.0, 1.0], [0.999161, -0.012894, 0.038882, 0.0, -0.023054, 0.607607, 0.793903, 0.37472, -0.033862, -0.794134, 0.6068, -0.0, 0.0, 0.0, 0.0, 1.0], [0.99928, -0.034985, 0.01474, -0.0, -0.004994, 0.263751, 0.964578, 0.37472, -0.037633, -0.963956, 0.263387, 0.0, 0.0, 0.0, 0.0, 1.0], [0.998468, -0.05235, 0.017959, 0.0, 0.017623, 0.608332, 0.793487, 0.37472, -0.052464, -0.791954, 0.608322, 0.0, 0.0, 0.0, 0.0, 1.0]]}, {"name": "Knee_L", "time": [0.0, 0.1, 0.1333, 0.1667, 0.2667, 0.3667, 0.4, 0.4333, 0.5333], "transform": [[1.0, 1e-06, -1e-06, 8e-05, -1e-06, -1e-06, -1.0, 0.402191, -1e-06, 1.0, -1e-06, -0.000273, 0.0, 0.0, 0.0, 1.0], [1.0, 1e-06, -1e-06, 2.9e-05, -1e-06, -1e-06, -1.0, 0.3846, -1e-06, 1.0, -1e-06, -9.8e-05, 0.0, 0.0, 0.0, 1.0], [1.0, 1e-06, -1e-06, -0.0, -1e-06, -1e-06, -1.0, 0.37472, -1e-06, 1.0, -1e-06, 0.0, 0.0, 0.0, 0.0, 1.0], [1.0, 1e-06, -1e-06, 1.2e-05, -1e-06, -1e-06, -1.0, 0.379069, -1e-06, 1.0, -1e-06, -4.3e-05, 0.0, 0.0, 0.0, 1.0], [1.0, 1e-06, -1e-06, 9.9e-05, -1e-06, -1e-06, -1.0, 0.40892, -1e-06, 1.0, -1e-06, -0.00034, 0.0, 0.0, 0.0, 1.0], [1.0, 1e-06, -1e-06, 0.00015, -1e-06, -1e-06, -1.0, 0.426512, -1e-06, 1.0, -1e-06, -0.000515, 0.0, 0.0, 0.0, 1.0], [1.0, 1e-06, -1e-06, 0.000179, -1e-06, -1e-06, -1.0, 0.436391, -1e-06, 1.0, -1e-06, -0.000613, 0.0, 0.0, 0.0, 1.0], [1.0, 1e-06, -1e-06, 0.000166, -1e-06, -1e-06, -1.0, 0.432043, -1e-06, 1.0, -1e-06, -0.00057, 0.0, 0.0, 0.0, 1.0], [1.0, 1e-06, -1e-06, 8e-05, -1e-06, -1e-06, -1.0, 0.402191, -1e-06, 1.0, -1e-06, -0.000273, 0.0, 0.0, 0.0, 1.0]]}, {"name": "Torso", "time": [0.0, 0.5333], "transform": [[1.0, 0.0, 0.0, 0.0, 0.0, 0.818218, 0.574908, 0.05, 0.0, -0.574908, 0.818218, 0.0, 0.0, 0.0, 0.0, 1.0], [1.0, 0.0, 0.0, 0.0, 0.0, 0.818218, 0.574908, 0.05, 0.0, -0.574908, 0.818218, 0.0, 0.0, 0.0, 0.0, 1.0]]}, {"name": "Chest", "time": [0.0, 0.1333, 0.4, 0.5333], "transform": [[1.0, 0.0, -0.0, 0.0, -0.0, 0.803803, 0.594895, 0.3, 0.0, -0.594895, 0.803803, -0.0, 0.0, 0.0, 0.0, 1.0], [0.999669, 0.0, -0.025723, 0.0, 0.011083, 0.902416, 0.430724, 0.3, 0.023213, -0.430866, 0.902117, 0.0, 0.0, 0.0, 0.0, 1.0], [0.995918, 0.0, 0.09026, -0.0, -0.037963, 0.907249, 0.418877, 0.3, -0.081888, -0.420594, 0.903546, 0.0, 0.0, 0.0, 0.0, 1.0], [1.0, 0.0, -0.0, 0.0, -0.0, 0.803803, 0.594895, 0.3, 0.0, -0.594895, 0.803803, -0.0, 0.0, 0.0, 0.0, 1.0]]}, {"name": "Head", "time": [0.0, 0.1333, 0.4, 0.5333], "transform": [[0.997924, 0.00474, 0.064231, -0.0, 0.04088, 0.724015, -0.688572, 0.4, -0.049768, 0.689768, 0.722318, 0.0, 0.0, 0.0, 0.0, 1.0], [0.998807, 0.04809, -0.008512, -0.0, -0.040713, 0.723638, -0.688977, 0.4, -0.026973, 0.688502, 0.724733, 0.0, 0.0, 0.0, 0.0, 1.0], [0.995917, -0.065407, -0.062225, -0.0, 0.004593, 0.725078, -0.688652, 0.4, 0.090161, 0.685554, 0.722417, 0.0, 0.0, 0.0, 0.0, 1.0], [0.997924, 0.00474, 0.064231, -0.0, 0.04088, 0.724015, -0.688572, 0.4, -0.049768, 0.689768, 0.722318, 0.0, 0.0, 0.0, 0.0, 1.0]]}, {"name": "Shoulder_R", "time": [0.0, 0.1333, 0.2667, 0.4, 0.5333], "transform": [[0.057138, 0.962348, 0.265754, -0.0, -0.052327, -0.262937, 0.963393, 0.4, 0.996995, -0.068953, 0.035333, 0.0, 0.0, 0.0, 0.0, 1.0], [-0.061973, 0.97181, 0.227478, -0.0, 0.025986, -0.226268, 0.973717, 0.4, 0.997739, 0.066255, -0.011231, 0.0, 0.0, 0.0, 0.0, 1.0], [-0.083608, 0.907867, 0.41084, 0.0, -0.091406, -0.417533, 0.904052, 0.4, 0.992297, 0.038033, 0.117893, 0.0, 0.0, 0.0, 0.0, 1.0], [0.046986, 0.969797, 0.239352, -0.0, 0.218938, -0.243789, 0.944793, 0.4, 0.974607, 0.008011, -0.22378, 0.0, 0.0, 0.0, 0.0, 1.0], [0.057138, 0.962348, 0.265754, -0.0, -0.052327, -0.262937, 0.963393, 0.4, 0.996995, -0.068953, 0.035333, 0.0, 0.0, 0.0, 0.0, 1.0]]}, {"name": "Arm_R", "time": [0.0, 0.1333, 0.2667, 0.4, 0.5333], "transform": [[0.843218, -0.189227, -0.50317, 0.0, 0.526588, 0.479018, 0.702316, 0.39386, 0.108131, -0.857166, 0.503561, 0.0, 0.0, 0.0, 0.0, 1.0], [0.808418, -0.196785, -0.554744, 0.0, 0.580162, 0.425528, 0.694507, 0.39386, 0.09939, -0.88329, 0.458171, 0.0, 0.0, 0.0, 0.0, 1.0], [0.783442, -0.117659, -0.610228, -0.0, 0.561344, 0.555319, 0.613609, 0.39386, 0.266676, -0.823272, 0.501106, 0.0, 0.0, 0.0, 0.0, 1.0], [0.941812, -0.216159, -0.257431, 0.0, 0.330678, 0.458172, 0.825065, 0.39386, -0.060398, -0.862179, 0.50299, -0.0, 0.0, 0.0, 0.0, 1.0], [0.843218, -0.189227, -0.50317, 0.0, 0.526588, 0.479018, 0.702316, 0.39386, 0.108131, -0.857166, 0.503561, 0.0, 0.0, 0.0, 0.0, 1.0]]}, {"name": "Hand_R", "time": [0.0, 0.1333, 0.2667, 0.4, 0.5333], "transform": [[0.999968, 0.008017, 8e-06, 0.0, -0.007399, 0.923138, -0.384399, 0.3, -0.003089, 0.384386, 0.923169, -0.0, 0.0, 0.0, 0.0, 1.0], [0.995939, -0.090011, 0.001791, -0.0, 0.081873, 0.897258, -0.433849, 0.300001, 0.037445, 0.432233, 0.900986, -0.0, 0.0, 0.0, 0.0, 1.0], [0.997815, -0.066049, -0.000452, -0.0, 0.060105, 0.910815, -0.408413, 0.300001, 0.027386, 0.407491, 0.912803, -0.0, 0.0, 0.0, 0.0, 1.0], [0.994834, -0.101509, -0.001724, 0.0, 0.093504, 0.922742, -0.373907, 0.3, 0.039545, 0.371814, 0.927465, -0.0, 0.0, 0.0, 0.0, 1.0], [0.999968, 0.008017, 8e-06, 0.0, -0.007399, 0.923138, -0.384399, 0.3, -0.003089, 0.384386, 0.923169, -0.0, 0.0, 0.0, 0.0, 1.0]]}, {"name": "Tool_R", "time": [0.0, 0.1333, 0.2667, 0.4, 0.5333], "transform": [[0.990016, 0.06896, -0.122615, -0.0, 0.002632, -0.881097, -0.471503, 0.272858, -0.140783, 0.467201, -0.868759, -0.0, 0.0, 0.0, 0.0, 1.0], [0.990016, 0.06896, -0.122615, 0.0, 0.002632, -0.881097, -0.471503, 0.272858, -0.140783, 0.467201, -0.868759, -0.0, 0.0, 0.0, 0.0, 1.0], [0.990016, 0.06896, -0.122615, 0.0, 0.002632, -0.881097, -0.471503, 0.272858, -0.140783, 0.467201, -0.868759, -0.0, 0.0, 0.0, 0.0, 1.0], [0.990016, 0.06896, -0.122615, -0.0, 0.002632, -0.881097, -0.471503, 0.272858, -0.140783, 0.467202, -0.868759, -0.0, 0.0, 0.0, 0.0, 1.0], [0.990016, 0.06896, -0.122615, -0.0, 0.002632, -0.881097, -0.471503, 0.272858, -0.140783, 0.467201, -0.868759, -0.0, 0.0, 0.0, 0.0, 1.0]]}, {"name": "Elbow_R", "time": [0.0, 0.5333], "transform": [[-1.0, 1e-06, -0.0, 0.00023, 1e-06, 0.451994, -0.89202, 0.299238, -1e-06, -0.892018, -0.451995, 0.018876, 0.0, 0.0, 0.0, 1.0], [-1.0, 1e-06, -0.0, 0.00023, 1e-06, 0.451994, -0.89202, 0.299238, -1e-06, -0.892018, -0.451995, 0.018876, 0.0, 0.0, 0.0, 1.0]]}, {"name": "Shoulder_L", "time": [0.0, 0.1333, 0.2667, 0.4, 0.5333], "transform": [[-0.215433, -0.859267, -0.463952, -0.0, 0.23909, -0.50706, 0.828086, 0.399999, -0.946799, 0.06747, 0.314679, 0.0, 0.0, 0.0, 0.0, 1.0], [-0.273954, -0.856549, -0.43735, -0.0, 0.043054, -0.465213, 0.884152, 0.399999, -0.960781, 0.223386, 0.164324, 0.0, 0.0, 0.0, 0.0, 1.0], [-0.102551, -0.930322, -0.352117, -0.0, 0.312392, -0.366195, 0.876535, 0.399999, -0.944404, -0.020109, 0.328178, -0.0, 0.0, 0.0, 0.0, 1.0], [-0.130158, -0.948258, -0.289599, 0.0, 0.293533, -0.315843, 0.902266, 0.399999, -0.947049, 0.03243, 0.319453, 0.0, 0.0, 0.0, 0.0, 1.0], [-0.215433, -0.859267, -0.463952, -0.0, 0.23909, -0.50706, 0.828086, 0.399999, -0.946799, 0.06747, 0.314679, 0.0, 0.0, 0.0, 0.0, 1.0]]}, {"name": "Arm_L", "time": [0.0, 0.1333, 0.2667, 0.4, 0.5333], "transform": [[0.403158, -0.308726, 0.861481, -0.0, -0.611758, 0.609199, 0.504606, 0.39386, -0.680598, -0.730457, 0.056737, 0.0, 0.0, 0.0, 0.0, 1.0], [0.403158, -0.308726, 0.861481, 0.0, -0.611758, 0.609199, 0.504606, 0.39386, -0.680599, -0.730457, 0.056737, -0.0, 0.0, 0.0, 0.0, 1.0], [0.484577, -0.502957, 0.715694, 0.0, -0.501917, 0.510222, 0.698392, 0.39386, -0.716424, -0.697646, -0.005201, -0.0, 0.0, 0.0, 0.0, 1.0], [0.426908, -0.548185, 0.719195, 0.0, -0.518769, 0.502967, 0.691305, 0.39386, -0.740694, -0.668221, -0.06966, -0.0, 0.0, 0.0, 0.0, 1.0], [0.403158, -0.308726, 0.861481, -0.0, -0.611758, 0.609199, 0.504606, 0.39386, -0.680598, -0.730457, 0.056737, 0.0, 0.0, 0.0, 0.0, 1.0]]}, {"name": "Hand_L", "time": [0.0, 0.5333], "transform": [[0.999999, -0.0, 0.0, -0.0, 0.0, 0.806354, -0.591435, 0.3, 0.0, 0.591435, 0.806354, 0.0, 0.0, 0.0, 0.0, 1.0], [0.999999, -0.0, 0.0, -0.0, 0.0, 0.806354, -0.591435, 0.3, 0.0, 0.591435, 0.806354, 0.0, 0.0, 0.0, 0.0, 1.0]]}, {"name": "Tool_L", "time": [0.0, 0.1333, 0.2667, 0.4, 0.5333], "transform": [[1.0, 0.0, 0.0, -0.0, -0.0, -0.823031, 0.567923, 0.158218, 0.0, -0.567658, -0.822422, 0.131064, 0.0, 0.0, 0.0, 1.0], [1.0, 0.0, 0.0, -0.0, -0.0, -0.823031, 0.567923, 0.158218, 0.0, -0.567658, -0.822422, 0.131064, 0.0, 0.0, 0.0, 1.0], [1.0, -0.0, 0.0, -0.0, -0.0, -0.823031, 0.567923, 0.158218, 0.0, -0.567658, -0.822422, 0.131064, 0.0, 0.0, 0.0, 1.0], [1.0, -0.0, 0.0, -0.0, -0.0, -0.823031, 0.567923, 0.158218, 0.0, -0.567658, -0.822422, 0.131064, 0.0, 0.0, 0.0, 1.0], [1.0, 0.0, 0.0, -0.0, -0.0, -0.823031, 0.567923, 0.158218, 0.0, -0.567658, -0.822422, 0.131064, 0.0, 0.0, 0.0, 1.0]]}, {"name": "Elbow_L", "time": [0.0, 0.5333], "transform": [[-1.0, 1e-06, 2e-06, -0.000141, -2e-06, 0.0, -1.0, 0.382207, -1e-06, -1.0, -1e-06, 0.000229, 0.0, 0.0, 0.0, 1.0], [-1.0, 1e-06, 2e-06, -0.000141, -2e-06, 0.0, -1.0, 0.382207, -1e-06, -1.0, -1e-06, 0.000229, 0.0, 0.0, 0.0, 1.0]]}, {"name": "Leg_R_IK", "time": [0.0, 0.5333], "transform": [[1.0, 0.0, 0.0, 0.120478, 0.0, 1.0, 0.0, 0.067215, 0.0, 0.0, 1.0, 0.026567, 0.0, 0.0, 0.0, 1.0], [1.0, 0.0, 0.0, 0.120478, 0.0, 1.0, 0.0, 0.067215, 0.0, 0.0, 1.0, 0.026567, 0.0, 0.0, 0.0, 1.0]]}, {"name": "Leg_L_IK", "time": [0.0, 0.5333], "transform": [[1.0, 0.0, 0.0, 0.009505, 0.0, 1.0, 0.0, -0.066657, 0.0, 0.0, 1.0, 0.037968, 0.0, 0.0, 0.0, 1.0], [1.0, 0.0, 0.0, 0.009505, 0.0, 1.0, 0.0, -0.066657, 0.0, 0.0, 1.0, 0.037968, 0.0, 0.0, 0.0, 1.0]]}]}