{"animation": [{"name": "Root", "time": [0.0, 0.2, 0.4, 0.6, 0.8], "transform": [[1.0, 0.0, 0.0, -0.000135, 0.0, 0.075365, -0.997156, 0.001666, 0.0, 0.997156, 0.075365, 0.730325, 0.0, 0.0, 0.0, 1.0], [0.999504, 0.031488, 0.0, -0.000779, -0.002373, 0.075328, -0.997156, -0.001807, -0.031398, 0.996661, 0.075365, 0.684374, 0.0, 0.0, 0.0, 1.0], [1.0, 0.0, 0.0, -0.000135, 0.0, 0.075365, -0.997156, 0.001045, 0.0, 0.997156, 0.075365, 0.722102, 0.0, 0.0, 0.0, 1.0], [0.999567, -0.029438, -0.0, 0.000467, 0.002219, 0.075332, -0.997156, -0.001961, 0.029354, 0.996724, 0.075365, 0.682334, 0.0, 0.0, 0.0, 1.0], [1.0, 0.0, 0.0, -0.000135, 0.0, 0.075365, -0.997156, 0.001666, 0.0, 0.997156, 0.075365, 0.730325, 0.0, 0.0, 0.0, 1.0]]}, {"name": "Thigh_R", "time": [0.0, 0.2, 0.4, 0.6, 0.8], "transform": [[0.999105, -0.033998, -0.025163, 0.124537, -0.013562, -0.820998, 0.570768, 0.002716, -0.040064, -0.569915, -0.820726, -0.017467, 0.0, 0.0, 0.0, 1.0], [0.999481, -0.010365, -0.030492, 0.124994, 0.007381, -0.847865, 0.530158, -0.002831, -0.031348, -0.530107, -0.847351, -1.2e-05, 0.0, 0.0, 0.0, 1.0], [0.995483, -0.028124, -0.090675, 0.122662, -0.026361, -0.999438, 0.020586, 0.009037, -0.091203, -0.018102, -0.995668, -0.005444, 0.0, 0.0, 0.0, 1.0], [0.999268, -0.037844, 0.005506, 0.123689, -0.034098, -0.946865, -0.319813, 0.000108, 0.017317, 0.319391, -0.947465, 0.000693, 0.0, 0.0, 0.0, 1.0], [0.999105, -0.033998, -0.025163, 0.124537, -0.013562, -0.820998, 0.570768, 0.002716, -0.040064, -0.569915, -0.820726, -0.017467, 0.0, 0.0, 0.0, 1.0]]}, {"name": "Leg_R", "time": [0.0, 0.2, 0.4, 0.6, 0.8], "transform": [[1.0, -0.0, 2e-06, 0.0, -2e-06, 0.375307, 0.926899, 0.37472, -1e-06, -0.926904, 0.375305, -0.0, 0.0, 0.0, 0.0, 1.0], [1.0, 2e-06, 1e-06, -0.0, -2e-06, 0.999675, -0.025602, 0.37472, -1e-06, 0.025602, 0.99967, -0.0, 0.0, 0.0, 0.0, 1.0], [1.0, 2e-06, 1e-06, -0.0, -2e-06, 0.999675, -0.025602, 0.37472, -1e-06, 0.025602, 0.99967, -0.0, 0.0, 0.0, 0.0, 1.0], [1.0, 1e-06, 1e-06, 0.0, -2e-06, 0.960634, 0.277824, 0.37472, -1e-06, -0.277825, 0.96063, -0.0, 0.0, 0.0, 0.0, 1.0], [1.0, -0.0, 2e-06, 0.0, -2e-06, 0.375307, 0.926899, 0.37472, -1e-06, -0.926904, 0.375305, -0.0, 0.0, 0.0, 0.0, 1.0]]}, {"name": "Knee_R", "time": [0.0, 0.2, 0.4, 0.6, 0.8], "transform": [[1.0, 1e-06, -0.0, 0.0, -1e-06, 0.548441, -0.83619, 0.371397, -1e-06, 0.83619, 0.548441, -0.012177, 0.0, 0.0, 0.0, 1.0], [1.0, 1e-06, -1e-06, 0.0, -1e-06, -0.0, -1.0, 0.377672, -1e-06, 1.0, -0.0, -0.000954, 0.0, 0.0, 0.0, 1.0], [1.0, 1e-06, -1e-06, -0.0, -1e-06, -0.0, -1.0, 0.375755, -1e-06, 1.0, -0.0, -0.000954, 0.0, 0.0, 0.0, 1.0], [1.0, 1e-06, -1e-06, -0.0, -1e-06, -0.0, -1.0, 0.375755, -1e-06, 1.0, -0.0, -0.000954, 0.0, 0.0, 0.0, 1.0], [1.0, 1e-06, -0.0, 0.0, -1e-06, 0.548441, -0.83619, 0.371397, -1e-06, 0.83619, 0.548441, -0.012177, 0.0, 0.0, 0.0, 1.0]]}, {"name": "Thigh_L", "time": [0.0, 0.2, 0.4, 0.6, 0.8], "transform": [[0.999029, 0.044011, -0.001722, -0.123003, 0.044044, -0.998075, 0.043666, -0.002702, 0.000203, -0.043699, -0.999044, -0.001345, 0.0, 0.0, 0.0, 1.0], [0.998437, 0.052934, -0.0179, -0.125006, 0.040845, -0.909968, -0.412662, -0.002831, -0.038133, 0.411286, -0.910708, -1.2e-05, 0.0, 0.0, 0.0, 1.0], [0.999503, 0.024969, -0.019208, -0.125473, 0.02997, -0.941536, 0.335575, -0.001604, -0.009706, -0.335984, -0.941817, -0.007301, 0.0, 0.0, 0.0, 1.0], [0.99987, 0.014184, -0.007662, -0.123709, 0.016079, -0.842852, 0.537905, 0.000476, 0.001172, -0.537958, -0.842971, -0.011434, 0.0, 0.0, 0.0, 1.0], [0.999029, 0.044011, -0.001722, -0.123003, 0.044044, -0.998075, 0.043666, -0.002702, 0.000203, -0.043699, -0.999044, -0.001345, 0.0, 0.0, 0.0, 1.0]]}, {"name": "Leg_L", "time": [0.0, 0.2, 0.4, 0.6, 0.8], "transform": [[1.0, 1e-06, 1e-06, 0.0, -1e-06, 0.996195, 0.087156, 0.37472, -1e-06, -0.087156, 0.996195, 0.0, 0.0, 0.0, 0.0, 1.0], [1.0, 1e-06, 1e-06, 0.0, -1e-06, 0.996195, 0.087156, 0.37472, -1e-06, -0.087156, 0.996195, 0.0, 0.0, 0.0, 0.0, 1.0], [1.0, -1e-06, 2e-06, -0.0, -1e-06, 0.532833, 0.846221, 0.37472, -1e-06, -0.846221, 0.532833, -0.0, 0.0, 0.0, 0.0, 1.0], [1.0, 1e-06, 1e-06, 0.0, -1e-06, 0.999869, 0.016186, 0.37472, -1e-06, -0.016185, 0.999869, 0.0, 0.0, 0.0, 0.0, 1.0], [1.0, 1e-06, 1e-06, 0.0, -1e-06, 0.996195, 0.087156, 0.37472, -1e-06, -0.087156, 0.996195, 0.0, 0.0, 0.0, 0.0, 1.0]]}, {"name": "Knee_L", "time": [0.0, 0.2, 0.4, 0.6, 0.8], "transform": [[1.0, 1e-06, -1e-06, 0.0, -1e-06, -0.0, -1.0, 0.37472, -1e-06, 1.0, -0.0, 0.0, 0.0, 0.0, 0.0, 1.0], [1.0, 1e-06, -1e-06, 0.0, -1e-06, -0.0, -1.0, 0.37472, -1e-06, 1.0, -0.0, 0.0, 0.0, 0.0, 0.0, 1.0], [1.0, 1e-06, -1e-06, 0.0, -1e-06, -0.0, -1.0, 0.37472, -1e-06, 1.0, -0.0, 0.0, 0.0, 0.0, 0.0, 1.0], [1.0, 1e-06, -1e-06, 0.0, -1e-06, -0.0, -1.0, 0.37472, -1e-06, 1.0, -0.0, 0.0, 0.0, 0.0, 0.0, 1.0], [1.0, 1e-06, -1e-06, 0.0, -1e-06, -0.0, -1.0, 0.37472, -1e-06, 1.0, -0.0, 0.0, 0.0, 0.0, 0.0, 1.0]]}, {"name": "Torso", "time": [0.0, 0.2, 0.4, 0.6, 0.8], "transform": [[1.0, 0.0, 0.0, 0.0, 0.0, 0.926491, -0.376316, 0.05, 0.0, 0.376316, 0.926491, 0.0, 0.0, 0.0, 0.0, 1.0], [0.999724, -0.013653, 0.0191, 0.0, 0.019048, 0.947269, -0.319874, 0.05, -0.013726, 0.32015, 0.947268, -0.0, 0.0, 0.0, 0.0, 1.0], [0.999952, 0.002477, -0.009457, 0.0, -0.005335, 0.948876, -0.315604, 0.05, 0.008192, 0.315639, 0.948844, -0.0, 0.0, 0.0, 0.0, 1.0], [0.999792, 0.016041, -0.012561, 0.0, -0.019548, 0.929033, -0.369482, 0.05, 0.005742, 0.369651, 0.929153, -0.0, 0.0, 0.0, 0.0, 1.0], [1.0, 0.0, 0.0, 0.0, 0.0, 0.926491, -0.376316, 0.05, 0.0, 0.376316, 0.926491, 0.0, 0.0, 0.0, 0.0, 1.0]]}, {"name": "Chest", "time": [0.0, 0.2, 0.4, 0.6, 0.8], "transform": [[1.0, 1e-06, -0.0, 0.0, -1e-06, 0.946787, 0.32186, 0.3, 1e-06, -0.32186, 0.946787, -0.0, 0.0, 0.0, 0.0, 1.0], [0.945099, -0.023016, -0.325973, -0.0, 0.106451, 0.964791, 0.240513, 0.3, 0.30896, -0.262009, 0.914273, -0.0, 0.0, 0.0, 0.0, 1.0], [0.999823, -0.010263, 0.015793, 0.0, 0.005611, 0.962726, 0.270421, 0.3, -0.01798, -0.270284, 0.962613, -0.0, 0.0, 0.0, 0.0, 1.0], [0.941734, 0.010221, 0.336204, 0.0, -0.118386, 0.945653, 0.302862, 0.3, -0.314836, -0.325018, 0.891763, 0.0, 0.0, 0.0, 0.0, 1.0], [1.0, 1e-06, -0.0, 0.0, -1e-06, 0.946787, 0.32186, 0.3, 1e-06, -0.32186, 0.946787, -0.0, 0.0, 0.0, 0.0, 1.0]]}, {"name": "Head", "time": [0.0, 0.2, 0.4, 0.6, 0.8], "transform": [[1.0, -1e-06, 1e-06, -0.0, 1e-06, 0.977419, 0.211312, 0.4, -1e-06, -0.211312, 0.977419, 0.0, 0.0, 0.0, 0.0, 1.0], [0.944763, -0.046573, 0.324428, -0.0, -0.021744, 0.978765, 0.203826, 0.4, -0.327032, -0.199622, 0.923689, 0.0, 0.0, 0.0, 0.0, 1.0], [1.0, -1e-06, 1e-06, -0.0, 1e-06, 0.977419, 0.211312, 0.4, -1e-06, -0.211312, 0.977419, 0.0, 0.0, 0.0, 0.0, 1.0], [0.944426, 0.051813, -0.324614, -0.0, 0.014818, 0.979786, 0.199497, 0.4, 0.328388, -0.19322, 0.924568, 0.0, 0.0, 0.0, 0.0, 1.0], [1.0, -1e-06, 1e-06, -0.0, 1e-06, 0.977419, 0.211312, 0.4, -1e-06, -0.211312, 0.977419, 0.0, 0.0, 0.0, 0.0, 1.0]]}, {"name": "Shoulder_R", "time": [0.0, 0.2, 0.4, 0.6, 0.8], "transform": [[-0.409403, 0.824638, 0.390335, 0.0, 0.000994, -0.42743, 0.904048, 0.4, 0.912353, 0.370508, 0.174171, 0.0, 0.0, 0.0, 0.0, 1.0], [-0.474735, 0.840454, 0.261281, -0.0, -0.086431, -0.339951, 0.936463, 0.4, 0.875876, 0.421989, 0.234027, 0.0, 0.0, 0.0, 0.0, 1.0], [-0.431952, 0.82699, 0.359872, 0.0, -0.051457, -0.420965, 0.905616, 0.4, 0.900428, 0.372665, 0.22439, 0.0, 0.0, 0.0, 0.0, 1.0], [-0.483263, 0.838629, 0.251319, -0.0, -0.108838, -0.34239, 0.933233, 0.4, 0.868684, 0.423645, 0.256738, 0.0, 0.0, 0.0, 0.0, 1.0], [-0.409403, 0.824638, 0.390335, 0.0, 0.000994, -0.42743, 0.904048, 0.4, 0.912353, 0.370508, 0.174171, 0.0, 0.0, 0.0, 0.0, 1.0]]}, {"name": "Arm_R", "time": [0.0, 0.2, 0.4, 0.6, 0.8], "transform": [[0.597298, 0.299582, -0.743966, -0.0, 0.454818, 0.637512, 0.621868, 0.39386, 0.660586, -0.709811, 0.244529, 0.0, 0.0, 0.0, 0.0, 1.0], [0.249912, 0.225851, -0.94156, 0.0, 0.685022, 0.646008, 0.336778, 0.39386, 0.684316, -0.729155, 0.006732, 0.0, 0.0, 0.0, 0.0, 1.0], [0.582719, 0.333455, -0.741111, 0.0, 0.443817, 0.633363, 0.633939, 0.39386, 0.680781, -0.698328, 0.221079, 0.0, 0.0, 0.0, 0.0, 1.0], [0.695646, 0.45709, -0.554207, 0.0, 0.342178, 0.4675, 0.815082, 0.39386, 0.631657, -0.756647, 0.168808, -0.0, 0.0, 0.0, 0.0, 1.0], [0.597298, 0.299582, -0.743966, -0.0, 0.454818, 0.637512, 0.621868, 0.39386, 0.660586, -0.709811, 0.244529, 0.0, 0.0, 0.0, 0.0, 1.0]]}, {"name": "Hand_R", "time": [0.0, 0.8], "transform": [[0.999895, 0.013133, 0.006028, -0.0, -0.012938, 0.999426, -0.03135, 0.3, -0.006436, 0.031269, 0.999491, -0.0, 0.0, 0.0, 0.0, 1.0], [0.999895, 0.013133, 0.006028, -0.0, -0.012938, 0.999426, -0.03135, 0.3, -0.006436, 0.031269, 0.999491, -0.0, 0.0, 0.0, 0.0, 1.0]]}, {"name": "Tool_R", "time": [0.0, 0.8], "transform": [[1.0, 0.0, -0.0, 0.0, 0.0, -0.828054, -0.559662, 0.211521, -0.0, 0.559467, -0.826118, 0.041554, 0.0, 0.0, 0.0, 1.0], [1.0, 0.0, -0.0, 0.0, 0.0, -0.828054, -0.559662, 0.211521, -0.0, 0.559467, -0.826118, 0.041554, 0.0, 0.0, 0.0, 1.0]]}, {"name": "Elbow_R", "time": [0.0, 0.2, 0.4, 0.6, 0.8], "transform": [[-1.0, 0.0, -0.0, -0.0, 0.0, 0.0, -1.0, 0.3, -0.0, -0.999998, 0.0, -0.0, 0.0, 0.0, 0.0, 1.0], [-1.0, 0.0, -0.0, -0.0, 0.0, 0.0, -1.0, 0.3, -0.0, -0.999998, 0.0, -0.0, 0.0, 0.0, 0.0, 1.0], [-1.0, 0.0, -0.0, -0.0, 0.0, 0.0, -1.0, 0.3, -0.0, -0.999998, 0.0, -0.0, 0.0, 0.0, 0.0, 1.0], [-1.0, 0.0, -0.0, -0.0, 0.0, 0.0, -1.0, 0.3, -0.0, -0.999998, 0.0, -0.0, 0.0, 0.0, 0.0, 1.0], [-1.0, 0.0, -0.0, -0.0, 0.0, 0.0, -1.0, 0.3, -0.0, -0.999998, 0.0, -0.0, 0.0, 0.0, 0.0, 1.0]]}, {"name": "Shoulder_L", "time": [0.0, 0.2, 0.4, 0.6, 0.8], "transform": [[-0.010483, -0.899719, -0.436345, -0.0, 0.00012, -0.436371, 0.899768, 0.399999, -0.999947, 0.00938, 0.004682, -0.0, 0.0, 0.0, 0.0, 1.0], [-0.15239, -0.929803, -0.33503, -0.0, -0.004142, -0.338386, 0.940999, 0.399999, -0.988314, 0.144786, 0.047716, 0.0, 0.0, 0.0, 0.0, 1.0], [-0.010483, -0.899719, -0.436345, 0.0, 0.00012, -0.43637, 0.899768, 0.399999, -0.999947, 0.00938, 0.004682, 0.0, 0.0, 0.0, 0.0, 1.0], [0.004885, -0.890334, -0.455282, -0.0, 0.011787, -0.455205, 0.890309, 0.399999, -0.999921, -0.009716, 0.00827, -0.0, 0.0, 0.0, 0.0, 1.0], [-0.010483, -0.899719, -0.436345, -0.0, 0.00012, -0.436371, 0.899768, 0.399999, -0.999947, 0.00938, 0.004682, -0.0, 0.0, 0.0, 0.0, 1.0]]}, {"name": "Arm_L", "time": [0.0, 0.2, 0.4, 0.6, 0.8], "transform": [[-0.06179, -0.038698, 0.997339, 0.0, -0.766903, 0.641363, -0.022628, 0.39386, -0.63878, -0.76626, -0.069307, -0.0, 0.0, 0.0, 0.0, 1.0], [0.099115, -0.041286, 0.994219, -0.0, -0.835658, 0.538983, 0.10569, 0.39386, -0.540231, -0.841304, 0.018921, -0.0, 0.0, 0.0, 0.0, 1.0], [-0.105801, -0.195318, 0.975017, 0.0, -0.771851, 0.634325, 0.043315, 0.39386, -0.626937, -0.747985, -0.217869, -0.0, 0.0, 0.0, 0.0, 1.0], [-0.417583, -0.190559, 0.888432, 0.0, -0.658903, 0.736778, -0.151669, 0.39386, -0.625675, -0.648725, -0.433227, 0.0, 0.0, 0.0, 0.0, 1.0], [-0.06179, -0.038698, 0.997339, 0.0, -0.766903, 0.641363, -0.022628, 0.39386, -0.63878, -0.76626, -0.069307, -0.0, 0.0, 0.0, 0.0, 1.0]]}, {"name": "Hand_L", "time": [0.0, 0.2, 0.4, 0.6, 0.8], "transform": [[0.979929, 0.19906, -0.010699, -0.0, -0.196379, 0.973176, 0.119851, 0.3, 0.034269, -0.115344, 0.992735, 0.0, 0.0, 0.0, 0.0, 1.0], [0.979342, 0.189903, -0.069478, 0.0, -0.194237, 0.978991, -0.062058, 0.3, 0.056233, 0.074271, 0.995652, -0.0, 0.0, 0.0, 0.0, 1.0], [0.973349, 0.183252, -0.137879, -0.0, -0.222522, 0.90009, -0.374597, 0.300001, 0.055458, 0.395294, 0.91688, 0.0, 0.0, 0.0, 0.0, 1.0], [0.976768, 0.182542, -0.112259, 0.0, -0.208904, 0.927871, -0.308896, 0.3, 0.047776, 0.325171, 0.944448, -0.0, 0.0, 0.0, 0.0, 1.0], [0.979929, 0.19906, -0.010699, -0.0, -0.196379, 0.973176, 0.119851, 0.3, 0.034269, -0.115344, 0.992735, 0.0, 0.0, 0.0, 0.0, 1.0]]}, {"name": "Tool_L", "time": [0.0, 0.8], "transform": [[1.0, 0.0, 0.0, -0.0, 0.0, -0.991126, 0.132899, 0.272858, 0.0, -0.132846, -0.990399, -0.0, 0.0, 0.0, 0.0, 1.0], [1.0, 0.0, 0.0, -0.0, 0.0, -0.991126, 0.132899, 0.272858, 0.0, -0.132846, -0.990399, -0.0, 0.0, 0.0, 0.0, 1.0]]}, {"name": "Elbow_L", "time": [0.0, 0.2, 0.4, 0.6, 0.8], "transform": [[-1.0, 1e-06, 2e-06, -1e-06, -2e-06, 0.0, -1.0, 0.3, -1e-06, -1.0, -0.0, -0.0, 0.0, 0.0, 0.0, 1.0], [-1.0, 1e-06, 2e-06, -1e-06, -2e-06, 0.0, -1.0, 0.3, -1e-06, -1.0, -0.0, -0.0, 0.0, 0.0, 0.0, 1.0], [-1.0, 1e-06, 2e-06, -1e-06, -2e-06, 0.0, -1.0, 0.3, -1e-06, -1.0, -0.0, 0.0, 0.0, 0.0, 0.0, 1.0], [-1.0, 1e-06, 2e-06, -1e-06, -2e-06, 0.0, -1.0, 0.3, -1e-06, -1.0, -0.0, -0.0, 0.0, 0.0, 0.0, 1.0], [-1.0, 1e-06, 2e-06, -1e-06, -2e-06, 0.0, -1.0, 0.3, -1e-06, -1.0, -0.0, -0.0, 0.0, 0.0, 0.0, 1.0]]}, {"name": "Leg_R_IK", "time": [0.0, 0.8], "transform": [[1.0, 0.0, 0.0, 0.120478, 0.0, 1.0, 0.0, 0.067215, 0.0, 0.0, 1.0, 0.026567, 0.0, 0.0, 0.0, 1.0], [1.0, 0.0, 0.0, 0.120478, 0.0, 1.0, 0.0, 0.067215, 0.0, 0.0, 1.0, 0.026567, 0.0, 0.0, 0.0, 1.0]]}, {"name": "Leg_L_IK", "time": [0.0, 0.8], "transform": [[1.0, 0.0, 0.0, 0.009505, 0.0, 1.0, 0.0, -0.066657, 0.0, 0.0, 1.0, 0.037968, 0.0, 0.0, 0.0, 1.0], [1.0, 0.0, 0.0, 0.009505, 0.0, 1.0, 0.0, -0.066657, 0.0, 0.0, 1.0, 0.037968, 0.0, 0.0, 0.0, 1.0]]}]}