{"animation": [{"name": "Root", "time": [0.0, 1.2, 2.4], "transform": [[0.906794, 0.0, -0.421575, -5e-06, -0.421575, 0.0, -0.906794, 0.000946, 0.0, 1.0, 0.0, 0.550725, 0.0, 0.0, 0.0, 1.0], [0.906794, 0.0, -0.421575, -5e-06, -0.421575, 0.0, -0.906794, 0.000946, 0.0, 1.0, 0.0, 0.601867, 0.0, 0.0, 0.0, 1.0], [0.906794, 0.0, -0.421575, -5e-06, -0.421575, 0.0, -0.906794, 0.000946, 0.0, 1.0, 0.0, 0.550725, 0.0, 0.0, 0.0, 1.0]]}, {"name": "Thigh_R", "time": [0.0, 1.2, 2.4], "transform": [[0.775307, 0.586919, 0.233293, 0.131431, 0.506937, -0.798605, 0.324415, 0.007169, 0.376714, -0.133256, -0.916694, -0.007665, 0.0, 0.0, 0.0, 1.0], [0.777564, 0.565101, 0.275781, 0.130801, 0.502162, -0.822019, 0.268549, -0.024553, 0.378454, -0.070327, -0.922944, -0.008566, 0.0, 0.0, 0.0, 1.0], [0.775307, 0.586919, 0.233293, 0.131431, 0.506937, -0.798605, 0.324415, 0.007169, 0.376714, -0.133256, -0.916694, -0.007665, 0.0, 0.0, 0.0, 1.0]]}, {"name": "Leg_R", "time": [0.0, 1.2, 2.4], "transform": [[0.985712, 0.102669, -0.133537, -0.0, 0.017205, 0.727262, 0.686146, 0.37472, 0.167562, -0.678639, 0.715104, 0.0, 0.0, 0.0, 0.0, 1.0], [0.986142, 0.082129, -0.144156, 0.0, 0.017212, 0.813548, 0.581245, 0.37472, 0.165014, -0.57567, 0.800859, 0.0, 0.0, 0.0, 0.0, 1.0], [0.985712, 0.102669, -0.133537, -0.0, 0.017205, 0.727262, 0.686146, 0.37472, 0.167562, -0.678639, 0.715104, 0.0, 0.0, 0.0, 0.0, 1.0]]}, {"name": "Knee_R", "time": [0.0, 1.2, 2.4], "transform": [[1.0, 0.0, -1e-06, -0.0, -1e-06, 0.0, -1.0, 0.37472, -0.0, 1.0, 0.0, 0.0, 0.0, 0.0, 0.0, 1.0], [1.0, 0.0, -1e-06, 0.0, -1e-06, 0.0, -1.0, 0.37472, -0.0, 1.0, 0.0, 0.0, 0.0, 0.0, 0.0, 1.0], [1.0, 0.0, -1e-06, -0.0, -1e-06, 0.0, -1.0, 0.37472, -0.0, 1.0, 0.0, 0.0, 0.0, 0.0, 0.0, 1.0]]}, {"name": "Thigh_L", "time": [0.0, 1.2, 2.4], "transform": [[0.880585, -0.464526, -0.093735, -0.13788, -0.264583, -0.646036, 0.715984, 0.007169, -0.39315, -0.605684, -0.691795, 0.015294, 0.0, 0.0, 0.0, 1.0], [0.87941, -0.466935, -0.092788, -0.138509, -0.279264, -0.663826, 0.693792, -0.024553, -0.38555, -0.584216, -0.714173, 0.014393, 0.0, 0.0, 0.0, 1.0], [0.880585, -0.464526, -0.093735, -0.13788, -0.264583, -0.646036, 0.715984, 0.007169, -0.39315, -0.605684, -0.691795, 0.015294, 0.0, 0.0, 0.0, 1.0]]}, {"name": "Leg_L", "time": [0.0, 1.2, 2.4], "transform": [[0.997183, -0.016357, 0.0732, -0.0, -0.031879, 0.790966, 0.611028, 0.37472, -0.067893, -0.61164, 0.788217, -0.0, 0.0, 0.0, 0.0, 1.0], [0.997258, -0.005149, 0.073816, 0.0, -0.038471, 0.816064, 0.576679, 0.37472, -0.063208, -0.577938, 0.813629, 0.0, 0.0, 0.0, 0.0, 1.0], [0.997183, -0.016357, 0.0732, -0.0, -0.031879, 0.790966, 0.611028, 0.37472, -0.067893, -0.61164, 0.788217, -0.0, 0.0, 0.0, 0.0, 1.0]]}, {"name": "Knee_L", "time": [0.0, 1.2, 2.4], "transform": [[1.0, -0.0, 0.0, -0.0, 0.0, 0.0, -1.0, 0.37472, 0.0, 1.0, 0.0, -0.0, 0.0, 0.0, 0.0, 1.0], [1.0, -0.0, 0.0, 0.0, 0.0, 0.0, -1.0, 0.37472, 0.0, 1.0, 0.0, 0.0, 0.0, 0.0, 0.0, 1.0], [1.0, -0.0, 0.0, -0.0, 0.0, 0.0, -1.0, 0.37472, 0.0, 1.0, 0.0, -0.0, 0.0, 0.0, 0.0, 1.0]]}, {"name": "Torso", "time": [0.0, 1.2, 2.4], "transform": [[0.996536, -0.083154, -0.000628, -0.0, 0.083156, 0.996508, 0.007522, 0.05, 0.0, -0.007548, 0.999971, 0.0, 0.0, 0.0, 0.0, 1.0], [0.996536, -0.083154, -0.000628, -0.0, 0.083156, 0.996508, 0.007522, 0.05, 0.0, -0.007548, 0.999971, 0.0, 0.0, 0.0, 0.0, 1.0], [0.996536, -0.083154, -0.000628, -0.0, 0.083156, 0.996508, 0.007522, 0.05, 0.0, -0.007548, 0.999971, 0.0, 0.0, 0.0, 0.0, 1.0]]}, {"name": "Chest", "time": [0.0, 1.2, 2.4], "transform": [[0.717116, -0.038295, -0.695901, -0.0, 0.193148, 0.9703, 0.145641, 0.3, 0.669655, -0.238854, 0.703215, 0.0, 0.0, 0.0, 0.0, 1.0], [0.719599, -0.012583, -0.694276, -0.0, 0.149951, 0.979061, 0.137675, 0.3, 0.678006, -0.203178, 0.706418, 0.0, 0.0, 0.0, 0.0, 1.0], [0.717116, -0.038295, -0.695901, -0.0, 0.193148, 0.9703, 0.145641, 0.3, 0.669655, -0.238854, 0.703215, 0.0, 0.0, 0.0, 0.0, 1.0]]}, {"name": "Head", "time": [0.0, 1.2, 2.4], "transform": [[0.479058, 0.040946, 0.876828, 0.0, -0.008196, 0.999077, -0.042177, 0.4, -0.877745, 0.013019, 0.478951, 0.0, 0.0, 0.0, 0.0, 1.0], [0.480549, 0.000439, 0.876967, 0.0, 0.00437, 0.999986, -0.002895, 0.4, -0.876957, 0.005224, 0.48054, 0.0, 0.0, 0.0, 0.0, 1.0], [0.479058, 0.040946, 0.876828, 0.0, -0.008196, 0.999077, -0.042177, 0.4, -0.877745, 0.013019, 0.478951, 0.0, 0.0, 0.0, 0.0, 1.0]]}, {"name": "Shoulder_R", "time": [0.0, 1.2, 2.4], "transform": [[-0.08961, 0.982569, 0.162882, 0.0, 0.023987, -0.161363, 0.986605, 0.4, 0.99569, 0.092316, -0.009109, 0.0, 0.0, 0.0, 0.0, 1.0], [-0.091471, 0.987266, 0.130159, 0.0, 0.024485, -0.128438, 0.991417, 0.4, 0.995509, 0.093873, -0.012425, 0.0, 0.0, 0.0, 0.0, 1.0], [-0.08961, 0.982569, 0.162882, 0.0, 0.023987, -0.161363, 0.986605, 0.4, 0.99569, 0.092316, -0.009109, 0.0, 0.0, 0.0, 0.0, 1.0]]}, {"name": "Arm_R", "time": [0.0, 0.6, 1.2, 1.8, 2.4], "transform": [[0.121782, -0.78863, -0.602685, 0.0, -0.31844, 0.544062, -0.776267, 0.388385, 0.940088, 0.286454, -0.184874, 0.0, 0.0, 0.0, 0.0, 1.0], [0.01963, -0.794425, -0.607043, -0.0, -0.359317, 0.560988, -0.745775, 0.388385, 0.933009, 0.23276, -0.274439, -0.0, 0.0, 0.0, 0.0, 1.0], [0.160948, -0.780943, -0.603508, 0.0, -0.362665, 0.521904, -0.772067, 0.388385, 0.917916, 0.343134, -0.199222, 0.0, 0.0, 0.0, 0.0, 1.0], [0.179713, -0.788343, -0.588401, 0.0, -0.262604, 0.537986, -0.801005, 0.388385, 0.94802, 0.298467, -0.110339, -0.0, 0.0, 0.0, 0.0, 1.0], [0.121782, -0.78863, -0.602685, 0.0, -0.31844, 0.544062, -0.776267, 0.388385, 0.940088, 0.286454, -0.184874, 0.0, 0.0, 0.0, 0.0, 1.0]]}, {"name": "Hand_R", "time": [0.0, 1.2, 2.4], "transform": [[0.99476, -0.026349, 0.09878, -0.0, 0.095775, 0.578169, -0.810277, 0.33, -0.035761, 0.815491, 0.577664, 0.0, 0.0, 0.0, 0.0, 1.0], [0.992893, -0.026512, 0.11602, -0.0, 0.10984, 0.579399, -0.807609, 0.33, -0.04581, 0.814611, 0.578194, 0.0, 0.0, 0.0, 0.0, 1.0], [0.99476, -0.026349, 0.09878, -0.0, 0.095775, 0.578169, -0.810277, 0.33, -0.035761, 0.815491, 0.577664, 0.0, 0.0, 0.0, 0.0, 1.0]]}, {"name": "Tool_R", "time": [0.0, 1.2, 2.4], "transform": [[1.0, -0.0, 0.0, 0.0, 0.0, -0.986512, -0.16369, 0.291204, 0.0, 0.16369, -0.986512, -0.0, 0.0, 0.0, 0.0, 1.0], [1.0, -0.0, 0.0, 0.0, 0.0, -0.986512, -0.16369, 0.291203, 0.0, 0.16369, -0.986512, 0.0, 0.0, 0.0, 0.0, 1.0], [1.0, -0.0, 0.0, 0.0, 0.0, -0.986512, -0.16369, 0.291204, 0.0, 0.16369, -0.986512, -0.0, 0.0, 0.0, 0.0, 1.0]]}, {"name": "Elbow_R", "time": [0.0, 1.2, 2.4], "transform": [[-1.0, 0.0, 0.0, -0.0, -0.0, 0.0, -1.0, 0.33, -0.0, -1.0, -0.0, 0.0, 0.0, 0.0, 0.0, 1.0], [-1.0, 0.0, 0.0, -0.0, -0.0, 0.0, -1.0, 0.33, -0.0, -1.0, -0.0, 0.0, 0.0, 0.0, 0.0, 1.0], [-1.0, 0.0, 0.0, -0.0, -0.0, 0.0, -1.0, 0.33, -0.0, -1.0, -0.0, 0.0, 0.0, 0.0, 0.0, 1.0]]}, {"name": "Shoulder_L", "time": [0.0, 1.2, 2.4], "transform": [[0.482996, -0.778959, -0.399921, -0.0, 0.129288, -0.388278, 0.912428, 0.4, -0.866025, -0.492403, -0.086826, -0.0, 0.0, 0.0, 0.0, 1.0], [0.482995, -0.778959, -0.399921, -0.0, 0.129288, -0.388278, 0.912428, 0.4, -0.866025, -0.492403, -0.086826, 0.0, 0.0, 0.0, 0.0, 1.0], [0.482996, -0.778959, -0.399921, -0.0, 0.129288, -0.388278, 0.912428, 0.4, -0.866025, -0.492403, -0.086826, -0.0, 0.0, 0.0, 0.0, 1.0]]}, {"name": "Arm_L", "time": [0.0, 1.2, 2.4], "transform": [[-0.571778, 0.771762, 0.278302, 0.0, -0.807615, -0.469819, -0.356407, 0.388355, -0.144311, -0.428547, 0.891919, -0.0, 0.0, 0.0, 0.0, 1.0], [-0.575006, 0.777934, 0.253351, -0.0, -0.806165, -0.485929, -0.337593, 0.388354, -0.139515, -0.398361, 0.906555, -0.0, 0.0, 0.0, 0.0, 1.0], [-0.571778, 0.771762, 0.278302, 0.0, -0.807615, -0.469819, -0.356407, 0.388355, -0.144311, -0.428547, 0.891919, -0.0, 0.0, 0.0, 0.0, 1.0]]}, {"name": "Hand_L", "time": [0.0, 1.2, 2.4], "transform": [[0.991427, 0.002894, 0.130626, -0.0, -0.002144, 0.999981, -0.005888, 0.33, -0.130641, 0.005558, 0.991414, 0.0, 0.0, 0.0, 0.0, 1.0], [0.991559, 0.002895, 0.129624, -0.0, -0.002141, 0.999981, -0.00596, 0.33, -0.12964, 0.005632, 0.991545, -0.0, 0.0, 0.0, 0.0, 1.0], [0.991427, 0.002894, 0.130626, -0.0, -0.002144, 0.999981, -0.005888, 0.33, -0.130641, 0.005558, 0.991414, 0.0, 0.0, 0.0, 0.0, 1.0]]}, {"name": "Tool_L", "time": [0.0, 1.2, 2.4], "transform": [[1.0, 0.0, 0.0, -0.0, 0.0, -1.0, -0.0, 0.291204, 0.0, 0.0, -1.0, 0.0, 0.0, 0.0, 0.0, 1.0], [1.0, 0.0, 0.0, -0.0, 0.0, -1.0, 0.0, 0.291204, 0.0, 0.0, -1.0, 0.0, 0.0, 0.0, 0.0, 1.0], [1.0, 0.0, 0.0, -0.0, 0.0, -1.0, -0.0, 0.291204, 0.0, 0.0, -1.0, 0.0, 0.0, 0.0, 0.0, 1.0]]}, {"name": "Elbow_L", "time": [0.0, 1.2, 2.4], "transform": [[-1.0, 0.0, -0.0, 0.0, 0.0, -0.0, -1.0, 0.33, -0.0, -1.0, 0.0, 0.0, 0.0, 0.0, 0.0, 1.0], [-1.0, 0.0, -0.0, 0.0, 0.0, -0.0, -1.0, 0.33, -0.0, -1.0, 0.0, 0.0, 0.0, 0.0, 0.0, 1.0], [-1.0, 0.0, -0.0, 0.0, 0.0, -0.0, -1.0, 0.33, -0.0, -1.0, 0.0, 0.0, 0.0, 0.0, 0.0, 1.0]]}]}