{
    "animation": [
        {
            "name": "Root",
            "time": [0.0, 0.1333, 0.2667, 0.4, 0.5333, 0.6667, 0.8],
            "transform": [
                [1.0, -0.0, 0.0, -5e-06, 0.0, 0.0, -1.0, 0.000946, 0.0, 1.0, 0.0, 0.755228, 0.0, 0.0, 0.0, 1.0],
                [1.0, -0.0, 0.0, -5e-06, 0.0, 0.0, -1.0, 0.000946, 0.0, 1.0, 0.0, 0.615747, 0.0, 0.0, 0.0, 1.0],
                [1.0, -0.0, 0.0, -5e-06, 0.0, 0.0, -1.0, 0.000946, 0.0, 1.0, 0.0, 0.685728, 0.0, 0.0, 0.0, 1.0],
                [1.0, -0.0, 0.0, -5e-06, 0.0, 0.0, -1.0, 0.000946, 0.0, 1.0, 0.0, 0.755228, 0.0, 0.0, 0.0, 1.0],
                [1.0, -0.0, 0.0, -5e-06, 0.0, 0.0, -1.0, 0.000946, 0.0, 1.0, 0.0, 0.615747, 0.0, 0.0, 0.0, 1.0],
                [1.0, -0.0, 0.0, -5e-06, 0.0, 0.0, -1.0, 0.000946, 0.0, 1.0, 0.0, 0.685728, 0.0, 0.0, 0.0, 1.0],
                [1.0, -0.0, 0.0, -5e-06, 0.0, 0.0, -1.0, 0.000946, 0.0, 1.0, 0.0, 0.755228, 0.0, 0.0, 0.0, 1.0]
            ]
        },
        {
            "name": "Thigh_R",
            "time": [0.0, 0.1333, 0.2667, 0.4, 0.5333, 0.6667, 0.8],
            "transform": [
                [0.998124, 0.04815, 0.037812, 0.124994, 0.022911, -0.866512, 0.49863, -0.002831, 0.056774, -0.496828, -0.86599, -1.2e-05, 0.0, 0.0, 0.0, 1.0],
                [0.998767, 0.02085, 0.04504, 0.124994, -0.016642, -0.714262, 0.69968, -0.00283, 0.046759, -0.699567, -0.713035, -0.020012, 0.0, 0.0, 0.0, 1.0],
                [0.999813, 0.003715, 0.018994, 0.124994, -0.005519, -0.885912, 0.463787, 0.02675, 0.018551, -0.463805, -0.885725, -0.005012, 0.0, 0.0, 0.0, 1.0],
                [0.997856, 0.000947, 0.065443, 0.124994, 0.003801, -0.999044, -0.043505, -0.002831, 0.065339, 0.04366, -0.996908, -1.2e-05, 0.0, 0.0, 0.0, 1.0],
                [0.99759, 0.008008, 0.068912, 0.124994, 0.034977, -0.915881, -0.399919, -0.002831, 0.059913, 0.401365, -0.913957, 0.019988, 0.0, 0.0, 0.0, 1.0],
                [0.997969, 0.017805, 0.061151, 0.124994, 0.014974, -0.998807, 0.04644, 0.02675, 0.061905, -0.04543, -0.997048, 0.004988, 0.0, 0.0, 0.0, 1.0],
                [0.998124, 0.04815, 0.037812, 0.124994, 0.022911, -0.866512, 0.49863, -0.002831, 0.056774, -0.496828, -0.86599, -1.2e-05, 0.0, 0.0, 0.0, 1.0]
            ]
        },
        {
            "name": "Leg_R",
            "time": [0.0, 0.1333, 0.2667, 0.4, 0.5333, 0.6667, 0.8],
            "transform": [
                [0.999962, -0.003275, -0.008084, 0.0, 0.008723, 0.375289, 0.926867, 0.37472, -2e-06, -0.926902, 0.375303, -0.0, 0.0, 0.0, 0.0, 1.0],
                [0.999962, -0.007609, -0.004265, -0.0, 0.008723, 0.872131, 0.489195, 0.37472, -2e-06, -0.489213, 0.872164, -0.0, 0.0, 0.0, 0.0, 1.0],
                [0.999962, -0.007373, -0.00466, 0.0, 0.008723, 0.845139, 0.534476, 0.37472, -3e-06, -0.534496, 0.84517, -0.0, 0.0, 0.0, 0.0, 1.0],
                [0.999962, -0.00869, -0.000758, -0.0, 0.008723, 0.996157, 0.087155, 0.37472, -3e-06, -0.087159, 0.996194, 0.0, 0.0, 0.0, 0.0, 1.0],
                [0.999962, -0.008197, -0.002981, -0.0, 0.008723, 0.939656, 0.34201, 0.37472, -3e-06, -0.342023, 0.939691, 0.0, 0.0, 0.0, 0.0, 1.0],
                [0.999962, -0.005279, -0.006944, 0.0, 0.008723, 0.604972, 0.796199, 0.37472, -2e-06, -0.796229, 0.604995, 0.0, 0.0, 0.0, 0.0, 1.0],
                [0.999962, -0.003275, -0.008084, 0.0, 0.008723, 0.375289, 0.926867, 0.37472, -2e-06, -0.926902, 0.375303, -0.0, 0.0, 0.0, 0.0, 1.0]
            ]
        },
        {
            "name": "Knee_R",
            "time": [0.0, 0.1333, 0.2667, 0.4, 0.5333, 0.6667, 0.8],
            "transform": [
                [0.99999, -0.002869, -0.003547, 0.0, -0.001338, 0.558882, -0.829246, 0.37472, 0.004361, 0.829242, 0.558873, -0.0, 0.0, 0.0, 0.0, 1.0],
                [0.99999, -0.004077, -0.001649, -0.0, -0.000565, 0.252821, -0.967513, 0.37472, 0.004361, 0.967504, 0.252817, -0.0, 0.0, 0.0, 0.0, 1.0],
                [0.99999, -0.004016, -0.001812, 0.0, -0.000623, 0.278236, -0.960513, 0.37472, 0.004361, 0.960504, 0.278231, -0.0, 0.0, 0.0, 0.0, 1.0],
                [0.99999, -0.004353, -0.000289, -0.0, -9.9e-05, 0.043623, -0.999048, 0.37472, 0.004362, 0.999038, 0.043622, 0.0, 0.0, 0.0, 0.0, 1.0],
                [0.99999, -0.004228, -0.001137, -0.0, -0.000386, 0.173651, -0.984807, 0.37472, 0.004361, 0.984798, 0.173648, 0.0, 0.0, 0.0, 0.0, 1.0],
                [0.99999, -0.003451, -0.002858, 0.0, -0.001027, 0.444414, -0.895822, 0.37472, 0.004362, 0.895815, 0.444406, 0.0, 0.0, 0.0, 0.0, 1.0],
                [0.99999, -0.002869, -0.003547, 0.0, -0.001338, 0.558882, -0.829246, 0.37472, 0.004361, 0.829242, 0.558873, -0.0, 0.0, 0.0, 0.0, 1.0]
            ]
        },
        {
            "name": "Thigh_L",
            "time": [0.0, 0.1333, 0.2667, 0.4, 0.5333, 0.6667, 0.8],
            "transform": [
                [0.997856, -0.000952, -0.065445, -0.125006, -0.003806, -0.999044, -0.043504, -0.002831, -0.065341, 0.04366, -0.996908, -1.2e-05, 0.0, 0.0, 0.0, 1.0],
                [0.99759, -0.008011, -0.068916, -0.125006, -0.034983, -0.915881, -0.399919, -0.002831, -0.059915, 0.401366, -0.913956, 0.019988, 0.0, 0.0, 0.0, 1.0],
                [0.997969, -0.01781, -0.061153, -0.125006, -0.014979, -0.998807, 0.04644, 0.02675, -0.061907, -0.04543, -0.997048, 0.004988, 0.0, 0.0, 0.0, 1.0],
                [0.998124, -0.048156, -0.037812, -0.125006, -0.022917, -0.866512, 0.49863, -0.002831, -0.056776, -0.496828, -0.86599, -1.2e-05, 0.0, 0.0, 0.0, 1.0],
                [0.998768, -0.020855, -0.045038, -0.125006, 0.016637, -0.714262, 0.69968, -0.00283, -0.046761, -0.699567, -0.713035, -0.020012, 0.0, 0.0, 0.0, 1.0],
                [0.999813, -0.00372, -0.018994, -0.125006, 0.005514, -0.885912, 0.463787, 0.02675, -0.018553, -0.463805, -0.885726, -0.005012, 0.0, 0.0, 0.0, 1.0],
                [0.997856, -0.000952, -0.065445, -0.125006, -0.003806, -0.999044, -0.043504, -0.002831, -0.065341, 0.04366, -0.996908, -1.2e-05, 0.0, 0.0, 0.0, 1.0]
            ]
        },
        {
            "name": "Leg_L",
            "time": [0.0, 0.1333, 0.2667, 0.4, 0.5333, 0.6667, 0.8],
            "transform": [
                [1.0, 1e-06, 1e-06, -0.0, -1e-06, 0.996195, 0.087158, 0.37472, -1e-06, -0.087158, 0.996194, 0.0, 0.0, 0.0, 0.0, 1.0],
                [1.0, 1e-06, 1e-06, 0.0, -1e-06, 0.939692, 0.342023, 0.37472, -1e-06, -0.342023, 0.939691, -0.0, 0.0, 0.0, 0.0, 1.0],
                [1.0, -0.0, 2e-06, 0.0, -1e-06, 0.604996, 0.796229, 0.37472, -1e-06, -0.796229, 0.604996, -0.0, 0.0, 0.0, 0.0, 1.0],
                [1.0, -1e-06, 1e-06, -0.0, -1e-06, 0.375303, 0.926902, 0.37472, -2e-06, -0.926902, 0.375304, 0.0, 0.0, 0.0, 0.0, 1.0],
                [1.0, 0.0, 2e-06, 0.0, -1e-06, 0.872164, 0.489213, 0.37472, -1e-06, -0.489213, 0.872164, -0.0, 0.0, 0.0, 0.0, 1.0],
                [1.0, 0.0, 1e-06, 0.0, -1e-06, 0.845172, 0.534496, 0.37472, -1e-06, -0.534496, 0.845171, -0.0, 0.0, 0.0, 0.0, 1.0],
                [1.0, 1e-06, 1e-06, -0.0, -1e-06, 0.996195, 0.087158, 0.37472, -1e-06, -0.087158, 0.996194, 0.0, 0.0, 0.0, 0.0, 1.0]
            ]
        },
        {
            "name": "Knee_L",
            "time": [0.0, 0.1333, 0.2667, 0.4, 0.5333, 0.6667, 0.8],
            "transform": [
                [1.0, 0.0, -1e-06, -0.0, -1e-06, 0.043622, -0.999048, 0.37472, -0.0, 0.999048, 0.043622, 0.0, 0.0, 0.0, 0.0, 1.0],
                [1.0, 1e-06, -1e-06, 0.0, -1e-06, 0.173651, -0.984807, 0.37472, -1e-06, 0.984807, 0.173651, -0.0, 0.0, 0.0, 0.0, 1.0],
                [1.0, 1e-06, -1e-06, 0.0, -1e-06, 0.444414, -0.895822, 0.37472, -0.0, 0.895821, 0.444413, -0.0, 0.0, 0.0, 0.0, 1.0],
                [1.0, 1e-06, -1e-06, -0.0, -1e-06, 0.558882, -0.829247, 0.37472, -0.0, 0.829247, 0.558882, 0.0, 0.0, 0.0, 0.0, 1.0],
                [1.0, 1e-06, -1e-06, 0.0, -1e-06, 0.252821, -0.967513, 0.37472, -0.0, 0.967513, 0.252821, -0.0, 0.0, 0.0, 0.0, 1.0],
                [1.0, 1e-06, -1e-06, 0.0, -1e-06, 0.278236, -0.960513, 0.37472, -0.0, 0.960513, 0.278236, -0.0, 0.0, 0.0, 0.0, 1.0],
                [1.0, 0.0, -1e-06, -0.0, -1e-06, 0.043622, -0.999048, 0.37472, -0.0, 0.999048, 0.043622, 0.0, 0.0, 0.0, 0.0, 1.0]
            ]
        },
        {
            "name": "Torso",
            "time": [0.0, 0.1333, 0.2667, 0.4, 0.5333, 0.6667, 0.8],
            "transform": [
                [0.999933, -0.01143, -0.002016, 0.0, 0.011606, 0.984742, 0.173636, 0.05, 0.0, -0.173648, 0.984808, -0.0, 0.0, 0.0, 0.0, 1.0],
                [1.0, 0.0, -0.0, 0.0, -0.0, 0.984808, 0.173648, 0.05, 0.0, -0.173648, 0.984808, -0.0, 0.0, 0.0, 0.0, 1.0],
                [0.999962, 0.008543, 0.001506, 0.0, -0.008675, 0.984771, 0.173641, 0.05, 0.0, -0.173648, 0.984808, -0.0, 0.0, 0.0, 0.0, 1.0],
                [0.999933, 0.01143, 0.002015, 0.0, -0.011606, 0.984742, 0.173636, 0.05, 0.0, -0.173648, 0.984808, -0.0, 0.0, 0.0, 0.0, 1.0],
                [1.0, 0.0, -0.0, 0.0, -0.0, 0.984808, 0.173648, 0.05, 0.0, -0.173648, 0.984808, -0.0, 0.0, 0.0, 0.0, 1.0],
                [0.999962, -0.008543, -0.001507, 0.0, 0.008675, 0.984771, 0.173641, 0.05, 0.0, -0.173648, 0.984808, -0.0, 0.0, 0.0, 0.0, 1.0],
                [0.999933, -0.01143, -0.002016, 0.0, 0.011606, 0.984742, 0.173636, 0.05, 0.0, -0.173648, 0.984808, -0.0, 0.0, 0.0, 0.0, 1.0]
            ]
        },
        {
            "name": "Chest",
            "time": [0.0, 0.1333, 0.2667, 0.4, 0.5333, 0.6667, 0.8],
            "transform": [
                [1.0, -1e-06, 1e-06, 0.0, 1e-06, 0.996195, -0.087155, 0.3, -1e-06, 0.087155, 0.996195, 0.0, 0.0, 0.0, 0.0, 1.0],
                [0.966613, 0.026332, -0.254886, -0.0, -0.047818, 0.995769, -0.07847, 0.3, 0.251741, 0.088038, 0.963782, -0.0, 0.0, 0.0, 0.0, 1.0],
                [0.992715, 0.017575, -0.119198, -0.0, -0.024251, 0.998203, -0.054793, 0.3, 0.118021, 0.057284, 0.991358, 0.0, 0.0, 0.0, 0.0, 1.0],
                [1.0, -1e-06, 1e-06, -0.0, 1e-06, 0.996195, -0.087155, 0.3, -1e-06, 0.087155, 0.996195, -0.0, 0.0, 0.0, 0.0, 1.0],
                [0.966612, -0.026334, 0.254888, -0.0, 0.04782, 0.995769, -0.07847, 0.3, -0.251743, 0.088038, 0.963781, -0.0, 0.0, 0.0, 0.0, 1.0],
                [0.992715, -0.017577, 0.1192, 0.0, 0.024253, 0.998203, -0.054792, 0.3, -0.118023, 0.057284, 0.991357, 0.0, 0.0, 0.0, 0.0, 1.0],
                [1.0, -1e-06, 1e-06, 0.0, 1e-06, 0.996195, -0.087155, 0.3, -1e-06, 0.087155, 0.996195, 0.0, 0.0, 0.0, 0.0, 1.0]
            ]
        },
        {
            "name": "Head",
            "time": [0.0, 0.1333, 0.2667, 0.4, 0.5333, 0.6667, 0.8],
            "transform": [
                [0.999933, 0.011579, 0.000809, 0.0, -0.011563, 0.999781, -0.017458, 0.4, -0.001011, 0.017447, 0.999847, -0.0, 0.0, 0.0, 0.0, 1.0],
                [0.962075, -0.015951, 0.27232, 0.0, 0.021387, 0.999627, -0.017007, 0.400001, -0.271947, 0.022187, 0.962057, 0.0, 0.0, 0.0, 0.0, 1.0],
                [0.993148, -0.018263, 0.115425, -0.0, 0.023551, 0.998727, -0.044621, 0.4, -0.114463, 0.047034, 0.992314, 0.0, 0.0, 0.0, 0.0, 1.0],
                [0.999933, -0.011577, -0.00081, -0.0, 0.011561, 0.999781, -0.017458, 0.4, 0.001012, 0.017447, 0.999847, 0.0, 0.0, 0.0, 0.0, 1.0],
                [0.968236, 0.013595, -0.249667, 0.0, -0.018571, 0.999673, -0.017588, 0.4, 0.249346, 0.021666, 0.968172, -0.0, 0.0, 0.0, 0.0, 1.0],
                [0.993163, 0.017128, -0.115476, -0.0, -0.022417, 0.998751, -0.044655, 0.4, 0.114567, 0.046938, 0.992306, -0.0, 0.0, 0.0, 0.0, 1.0],
                [0.999933, 0.011579, 0.000809, 0.0, -0.011563, 0.999781, -0.017458, 0.4, -0.001011, 0.017447, 0.999847, -0.0, 0.0, 0.0, 0.0, 1.0]
            ]
        },
        {
            "name": "Shoulder_R",
            "time": [0.0, 0.1333, 0.2667, 0.4, 0.5333, 0.6667, 0.8],
            "transform": [
                [-1e-06, 0.965965, 0.258674, -0.0, -3e-06, -0.258674, 0.965965, 0.4, 1.0, 0.0, 3e-06, -0.0, 0.0, 0.0, 0.0, 1.0],
                [-1e-06, 0.965965, 0.258674, -0.0, -3e-06, -0.258674, 0.965965, 0.4, 1.0, 0.0, 3e-06, 0.0, 0.0, 0.0, 0.0, 1.0],
                [-1e-06, 0.965965, 0.258674, -0.0, -3e-06, -0.258674, 0.965965, 0.4, 1.0, 0.0, 3e-06, -0.0, 0.0, 0.0, 0.0, 1.0],
                [-1e-06, 0.965964, 0.258674, -0.0, -3e-06, -0.258674, 0.965964, 0.4, 1.0, 0.0, 3e-06, 0.0, 0.0, 0.0, 0.0, 1.0],
                [-1e-06, 0.965965, 0.258674, -0.0, -3e-06, -0.258674, 0.965965, 0.4, 1.0, 0.0, 3e-06, -0.0, 0.0, 0.0, 0.0, 1.0],
                [-0.007472, 0.965936, 0.258674, -0.0, 0.001998, -0.258666, 0.965965, 0.4, 0.99997, 0.007734, 3e-06, 0.0, 0.0, 0.0, 0.0, 1.0],
                [-1e-06, 0.965965, 0.258674, -0.0, -3e-06, -0.258674, 0.965965, 0.4, 1.0, 0.0, 3e-06, -0.0, 0.0, 0.0, 0.0, 1.0]
            ]
        },
        {
            "name": "Arm_R",
            "time": [0.0, 0.1333, 0.2667, 0.4, 0.5333, 0.6667, 0.8],
            "transform": [
                [0.014545, 0.354191, -0.93506, -0.001375, 0.92408, 0.352436, 0.147873, 0.392101, 0.381924, -0.866221, -0.322175, -0.015227, 0.0, 0.0, 0.0, 1.0],
                [-0.173683, 0.307943, -0.935417, -0.001375, 0.891813, 0.452094, -0.016756, 0.392187, 0.417736, -0.837128, -0.353149, -0.015204, 0.0, 0.0, 0.0, 1.0],
                [0.005281, 0.174774, -0.984594, -0.001375, 0.909878, 0.407623, 0.077237, 0.39237, 0.414842, -0.896269, -0.15687, -0.015155, 0.0, 0.0, 0.0, 1.0],
                [0.012353, 0.07306, -0.997251, -0.001375, 0.92048, 0.38875, 0.039883, 0.392455, 0.390595, -0.918442, -0.062448, -0.015132, 0.0, 0.0, 0.0, 1.0],
                [0.048424, -0.240301, -0.96949, -0.001375, 0.896041, 0.439315, -0.064135, 0.39237, 0.441323, -0.865597, 0.236593, -0.015155, 0.0, 0.0, 0.0, 1.0],
                [-0.01282, 0.087082, -0.996119, -0.001375, 0.920752, 0.389516, 0.022202, 0.392187, 0.389938, -0.916894, -0.085174, -0.015204, 0.0, 0.0, 0.0, 1.0],
                [0.014545, 0.354191, -0.93506, -0.001375, 0.92408, 0.352436, 0.147873, 0.392101, 0.381924, -0.866221, -0.322175, -0.015227, 0.0, 0.0, 0.0, 1.0]
            ]
        },
        {
            "name": "Hand_R",
            "time": [0.0, 0.1333, 0.2667, 0.4, 0.5333, 0.6667, 0.8],
            "transform": [
                [0.999336, -0.031776, 0.017833, -0.0, 0.036031, 0.934677, -0.353667, 0.329779, -0.00543, 0.354075, 0.935201, -0.0, 0.0, 0.0, 0.0, 1.0],
                [0.999706, -0.02425, 0.0, 0.0, 0.02388, 0.984441, -0.174087, 0.329779, 0.004221, 0.174035, 0.98473, -0.0, 0.0, 0.0, 0.0, 1.0],
                [0.99969, -0.024896, 0.000797, -0.0, 0.024907, 0.999447, -0.022017, 0.329779, -0.000249, 0.02203, 0.999757, 0.0, 0.0, 0.0, 0.0, 1.0],
                [0.999505, -0.031189, 0.004142, 0.0, 0.031307, 0.972791, -0.22956, 0.329779, 0.00313, 0.229576, 0.973286, 0.0, 0.0, 0.0, 0.0, 1.0],
                [0.9984, -0.056538, 0.0, 0.0, 0.055186, 0.974524, -0.217386, 0.32978, 0.01229, 0.217039, 0.976086, -0.0, 0.0, 0.0, 0.0, 1.0],
                [0.99985, -0.016176, 0.00625, -0.0, 0.017188, 0.876613, -0.480889, 0.329779, 0.0023, 0.480924, 0.876759, -0.0, 0.0, 0.0, 0.0, 1.0],
                [0.999336, -0.031776, 0.017833, -0.0, 0.036031, 0.934677, -0.353667, 0.329779, -0.00543, 0.354075, 0.935201, -0.0, 0.0, 0.0, 0.0, 1.0]
            ]
        },
        {
            "name": "Tool_R",
            "time": [0.0, 0.8],
            "transform": [
                [1.0, 0.0, 0.0, -0.02, 0.0, -1.0, -0.0, 0.251425, 0.0, 0.0, -1.0, 0.0, 0.0, 0.0, 0.0, 1.0],
                [1.0, 0.0, 0.0, -0.02, 0.0, -1.0, -0.0, 0.251425, 0.0, 0.0, -1.0, 0.0, 0.0, 0.0, 0.0, 1.0]
            ]
        },
        {
            "name": "Elbow_R",
            "time": [0.0, 0.1333, 0.2667, 0.4, 0.5333, 0.6667, 0.8],
            "transform": [
                [-0.999832, -0.018161, -0.002226, -0.0, -0.00108, 0.180003, -0.983665, 0.329779, 0.018265, -0.983498, -0.179993, -0.0, 0.0, 0.0, 0.0, 1.0],
                [-0.999926, -0.011574, -0.003658, 0.0, 0.002634, 0.08734, -0.996175, 0.329779, 0.011849, -0.996112, -0.087303, -0.0, 0.0, 0.0, 0.0, 1.0],
                [-0.999923, -0.012456, -8.2e-05, -0.0, -5.5e-05, 0.011016, -0.999939, 0.329779, 0.012456, -0.999862, -0.011016, 0.0, 0.0, 0.0, 0.0, 1.0],
                [-0.999876, -0.015172, -0.004256, 0.0, 0.002474, 0.115551, -0.993298, 0.329779, 0.015562, -0.993185, -0.115499, 0.0, 0.0, 0.0, 0.0, 1.0],
                [-0.999599, -0.026271, -0.010584, 0.0, 0.007658, 0.109091, -0.994002, 0.32978, 0.027268, -0.993685, -0.108846, -0.0, 0.0, 0.0, 0.0, 1.0],
                [-0.999962, -0.007632, -0.004263, -0.0, 0.002235, 0.248227, -0.968699, 0.329779, 0.008451, -0.968672, -0.2482, -0.0, 0.0, 0.0, 0.0, 1.0],
                [-0.999832, -0.018161, -0.002226, -0.0, -0.00108, 0.180003, -0.983665, 0.329779, 0.018265, -0.983498, -0.179993, -0.0, 0.0, 0.0, 0.0, 1.0]
            ]
        },
        {
            "name": "Shoulder_L",
            "time": [0.0, 0.1333, 0.2667, 0.4, 0.5333, 0.6667, 0.8],
            "transform": [
                [0.0, -0.965965, -0.258674, 0.0, -0.0, -0.258674, 0.965965, 0.4, -1.0, -0.0, -0.0, -0.0, 0.0, 0.0, 0.0, 1.0],
                [0.0, -0.965965, -0.258674, 0.0, -0.0, -0.258674, 0.965965, 0.4, -1.0, -0.0, -0.0, 0.0, 0.0, 0.0, 0.0, 1.0],
                [-0.00747, -0.965936, -0.258674, 0.0, -0.002001, -0.258666, 0.965965, 0.4, -0.99997, 0.007734, -0.0, -0.0, 0.0, 0.0, 0.0, 1.0],
                [0.0, -0.965965, -0.258674, 0.0, -0.0, -0.258674, 0.965965, 0.4, -1.0, -0.0, -0.0, 0.0, 0.0, 0.0, 0.0, 1.0],
                [1e-06, -0.965965, -0.258674, 0.0, -0.0, -0.258673, 0.965965, 0.4, -1.0, -0.0, -0.0, 0.0, 0.0, 0.0, 0.0, 1.0],
                [0.0, -0.965965, -0.258673, 0.0, -0.0, -0.258673, 0.965965, 0.4, -1.0, -0.0, -0.0, -0.0, 0.0, 0.0, 0.0, 1.0],
                [0.0, -0.965965, -0.258674, 0.0, -0.0, -0.258674, 0.965965, 0.4, -1.0, -0.0, -0.0, -0.0, 0.0, 0.0, 0.0, 1.0]
            ]
        },
        {
            "name": "Arm_L",
            "time": [0.0, 0.1333, 0.2667, 0.4, 0.5333, 0.6667, 0.8],
            "transform": [
                [0.012354, -0.073057, 0.997251, 0.001375, -0.920479, 0.388751, 0.039882, 0.392454, -0.390596, -0.918442, -0.062444, -0.015132, 0.0, 0.0, 0.0, 1.0],
                [0.048425, 0.240305, 0.969489, 0.001375, -0.89604, 0.439316, -0.064136, 0.392369, -0.441324, -0.865596, 0.236596, -0.015155, 0.0, 0.0, 0.0, 1.0],
                [-0.012819, -0.087078, 0.996119, 0.001375, -0.920752, 0.389518, 0.022201, 0.392186, -0.389939, -0.916894, -0.085171, -0.015204, 0.0, 0.0, 0.0, 1.0],
                [0.014545, -0.354188, 0.935061, 0.001375, -0.924079, 0.352437, 0.147873, 0.3921, -0.381925, -0.866222, -0.322171, -0.015227, 0.0, 0.0, 0.0, 1.0],
                [-0.173682, -0.30794, 0.935418, 0.001375, -0.891813, 0.452095, -0.016756, 0.392186, -0.417738, -0.837128, -0.353146, -0.015204, 0.0, 0.0, 0.0, 1.0],
                [0.005282, -0.17477, 0.984595, 0.001375, -0.909878, 0.407624, 0.077236, 0.392369, -0.414843, -0.896269, -0.156866, -0.015155, 0.0, 0.0, 0.0, 1.0],
                [0.012354, -0.073057, 0.997251, 0.001375, -0.920479, 0.388751, 0.039882, 0.392454, -0.390596, -0.918442, -0.062444, -0.015132, 0.0, 0.0, 0.0, 1.0]
            ]
        },
        {
            "name": "Hand_L",
            "time": [0.0, 0.1333, 0.2667, 0.4, 0.5333, 0.6667, 0.8],
            "transform": [
                [0.999505, 0.03119, -0.004142, 0.0, -0.031308, 0.972791, -0.229559, 0.329779, -0.003131, 0.229575, 0.973286, 0.0, 0.0, 0.0, 0.0, 1.0],
                [0.9984, 0.056539, 0.0, 0.0, -0.055187, 0.974525, -0.217385, 0.329779, -0.012291, 0.217038, 0.976086, 0.0, 0.0, 0.0, 0.0, 1.0],
                [0.99985, 0.016177, -0.00625, -0.0, -0.017189, 0.876613, -0.480888, 0.329779, -0.002301, 0.480923, 0.87676, 0.0, 0.0, 0.0, 0.0, 1.0],
                [0.999336, 0.031777, -0.017833, -0.0, -0.036032, 0.934678, -0.353666, 0.329779, 0.00543, 0.354074, 0.935202, 0.0, 0.0, 0.0, 0.0, 1.0],
                [0.999706, 0.024251, 0.0, 0.0, -0.023881, 0.984441, -0.174086, 0.329779, -0.004222, 0.174035, 0.984731, 0.0, 0.0, 0.0, 0.0, 1.0],
                [0.99969, 0.024896, -0.000796, -0.0, -0.024908, 0.999447, -0.022016, 0.329779, 0.000248, 0.022029, 0.999757, -0.0, 0.0, 0.0, 0.0, 1.0],
                [0.999505, 0.03119, -0.004142, 0.0, -0.031308, 0.972791, -0.229559, 0.329779, -0.003131, 0.229575, 0.973286, 0.0, 0.0, 0.0, 0.0, 1.0]
            ]
        },
        {
            "name": "Tool_L",
            "time": [0.0, 0.8],
            "transform": [
                [1.0, -0.0, 0.0, 0.02, -0.0, -1.0, -0.0, 0.252033, 0.0, 0.0, -1.0, 0.006946, 0.0, 0.0, 0.0, 1.0],
                [1.0, -0.0, 0.0, 0.02, -0.0, -1.0, -0.0, 0.252033, 0.0, 0.0, -1.0, 0.006946, 0.0, 0.0, 0.0, 1.0]
            ]
        },
        {
            "name": "Elbow_L",
            "time": [0.0, 0.1333, 0.2667, 0.4, 0.5333, 0.6667, 0.8],
            "transform": [
                [-0.999876, 0.015175, 0.004254, 0.0, -0.002473, 0.11555, -0.993299, 0.329779, -0.015565, -0.993186, -0.115498, 0.0, 0.0, 0.0, 0.0, 1.0],
                [-0.999599, 0.026272, 0.010583, 0.0, -0.007657, 0.10909, -0.994003, 0.329779, -0.027268, -0.993685, -0.108845, 0.0, 0.0, 0.0, 0.0, 1.0],
                [-0.999961, 0.007631, 0.004261, -0.0, -0.002233, 0.248226, -0.968699, 0.329779, -0.00845, -0.968672, -0.248199, 0.0, 0.0, 0.0, 0.0, 1.0],
                [-0.999832, 0.01816, 0.002225, -0.0, 0.00108, 0.180002, -0.983666, 0.329779, -0.018264, -0.983499, -0.179991, 0.0, 0.0, 0.0, 0.0, 1.0],
                [-0.999926, 0.011573, 0.003658, 0.0, -0.002633, 0.087339, -0.996175, 0.329779, -0.011848, -0.996111, -0.087302, 0.0, 0.0, 0.0, 0.0, 1.0],
                [-0.999922, 0.012454, 8.2e-05, -0.0, 5.6e-05, 0.011016, -0.999939, 0.329779, -0.012454, -0.999862, -0.011016, -0.0, 0.0, 0.0, 0.0, 1.0],
                [-0.999876, 0.015175, 0.004254, 0.0, -0.002473, 0.11555, -0.993299, 0.329779, -0.015565, -0.993186, -0.115498, 0.0, 0.0, 0.0, 0.0, 1.0]
            ]
        }
    ]
}