{"animation": [{"name": "Root", "time": [0.0, 0.2167, 0.4167, 0.6333, 0.8], "transform": [[1.0, 0.0, 0.0, -0.000135, 0.0, 0.075365, -0.997156, 0.001666, 0.0, 0.997156, 0.075365, 0.730325, 0.0, 0.0, 0.0, 1.0], [0.999504, 0.031488, 0.0, -0.000779, -0.002373, 0.075328, -0.997156, -0.001807, -0.031398, 0.996661, 0.075365, 0.684374, 0.0, 0.0, 0.0, 1.0], [1.0, 0.0, 0.0, -0.000135, 0.0, 0.075365, -0.997156, 0.001045, 0.0, 0.997156, 0.075365, 0.722102, 0.0, 0.0, 0.0, 1.0], [0.999567, -0.029438, -0.0, 0.000467, 0.002219, 0.075332, -0.997156, -0.001961, 0.029354, 0.996724, 0.075365, 0.682334, 0.0, 0.0, 0.0, 1.0], [1.0, 0.0, 0.0, -0.000135, 0.0, 0.075365, -0.997156, 0.001666, 0.0, 0.997156, 0.075365, 0.730325, 0.0, 0.0, 0.0, 1.0]]}, {"name": "Thigh_R", "time": [0.0, 0.2167, 0.4167, 0.6333, 0.8], "transform": [[0.999237, -0.022236, -0.032084, 0.124537, 3.5e-05, -0.82138, 0.570379, 0.002716, -0.039036, -0.569944, -0.820756, -0.017467, 0.0, 0.0, 0.0, 1.0], [0.993535, -0.113299, -0.007149, 0.122678, -0.092236, -0.842336, 0.530999, 0.002289, -0.066184, -0.526905, -0.847343, -0.016588, 0.0, 0.0, 0.0, 1.0], [0.990242, -0.102433, -0.094486, 0.122893, -0.10026, -0.99458, 0.027476, -0.000864, -0.096789, -0.017735, -0.995147, -0.006192, 0.0, 0.0, 0.0, 1.0], [0.986291, -0.064498, 0.151883, 0.123689, -0.011672, -0.945406, -0.325679, 0.000108, 0.164597, 0.319441, -0.933202, 0.000693, 0.0, 0.0, 0.0, 1.0], [0.999237, -0.022236, -0.032084, 0.124537, 3.5e-05, -0.82138, 0.570379, 0.002716, -0.039036, -0.569944, -0.820756, -0.017467, 0.0, 0.0, 0.0, 1.0]]}, {"name": "Leg_R", "time": [0.0, 0.2167, 0.4167, 0.6333, 0.8], "transform": [[1.0, -0.0, 2e-06, 0.0, -2e-06, 0.375307, 0.926899, 0.37472, -1e-06, -0.926904, 0.375305, -0.0, 0.0, 0.0, 0.0, 1.0], [1.0, 2e-06, 1e-06, 0.0, -2e-06, 0.999675, -0.025602, 0.37472, -1e-06, 0.025602, 0.99967, 0.0, 0.0, 0.0, 0.0, 1.0], [1.0, 2e-06, 1e-06, 0.0, -2e-06, 0.999675, -0.025602, 0.37472, -1e-06, 0.025602, 0.99967, -0.0, 0.0, 0.0, 0.0, 1.0], [1.0, 1e-06, 1e-06, 0.0, -2e-06, 0.960634, 0.277824, 0.37472, -1e-06, -0.277825, 0.96063, 0.0, 0.0, 0.0, 0.0, 1.0], [1.0, -0.0, 2e-06, 0.0, -2e-06, 0.375307, 0.926899, 0.37472, -1e-06, -0.926904, 0.375305, -0.0, 0.0, 0.0, 0.0, 1.0]]}, {"name": "Knee_R", "time": [0.0, 0.2167, 0.4167, 0.6333, 0.8], "transform": [[1.0, 1e-06, -0.0, 0.0, -1e-06, 0.54844, -0.83619, 0.371397, -1e-06, 0.836189, 0.548441, -0.012177, 0.0, 0.0, 0.0, 1.0], [1.0, 1e-06, -1e-06, 0.0, -1e-06, -0.0, -1.0, 0.377672, -1e-06, 1.0, -0.0, -0.000954, 0.0, 0.0, 0.0, 1.0], [1.0, 1e-06, -1e-06, 0.0, -1e-06, -0.0, -1.0, 0.375755, -1e-06, 1.0, -0.0, -0.000954, 0.0, 0.0, 0.0, 1.0], [1.0, 1e-06, -1e-06, -0.0, -1e-06, -0.0, -1.0, 0.375755, -1e-06, 1.0, -0.0, -0.000954, 0.0, 0.0, 0.0, 1.0], [1.0, 1e-06, -0.0, 0.0, -1e-06, 0.54844, -0.83619, 0.371397, -1e-06, 0.836189, 0.548441, -0.012177, 0.0, 0.0, 0.0, 1.0]]}, {"name": "Thigh_L", "time": [0.0, 0.2167, 0.4167, 0.6333, 0.8], "transform": [[0.995185, 0.098007, -0.0, -0.123003, 0.097913, -0.994239, 0.043619, -0.002702, 0.004275, -0.04341, -0.999048, -0.001345, 0.0, 0.0, 0.0, 1.0], [0.990853, 0.134872, -0.004349, -0.12225, 0.121059, -0.902689, -0.412914, -0.000869, -0.059616, 0.408611, -0.910759, 0.007904, 0.0, 0.0, 0.0, 1.0], [0.992648, -0.022368, -0.118944, -0.125473, 0.018982, -0.941838, 0.335531, -0.001604, -0.119531, -0.335322, -0.93449, -0.007301, 0.0, 0.0, 0.0, 1.0], [0.996637, 0.063665, -0.051585, -0.123709, 0.081412, -0.840737, 0.535288, 0.000476, -0.00929, -0.537688, -0.843093, -0.011434, 0.0, 0.0, 0.0, 1.0], [0.995185, 0.098007, -0.0, -0.123003, 0.097913, -0.994239, 0.043619, -0.002702, 0.004275, -0.04341, -0.999048, -0.001345, 0.0, 0.0, 0.0, 1.0]]}, {"name": "Leg_L", "time": [0.0, 0.2167, 0.4167, 0.6333, 0.8], "transform": [[1.0, 1e-06, 1e-06, -0.0, -1e-06, 0.996194, 0.087156, 0.37472, -1e-06, -0.087156, 0.996196, -0.0, 0.0, 0.0, 0.0, 1.0], [1.0, 1e-06, 1e-06, 0.0, -1e-06, 0.996193, 0.087156, 0.37472, -1e-06, -0.087156, 0.996196, -0.0, 0.0, 0.0, 0.0, 1.0], [1.0, -1e-06, 2e-06, -0.0, -1e-06, 0.532832, 0.846221, 0.37472, -1e-06, -0.84622, 0.532833, -0.0, 0.0, 0.0, 0.0, 1.0], [1.0, 1e-06, 1e-06, -0.0, -1e-06, 0.999868, 0.016186, 0.37472, -1e-06, -0.016185, 0.99987, 0.0, 0.0, 0.0, 0.0, 1.0], [1.0, 1e-06, 1e-06, -0.0, -1e-06, 0.996194, 0.087156, 0.37472, -1e-06, -0.087156, 0.996196, -0.0, 0.0, 0.0, 0.0, 1.0]]}, {"name": "Knee_L", "time": [0.0, 0.2167, 0.4167, 0.6333, 0.8], "transform": [[1.0, 1e-06, -1e-06, 0.0, -1e-06, -0.0, -1.0, 0.37472, -1e-06, 1.0, -0.0, 0.0, 0.0, 0.0, 0.0, 1.0], [1.0, 1e-06, -1e-06, 0.0, -1e-06, -0.0, -1.0, 0.37472, -1e-06, 1.0, -0.0, 0.0, 0.0, 0.0, 0.0, 1.0], [1.0, 1e-06, -1e-06, -0.0, -1e-06, -0.0, -1.0, 0.37472, -1e-06, 1.0, -0.0, 0.0, 0.0, 0.0, 0.0, 1.0], [1.0, 1e-06, -1e-06, 0.0, -1e-06, -0.0, -1.0, 0.37472, -1e-06, 1.0, -0.0, 0.0, 0.0, 0.0, 0.0, 1.0], [1.0, 1e-06, -1e-06, 0.0, -1e-06, -0.0, -1.0, 0.37472, -1e-06, 1.0, -0.0, 0.0, 0.0, 0.0, 0.0, 1.0]]}, {"name": "Torso", "time": [0.0, 0.2167, 0.4167, 0.6333, 0.8], "transform": [[1.0, 0.0, 0.0, 0.0, 0.0, 0.999146, -0.04132, 0.05, 0.0, 0.04132, 0.999146, 0.0, 0.0, 0.0, 0.0, 1.0], [0.995469, -0.095088, -0.0, 0.0, 0.095007, 0.994619, -0.04132, 0.05, 0.003929, 0.041133, 0.999146, -0.0, 0.0, 0.0, 0.0, 1.0], [1.0, 0.0, 0.0, 0.0, 0.0, 0.999146, -0.04132, 0.05, 0.0, 0.04132, 0.999146, -0.0, 0.0, 0.0, 0.0, 1.0], [0.994713, 0.102694, 0.0, 0.0, -0.102607, 0.993864, -0.04132, 0.05, -0.004243, 0.041102, 0.999146, -0.0, 0.0, 0.0, 0.0, 1.0], [1.0, 0.0, 0.0, 0.0, 0.0, 0.999146, -0.04132, 0.05, 0.0, 0.04132, 0.999146, 0.0, 0.0, 0.0, 0.0, 1.0]]}, {"name": "Chest", "time": [0.0, 0.2167, 0.4167, 0.6333, 0.8], "transform": [[1.0, 1e-06, -1e-06, 0.0, -1e-06, 0.999405, 0.034496, 0.3, 1e-06, -0.034496, 0.999405, -0.0, 0.0, 0.0, 0.0, 1.0], [0.94565, 0.026109, -0.324135, 0.0, -0.011019, 0.998772, 0.048303, 0.3, 0.324998, -0.042106, 0.944777, -0.0, 0.0, 0.0, 0.0, 1.0], [1.0, 1e-06, -1e-06, 0.0, -1e-06, 0.999405, 0.034496, 0.3, 1e-06, -0.034496, 0.999405, -0.0, 0.0, 0.0, 0.0, 1.0], [0.946319, -0.023558, 0.322374, 0.0, 0.007288, 0.998642, 0.051583, 0.3, -0.323151, -0.046465, 0.945206, 0.0, 0.0, 0.0, 0.0, 1.0], [1.0, 1e-06, -1e-06, 0.0, -1e-06, 0.999405, 0.034496, 0.3, 1e-06, -0.034496, 0.999405, -0.0, 0.0, 0.0, 0.0, 1.0]]}, {"name": "Head", "time": [0.0, 0.2167, 0.4167, 0.6333, 0.8], "transform": [[1.0, -1e-06, 1e-06, -0.0, 1e-06, 0.994152, 0.107986, 0.4, -1e-06, -0.107986, 0.994152, 0.0, 0.0, 0.0, 0.0, 1.0], [0.943822, 0.001821, 0.33045, -0.0, -0.037564, 0.994094, 0.10181, 0.4, -0.328313, -0.108504, 0.938316, 0.0, 0.0, 0.0, 0.0, 1.0], [1.0, -1e-06, 1e-06, -0.0, 1e-06, 0.994152, 0.107986, 0.4, -1e-06, -0.107986, 0.994152, 0.0, 0.0, 0.0, 0.0, 1.0], [0.944156, -0.012051, -0.329279, -0.0, 0.046259, 0.994282, 0.096252, 0.4, 0.326236, -0.106109, 0.939314, 0.0, 0.0, 0.0, 0.0, 1.0], [1.0, -1e-06, 1e-06, -0.0, 1e-06, 0.994152, 0.107986, 0.4, -1e-06, -0.107986, 0.994152, 0.0, 0.0, 0.0, 0.0, 1.0]]}, {"name": "Shoulder_R", "time": [0.0, 0.8], "transform": [[-0.409403, 0.824638, 0.390335, 0.0, 0.000994, -0.42743, 0.904048, 0.4, 0.912353, 0.370508, 0.174171, 0.0, 0.0, 0.0, 0.0, 1.0], [-0.409403, 0.824638, 0.390335, 0.0, 0.000994, -0.42743, 0.904048, 0.4, 0.912353, 0.370508, 0.174171, 0.0, 0.0, 0.0, 0.0, 1.0]]}, {"name": "Arm_R", "time": [0.0, 0.2167, 0.6333, 0.8], "transform": [[0.444508, 0.319892, -0.836709, 0.0, 0.329392, 0.810249, 0.484767, 0.39386, 0.833014, -0.491089, 0.254792, -0.0, 0.0, 0.0, 0.0, 1.0], [0.164363, 0.094496, -0.981863, 0.0, 0.443679, 0.881942, 0.159151, 0.39386, 0.880984, -0.461791, 0.103033, 0.0, 0.0, 0.0, 0.0, 1.0], [0.671046, 0.479585, -0.565417, 0.0, 0.092903, 0.702217, 0.705877, 0.39386, 0.735572, -0.526205, 0.426665, 0.0, 0.0, 0.0, 0.0, 1.0], [0.444508, 0.319892, -0.836709, 0.0, 0.329392, 0.810249, 0.484767, 0.39386, 0.833014, -0.491089, 0.254792, -0.0, 0.0, 0.0, 0.0, 1.0]]}, {"name": "Hand_R", "time": [0.0, 0.8], "transform": [[1.0, 1e-06, -1e-06, 0.0, -1e-06, 0.980949, -0.194268, 0.3, 0.0, 0.194267, 0.980949, -0.0, 0.0, 0.0, 0.0, 1.0], [1.0, 1e-06, -1e-06, 0.0, -1e-06, 0.980949, -0.194268, 0.3, 0.0, 0.194267, 0.980949, -0.0, 0.0, 0.0, 0.0, 1.0]]}, {"name": "Tool_R", "time": [0.0, 0.8], "transform": [[1.0, -0.0, -0.0, 0.0, -0.0, -0.762325, -0.646175, 0.248543, -0.0, 0.645954, -0.760546, -0.019675, 0.0, 0.0, 0.0, 1.0], [1.0, -0.0, -0.0, 0.0, -0.0, -0.762325, -0.646175, 0.248543, -0.0, 0.645954, -0.760546, -0.019675, 0.0, 0.0, 0.0, 1.0]]}, {"name": "Elbow_R", "time": [0.0, 0.2167, 0.4167, 0.6333, 0.8], "transform": [[-1.0, 0.0, -0.0, -0.0, 0.0, 0.0, -1.0, 0.3, -0.0, -0.999999, 0.0, -0.0, 0.0, 0.0, 0.0, 1.0], [-1.0, 0.0, -0.0, -0.0, 0.0, 0.0, -1.0, 0.3, -0.0, -0.999999, 0.0, -0.0, 0.0, 0.0, 0.0, 1.0], [-1.0, 0.0, -0.0, -0.0, 0.0, -0.0, -1.0, 0.3, -0.0, -0.999999, 0.0, -0.0, 0.0, 0.0, 0.0, 1.0], [-1.0, 0.0, -0.0, -0.0, 0.0, 0.0, -1.0, 0.3, -0.0, -0.999999, -0.0, -0.0, 0.0, 0.0, 0.0, 1.0], [-1.0, 0.0, -0.0, -0.0, 0.0, 0.0, -1.0, 0.3, -0.0, -0.999999, 0.0, -0.0, 0.0, 0.0, 0.0, 1.0]]}, {"name": "Shoulder_L", "time": [0.0, 0.8], "transform": [[-0.010483, -0.962887, -0.269704, -0.0, 0.00012, -0.269721, 0.962939, 0.399999, -0.999946, 0.010062, 0.002943, 0.0, 0.0, 0.0, 0.0, 1.0], [-0.010483, -0.962887, -0.269704, -0.0, 0.00012, -0.269721, 0.962939, 0.399999, -0.999946, 0.010062, 0.002943, 0.0, 0.0, 0.0, 0.0, 1.0]]}, {"name": "Arm_L", "time": [0.0, 0.2167, 0.6333, 0.8], "transform": [[-0.697507, 0.414797, 0.584317, -0.0, -0.545776, 0.220872, -0.808296, 0.39386, -0.464338, -0.882699, 0.072327, 0.0, 0.0, 0.0, 0.0, 1.0], [-0.458132, 0.397994, 0.794805, -0.0, -0.70841, 0.376615, -0.596922, 0.39386, -0.536906, -0.836517, 0.109404, 0.0, 0.0, 0.0, 0.0, 1.0], [-0.851934, 0.392423, 0.346714, -0.0, -0.343467, 0.081026, -0.935663, 0.39386, -0.395268, -0.916209, 0.065755, -0.0, 0.0, 0.0, 0.0, 1.0], [-0.697507, 0.414797, 0.584317, -0.0, -0.545776, 0.220872, -0.808296, 0.39386, -0.464338, -0.882699, 0.072327, 0.0, 0.0, 0.0, 0.0, 1.0]]}, {"name": "Hand_L", "time": [0.0, 0.8], "transform": [[0.916622, 0.132548, -0.377141, -0.0, -0.347657, 0.730017, -0.588397, 0.3, 0.197328, 0.670453, 0.715231, 0.0, 0.0, 0.0, 0.0, 1.0], [0.916622, 0.132548, -0.377141, -0.0, -0.347657, 0.730017, -0.588397, 0.3, 0.197328, 0.670453, 0.715231, 0.0, 0.0, 0.0, 0.0, 1.0]]}, {"name": "Tool_L", "time": [0.0, 0.8], "transform": [[1.0, 0.0, 0.0, 0.0, 0.0, -0.999835, 0.018122, 0.335026, 0.0, -0.018122, -0.999189, 0.001127, 0.0, 0.0, 0.0, 1.0], [1.0, 0.0, 0.0, 0.0, 0.0, -0.999835, 0.018122, 0.335026, 0.0, -0.018122, -0.999189, 0.001127, 0.0, 0.0, 0.0, 1.0]]}, {"name": "Elbow_L", "time": [0.0, 0.8], "transform": [[-1.0, 1e-06, 2e-06, -1e-06, -2e-06, 0.0, -1.0, 0.299999, -1e-06, -1.0, -0.0, 0.0, 0.0, 0.0, 0.0, 1.0], [-1.0, 1e-06, 2e-06, -1e-06, -2e-06, 0.0, -1.0, 0.299999, -1e-06, -1.0, -0.0, 0.0, 0.0, 0.0, 0.0, 1.0]]}]}