{"animation": [{"name": "Root", "time": [0.0, 0.1167, 0.2667, 0.3833, 0.5], "transform": [[0.957349, 0.07067, -0.280159, 1.7e-05, -0.265862, 0.595143, -0.758368, 0.000905, 0.113141, 0.800506, 0.588548, 0.453808, 0.0, 0.0, 0.0, 1.0], [0.997487, 0.07067, -0.005105, 1.7e-05, -0.046271, 0.595143, -0.802286, 0.000905, -0.053659, 0.800506, 0.596918, 0.568614, 0.0, 0.0, 0.0, 1.0], [0.960166, 0.07067, 0.270345, 1.7e-05, 0.176912, 0.595143, -0.783905, 0.000905, -0.216293, 0.800506, 0.558934, 0.453808, 0.0, 0.0, 0.0, 1.0], [0.997487, 0.07067, -0.005106, 1.7e-05, -0.046271, 0.595143, -0.802286, 0.000905, -0.053659, 0.800506, 0.596918, 0.568614, 0.0, 0.0, 0.0, 1.0], [0.957349, 0.07067, -0.280159, 1.7e-05, -0.265862, 0.595143, -0.758368, 0.000905, 0.113141, 0.800506, 0.588548, 0.453808, 0.0, 0.0, 0.0, 1.0]]}, {"name": "Thigh_R", "time": [0.0, 0.1167, 0.2667, 0.5], "transform": [[0.979814, 0.199756, 0.007766, 0.124994, 0.162576, -0.773633, -0.612421, -0.002831, -0.116327, 0.60132, -0.790494, -1.2e-05, 0.0, 0.0, 0.0, 1.0], [0.979733, -0.092508, 0.177662, 0.124994, -0.199264, -0.359897, 0.911465, -0.002831, -0.020378, -0.928392, -0.371038, -1.2e-05, 0.0, 0.0, 0.0, 1.0], [0.978245, 0.207172, -0.01074, 0.124994, -0.012987, 0.11283, 0.99353, -0.002831, 0.207044, -0.971774, 0.113066, -1.2e-05, 0.0, 0.0, 0.0, 1.0], [0.969938, 0.24332, 0.003887, 0.124994, 0.196561, -0.773928, -0.601994, -0.002831, -0.143469, 0.58466, -0.798491, -1.2e-05, 0.0, 0.0, 0.0, 1.0]]}, {"name": "Leg_R", "time": [0.0, 0.5], "transform": [[1.0, -0.0, 1e-06, 0.0, -1e-06, 0.588644, 0.808394, 0.37472, -1e-06, -0.808394, 0.588641, 0.0, 0.0, 0.0, 0.0, 1.0], [1.0, -0.0, 1e-06, -0.0, -1e-06, 0.577073, 0.816694, 0.37472, -1e-06, -0.816694, 0.57707, 0.0, 0.0, 0.0, 0.0, 1.0]]}, {"name": "Knee_R", "time": [0.0, 0.5], "transform": [[1.0, 0.0, -0.0, 0.0, -0.0, 0.0, -1.0, 0.37472, -0.0, 1.0, 0.0, 0.0, 0.0, 0.0, 0.0, 1.0], [1.0, 0.0, -0.0, -0.0, -0.0, 0.0, -1.0, 0.37472, -0.0, 1.0, 0.0, 0.0, 0.0, 0.0, 0.0, 1.0]]}, {"name": "Thigh_L", "time": [0.0, 0.1167, 0.2667, 0.3833, 0.5], "transform": [[0.953928, -0.228825, -0.194057, -0.125006, 0.217736, 0.082986, 0.972473, -0.002831, -0.206422, -0.969924, 0.128986, -1.2e-05, 0.0, 0.0, 0.0, 1.0], [0.983996, 0.177702, 0.013111, -0.125006, 0.178113, -0.98303, -0.043902, -0.002831, 0.005087, 0.045535, -0.99895, -1.2e-05, 0.0, 0.0, 0.0, 1.0], [0.977443, -0.014972, 0.210665, -0.125006, 0.125112, -0.762571, -0.634691, -0.002831, 0.170149, 0.646732, -0.743496, -1.2e-05, 0.0, 0.0, 0.0, 1.0], [0.950217, 0.055148, -0.306669, -0.125006, 0.295982, 0.147818, 0.943686, -0.002831, 0.097374, -0.987476, 0.124136, -1.2e-05, 0.0, 0.0, 0.0, 1.0], [0.953928, -0.228825, -0.194057, -0.125006, 0.217736, 0.082986, 0.972473, -0.002831, -0.206422, -0.969924, 0.128986, -1.2e-05, 0.0, 0.0, 0.0, 1.0]]}, {"name": "Leg_L", "time": [0.0, 0.5], "transform": [[1.0, 0.0, 1e-06, 0.0, -0.0, 0.986138, 0.165926, 0.37472, -1e-06, -0.165926, 0.986139, 0.0, 0.0, 0.0, 0.0, 1.0], [1.0, 0.0, 1e-06, 0.0, -0.0, 0.986138, 0.165926, 0.37472, -1e-06, -0.165926, 0.986139, 0.0, 0.0, 0.0, 0.0, 1.0]]}, {"name": "Knee_L", "time": [0.0, 0.5], "transform": [[1.0, 0.0, -0.0, 0.0, -0.0, 0.0, -1.0, 0.37472, -0.0, 1.0, 0.0, 0.0, 0.0, 0.0, 0.0, 1.0], [1.0, 0.0, -0.0, 0.0, -0.0, 0.0, -1.0, 0.37472, -0.0, 1.0, 0.0, 0.0, 0.0, 0.0, 0.0, 1.0]]}, {"name": "Torso", "time": [0.0, 0.5], "transform": [[1.0, 0.0, -0.0, -0.0, 0.0, 1.0, 0.0, 0.05, -0.0, -0.0, 1.0, 0.0, 0.0, 0.0, 0.0, 1.0], [1.0, 0.0, -0.0, -0.0, 0.0, 1.0, 0.0, 0.05, -0.0, -0.0, 1.0, 0.0, 0.0, 0.0, 0.0, 1.0]]}, {"name": "Chest", "time": [0.0, 0.1167, 0.2667, 0.3833, 0.5], "transform": [[0.866211, 0.081138, -0.493047, -0.0, 0.270883, 0.7529, 0.599803, 0.3, 0.419882, -0.653114, 0.630191, 0.0, 0.0, 0.0, 0.0, 1.0], [0.71088, 0.246903, -0.65855, -0.0, 0.345373, 0.693129, 0.632685, 0.3, 0.612672, -0.677208, 0.407458, 0.0, 0.0, 0.0, 0.0, 1.0], [0.564269, 0.31223, -0.764273, -0.0, 0.330436, 0.762933, 0.555647, 0.3, 0.756579, -0.566078, 0.327328, 0.0, 0.0, 0.0, 0.0, 1.0], [0.718533, 0.256665, -0.6464, -0.0, 0.265528, 0.757775, 0.596047, 0.3, 0.64281, -0.599917, 0.476335, 0.0, 0.0, 0.0, 0.0, 1.0], [0.866211, 0.081138, -0.493047, -0.0, 0.270883, 0.7529, 0.599803, 0.3, 0.419882, -0.653114, 0.630191, 0.0, 0.0, 0.0, 0.0, 1.0]]}, {"name": "Head", "time": [0.0, 0.1167, 0.2667, 0.5], "transform": [[0.842307, 0.24724, 0.478948, -0.0, 0.138389, 0.759601, -0.635495, 0.4, -0.520929, 0.601563, 0.605602, 0.0, 0.0, 0.0, 0.0, 1.0], [0.83462, 0.311772, 0.454101, -0.0, 0.125101, 0.695566, -0.707487, 0.4, -0.536431, 0.647291, 0.54153, 0.0, 0.0, 0.0, 0.0, 1.0], [0.801872, 0.343606, 0.48881, -0.0, 0.037486, 0.787556, -0.615101, 0.4, -0.596318, 0.511556, 0.618639, 0.0, 0.0, 0.0, 0.0, 1.0], [0.842307, 0.24724, 0.478948, -0.0, 0.138389, 0.759601, -0.635495, 0.4, -0.520929, 0.601563, 0.605602, 0.0, 0.0, 0.0, 0.0, 1.0]]}, {"name": "Shoulder_R", "time": [0.0, 0.0167, 0.0333, 0.05, 0.0667, 0.0833, 0.1, 0.1167, 0.1333, 0.15, 0.1667, 0.1833, 0.2, 0.2167, 0.2333, 0.25, 0.2667, 0.2833, 0.3, 0.3167, 0.3333, 0.35, 0.3667, 0.3833, 0.4, 0.4167, 0.4333, 0.45, 0.4667, 0.4833, 0.5], "transform": [[0.0, 0.952114, 0.305743, 0.0, 0.0, -0.305743, 0.952114, 0.362303, 1.0, 0.0, -0.0, 0.0, 0.0, 0.0, 0.0, 1.0], [0.0, 0.952114, 0.305743, 0.0, 0.0, -0.305743, 0.952114, 0.362303, 1.0, 0.0, -0.0, 0.0, 0.0, 0.0, 0.0, 1.0], [0.0, 0.952114, 0.305743, 0.0, -0.0, -0.305743, 0.952114, 0.362303, 1.0, 0.0, -0.0, 0.0, 0.0, 0.0, 0.0, 1.0], [0.0, 0.952114, 0.305743, -0.0, -0.0, -0.305743, 0.952114, 0.362303, 1.0, 0.0, -0.0, -0.0, 0.0, 0.0, 0.0, 1.0], [0.0, 0.952114, 0.305743, 0.0, -0.0, -0.305743, 0.952114, 0.362303, 1.0, -0.0, -0.0, 0.0, 0.0, 0.0, 0.0, 1.0], [0.0, 0.952114, 0.305743, 0.0, 0.0, -0.305743, 0.952114, 0.362303, 1.0, -0.0, -0.0, 0.0, 0.0, 0.0, 0.0, 1.0], [0.0, 0.952114, 0.305743, 0.0, -0.0, -0.305743, 0.952114, 0.362303, 1.0, 0.0, -0.0, 0.0, 0.0, 0.0, 0.0, 1.0], [0.0, 0.952114, 0.305743, 0.0, -0.0, -0.305743, 0.952114, 0.362304, 1.0, -0.0, -0.0, 0.0, 0.0, 0.0, 0.0, 1.0], [0.0, 0.952114, 0.305743, 0.0, -0.0, -0.305743, 0.952114, 0.362304, 1.0, -0.0, -0.0, 0.0, 0.0, 0.0, 0.0, 1.0], [0.0, 0.952114, 0.305743, 0.0, 0.0, -0.305743, 0.952114, 0.362303, 1.0, 0.0, -0.0, -0.0, 0.0, 0.0, 0.0, 1.0], [0.0, 0.952114, 0.305743, 0.0, -0.0, -0.305743, 0.952114, 0.362303, 1.0, 0.0, -0.0, 0.0, 0.0, 0.0, 0.0, 1.0], [0.0, 0.952114, 0.305743, 0.0, -0.0, -0.305743, 0.952114, 0.362303, 1.0, -0.0, -0.0, 0.0, 0.0, 0.0, 0.0, 1.0], [0.0, 0.952114, 0.305743, 0.0, -0.0, -0.305743, 0.952114, 0.362303, 1.0, -0.0, -0.0, 0.0, 0.0, 0.0, 0.0, 1.0], [0.0, 0.952114, 0.305743, 0.0, -0.0, -0.305743, 0.952114, 0.362304, 1.0, 0.0, -0.0, 0.0, 0.0, 0.0, 0.0, 1.0], [0.0, 0.952114, 0.305743, -0.0, -0.0, -0.305743, 0.952114, 0.362303, 1.0, 0.0, -0.0, -0.0, 0.0, 0.0, 0.0, 1.0], [0.0, 0.952114, 0.305743, -0.0, 0.0, -0.305743, 0.952114, 0.362303, 1.0, 0.0, -0.0, 0.0, 0.0, 0.0, 0.0, 1.0], [0.0, 0.952114, 0.305743, 0.0, -0.0, -0.305743, 0.952114, 0.362303, 1.0, -0.0, -0.0, 0.0, 0.0, 0.0, 0.0, 1.0], [0.0, 0.952114, 0.305743, 0.0, -0.0, -0.305743, 0.952114, 0.362303, 1.0, -0.0, -0.0, 0.0, 0.0, 0.0, 0.0, 1.0], [0.0, 0.952114, 0.305743, -0.0, -0.0, -0.305743, 0.952114, 0.362303, 1.0, -0.0, -0.0, 0.0, 0.0, 0.0, 0.0, 1.0], [0.0, 0.952114, 0.305743, -0.0, 0.0, -0.305743, 0.952114, 0.362303, 1.0, 0.0, -0.0, -0.0, 0.0, 0.0, 0.0, 1.0], [0.0, 0.952114, 0.305743, -0.0, 0.0, -0.305743, 0.952114, 0.362304, 1.0, 0.0, -0.0, -0.0, 0.0, 0.0, 0.0, 1.0], [0.0, 0.952114, 0.305743, -0.0, 0.0, -0.305743, 0.952114, 0.362303, 1.0, -0.0, -0.0, 0.0, 0.0, 0.0, 0.0, 1.0], [0.0, 0.952114, 0.305743, 0.0, -0.0, -0.305743, 0.952114, 0.362303, 1.0, 0.0, -0.0, 0.0, 0.0, 0.0, 0.0, 1.0], [0.0, 0.952114, 0.305743, 0.0, 0.0, -0.305743, 0.952114, 0.362303, 1.0, 0.0, -0.0, -0.0, 0.0, 0.0, 0.0, 1.0], [0.0, 0.952114, 0.305743, 0.0, -0.0, -0.305743, 0.952114, 0.362303, 1.0, 0.0, -0.0, 0.0, 0.0, 0.0, 0.0, 1.0], [0.0, 0.952114, 0.305743, 0.0, 0.0, -0.305743, 0.952114, 0.362304, 1.0, 0.0, -0.0, 0.0, 0.0, 0.0, 0.0, 1.0], [0.0, 0.952114, 0.305743, 0.0, -0.0, -0.305743, 0.952114, 0.362303, 1.0, 0.0, -0.0, 0.0, 0.0, 0.0, 0.0, 1.0], [0.0, 0.952114, 0.305743, 0.0, 0.0, -0.305743, 0.952114, 0.362304, 1.0, 0.0, -0.0, -0.0, 0.0, 0.0, 0.0, 1.0], [0.0, 0.952114, 0.305743, 0.0, 0.0, -0.305743, 0.952114, 0.362303, 1.0, 0.0, -0.0, -0.0, 0.0, 0.0, 0.0, 1.0], [0.0, 0.952114, 0.305743, 0.0, 0.0, -0.305743, 0.952114, 0.362303, 1.0, -0.0, -0.0, 0.0, 0.0, 0.0, 0.0, 1.0], [0.0, 0.952114, 0.305743, 0.0, 0.0, -0.305743, 0.952114, 0.362303, 1.0, 0.0, -0.0, 0.0, 0.0, 0.0, 0.0, 1.0]]}, {"name": "Arm_R", "time": [0.0, 0.0167, 0.0333, 0.05, 0.0667, 0.0833, 0.1, 0.1167, 0.1333, 0.15, 0.1667, 0.1833, 0.2, 0.2167, 0.2333, 0.25, 0.2667, 0.2833, 0.3, 0.3167, 0.3333, 0.35, 0.3667, 0.3833, 0.4, 0.4167, 0.4333, 0.45, 0.4667, 0.4833, 0.5], "transform": [[0.396051, 0.407118, -0.823043, 0.0, 0.672682, 0.481471, 0.561857, 0.39386, 0.625013, -0.776169, -0.083173, -0.0, 0.0, 0.0, 0.0, 1.0], [0.396232, 0.407054, -0.822987, 0.0, 0.672493, 0.481596, 0.561976, 0.39386, 0.625101, -0.776126, -0.082917, 0.0, 0.0, 0.0, 0.0, 1.0], [0.396736, 0.406869, -0.822835, -0.0, 0.671968, 0.481946, 0.562304, 0.39386, 0.625346, -0.776005, -0.082197, 0.0, 0.0, 0.0, 0.0, 1.0], [0.397503, 0.406528, -0.822633, 0.0, 0.671167, 0.482523, 0.562766, 0.39386, 0.625719, -0.775826, -0.081044, 0.0, 0.0, 0.0, 0.0, 1.0], [0.398472, 0.406, -0.822425, -0.0, 0.670153, 0.483318, 0.563292, 0.39386, 0.626189, -0.775607, -0.079493, -0.0, 0.0, 0.0, 0.0, 1.0], [0.399584, 0.405253, -0.822255, -0.0, 0.668988, 0.48433, 0.563807, 0.39386, 0.626727, -0.775366, -0.077578, -0.0, 0.0, 0.0, 0.0, 1.0], [0.400779, 0.404281, -0.822151, 0.0, 0.667731, 0.485537, 0.564259, 0.39386, 0.627304, -0.775119, -0.075358, 0.0, 0.0, 0.0, 0.0, 1.0], [0.402003, 0.403114, -0.822127, 0.0, 0.66644, 0.486895, 0.564615, 0.39386, 0.627893, -0.774875, -0.072918, -0.0, 0.0, 0.0, 0.0, 1.0], [0.403206, 0.401795, -0.822183, -0.0, 0.665167, 0.488351, 0.564858, 0.393861, 0.628471, -0.774644, -0.070354, 0.0, 0.0, 0.0, 0.0, 1.0], [0.40434, 0.400385, -0.822315, -0.0, 0.663965, 0.489842, 0.564982, 0.39386, 0.629014, -0.774432, -0.067779, 0.0, 0.0, 0.0, 0.0, 1.0], [0.405359, 0.398985, -0.822493, 0.0, 0.66288, 0.491276, 0.56501, 0.39386, 0.629501, -0.774246, -0.065335, 0.0, 0.0, 0.0, 0.0, 1.0], [0.406223, 0.397699, -0.822689, 0.0, 0.661959, 0.492562, 0.56497, 0.393861, 0.629913, -0.774091, -0.06317, 0.0, 0.0, 0.0, 0.0, 1.0], [0.40689, 0.396642, -0.82287, 0.0, 0.661247, 0.493601, 0.564898, 0.39386, 0.630231, -0.773972, -0.061436, 0.0, 0.0, 0.0, 0.0, 1.0], [0.407322, 0.395929, -0.823, 0.0, 0.660786, 0.494293, 0.564832, 0.393861, 0.630437, -0.773895, -0.060287, 0.0, 0.0, 0.0, 0.0, 1.0], [0.407475, 0.39567, -0.823049, 0.0, 0.660622, 0.494543, 0.564805, 0.39386, 0.63051, -0.773867, -0.059874, 0.0, 0.0, 0.0, 0.0, 1.0], [0.40734, 0.395896, -0.823007, 0.0, 0.660765, 0.494325, 0.564829, 0.39386, 0.630445, -0.773891, -0.060235, 0.0, 0.0, 0.0, 0.0, 1.0], [0.406962, 0.396526, -0.82289, 0.0, 0.66117, 0.493714, 0.564889, 0.39386, 0.630265, -0.773958, -0.061248, -0.0, 0.0, 0.0, 0.0, 1.0], [0.406373, 0.397467, -0.822727, -0.0, 0.661799, 0.492792, 0.564958, 0.39386, 0.629985, -0.774063, -0.062786, -0.0, 0.0, 0.0, 0.0, 1.0], [0.405606, 0.398625, -0.822546, -0.0, 0.662618, 0.491639, 0.565003, 0.39386, 0.629619, -0.774201, -0.064723, 0.0, 0.0, 0.0, 0.0, 1.0], [0.404694, 0.399916, -0.822368, 0.0, 0.663588, 0.490329, 0.565002, 0.39386, 0.629184, -0.774367, -0.066946, -0.0, 0.0, 0.0, 0.0, 1.0], [0.40367, 0.401233, -0.82223, -0.0, 0.664675, 0.48895, 0.564919, 0.39386, 0.628694, -0.774556, -0.069315, 0.0, 0.0, 0.0, 0.0, 1.0], [0.40257, 0.402512, -0.822143, -0.0, 0.66584, 0.487567, 0.564743, 0.39386, 0.628166, -0.774765, -0.071729, 0.0, 0.0, 0.0, 0.0, 1.0], [0.401432, 0.403686, -0.822125, 0.0, 0.667043, 0.486242, 0.564466, 0.39386, 0.627618, -0.774987, -0.074082, 0.0, 0.0, 0.0, 0.0, 1.0], [0.400295, 0.4047, -0.822181, 0.0, 0.668241, 0.48503, 0.564091, 0.393861, 0.62707, -0.775217, -0.076282, 0.0, 0.0, 0.0, 0.0, 1.0], [0.399201, 0.405526, -0.822306, 0.0, 0.66939, 0.48397, 0.563639, 0.393861, 0.626542, -0.775448, -0.078253, -0.0, 0.0, 0.0, 0.0, 1.0], [0.398198, 0.406158, -0.82248, -0.0, 0.670441, 0.483086, 0.563148, 0.393861, 0.626056, -0.775668, -0.079941, -0.0, 0.0, 0.0, 0.0, 1.0], [0.397332, 0.406612, -0.822675, 0.0, 0.671346, 0.482388, 0.562668, 0.39386, 0.625636, -0.775865, -0.081309, -0.0, 0.0, 0.0, 0.0, 1.0], [0.396653, 0.406903, -0.822859, 0.0, 0.672056, 0.481886, 0.562251, 0.393861, 0.625306, -0.776025, -0.08232, 0.0, 0.0, 0.0, 0.0, 1.0], [0.396209, 0.407061, -0.822994, -0.0, 0.672517, 0.48158, 0.561961, 0.39386, 0.62509, -0.776131, -0.082949, -0.0, 0.0, 0.0, 0.0, 1.0], [0.396051, 0.407118, -0.823043, 0.0, 0.672682, 0.481472, 0.561857, 0.39386, 0.625013, -0.776169, -0.083173, -0.0, 0.0, 0.0, 0.0, 1.0], [0.396051, 0.407118, -0.823043, 0.0, 0.672682, 0.481471, 0.561857, 0.39386, 0.625013, -0.776169, -0.083173, -0.0, 0.0, 0.0, 0.0, 1.0]]}, {"name": "Hand_R", "time": [0.0, 0.0167, 0.0333, 0.05, 0.0667, 0.0833, 0.1, 0.1167, 0.1333, 0.15, 0.1667, 0.1833, 0.2, 0.2167, 0.2333, 0.25, 0.2667, 0.2833, 0.3, 0.3167, 0.3333, 0.35, 0.3667, 0.3833, 0.4, 0.4167, 0.4333, 0.45, 0.4667, 0.4833, 0.5], "transform": [[1.0, 0.0, 0.0, 0.0, 0.0, 0.945134, -0.326682, 0.300003, -0.0, 0.326683, 0.945134, 0.0, 0.0, 0.0, 0.0, 1.0], [1.000001, 0.0, 0.0, -0.0, 0.0, 0.94476, -0.327763, 0.300003, -0.0, 0.327764, 0.94476, 0.0, 0.0, 0.0, 0.0, 1.0], [1.0, 0.0, 0.0, 0.0, 0.0, 0.94371, -0.330775, 0.300002, -0.0, 0.330775, 0.94371, -0.0, 0.0, 0.0, 0.0, 1.0], [1.0, 0.0, 0.0, -0.0, 0.0, 0.942126, -0.33526, 0.300003, -0.0, 0.33526, 0.942126, 0.0, 0.0, 0.0, 0.0, 1.0], [1.0, 0.0, 0.0, 0.0, 0.0, 0.940145, -0.340776, 0.300003, -0.0, 0.340776, 0.940144, 0.0, 0.0, 0.0, 0.0, 1.0], [1.0, 0.0, 0.0, -0.0, 0.0, 0.937911, -0.346875, 0.300002, -0.0, 0.346876, 0.93791, 0.0, 0.0, 0.0, 0.0, 1.0], [1.0, 0.0, 0.0, 0.0, -0.0, 0.935555, -0.35318, 0.300003, -0.0, 0.35318, 0.935555, -0.0, 0.0, 0.0, 0.0, 1.0], [1.0, 0.0, 0.0, 0.0, 0.0, 0.933189, -0.359386, 0.300002, -0.0, 0.359386, 0.933189, -0.0, 0.0, 0.0, 0.0, 1.0], [1.0, 0.0, 0.0, 0.0, 0.0, 0.930916, -0.365234, 0.300003, -0.0, 0.365234, 0.930915, -0.0, 0.0, 0.0, 0.0, 1.0], [1.0, -0.0, 0.0, 0.0, -0.0, 0.928833, -0.370499, 0.300003, -0.0, 0.370499, 0.928833, 0.0, 0.0, 0.0, 0.0, 1.0], [1.0, 0.0, 0.0, -0.0, 0.0, 0.927003, -0.375054, 0.300003, -0.0, 0.375054, 0.927003, 0.0, 0.0, 0.0, 0.0, 1.0], [1.0, 0.0, 0.0, -0.0, 0.0, 0.925488, -0.378777, 0.300003, -0.0, 0.378777, 0.925488, -0.0, 0.0, 0.0, 0.0, 1.0], [1.0, 0.0, 0.0, -0.0, 0.0, 0.924342, -0.381566, 0.300003, -0.0, 0.381566, 0.924341, 0.0, 0.0, 0.0, 0.0, 1.0], [1.0, 0.0, 0.0, 0.0, 0.0, 0.923613, -0.383325, 0.300003, -0.0, 0.383325, 0.923613, -0.0, 0.0, 0.0, 0.0, 1.0], [1.0, 0.0, 0.0, 0.0, -0.0, 0.923356, -0.383944, 0.300002, -0.0, 0.383944, 0.923357, 0.0, 0.0, 0.0, 0.0, 1.0], [1.0, 0.0, 0.0, -0.0, 0.0, 0.923582, -0.383403, 0.300003, -0.0, 0.383403, 0.923581, 0.0, 0.0, 0.0, 0.0, 1.0], [1.0, -0.0, 0.0, 0.0, 0.0, 0.924218, -0.381867, 0.300003, -0.0, 0.381867, 0.924217, 0.0, 0.0, 0.0, 0.0, 1.0], [1.0, 0.0, 0.0, 0.0, 0.0, 0.925227, -0.379415, 0.300003, -0.0, 0.379416, 0.925227, -0.0, 0.0, 0.0, 0.0, 1.0], [1.0, 0.0, 0.0, 0.0, 0.0, 0.926567, -0.376129, 0.300002, -0.0, 0.376129, 0.926568, -0.0, 0.0, 0.0, 0.0, 1.0], [1.0, 0.0, 0.0, -0.0, 0.0, 0.928189, -0.372111, 0.300003, -0.0, 0.372111, 0.928189, 0.0, 0.0, 0.0, 0.0, 1.0], [1.0, 0.0, 0.0, 0.0, -0.0, 0.93006, -0.367411, 0.300002, -0.0, 0.367411, 0.930059, 0.0, 0.0, 0.0, 0.0, 1.0], [1.0, 0.0, 0.0, -0.0, 0.0, 0.932112, -0.362172, 0.300003, -0.0, 0.362171, 0.932112, 0.0, 0.0, 0.0, 0.0, 1.0], [1.000001, 0.0, 0.0, -0.0, 0.0, 0.934283, -0.356532, 0.300003, -0.0, 0.356532, 0.934283, 0.0, 0.0, 0.0, 0.0, 1.0], [1.0, -0.0, 0.0, 0.0, -0.0, 0.936501, -0.350665, 0.300002, -0.0, 0.350665, 0.936501, -0.0, 0.0, 0.0, 0.0, 1.0], [1.0, 0.0, 0.0, -0.0, 0.0, 0.938676, -0.344801, 0.300003, -0.0, 0.344801, 0.938676, 0.0, 0.0, 0.0, 0.0, 1.0], [1.0, -0.0, 0.0, 0.0, -0.0, 0.940706, -0.339224, 0.300003, -0.0, 0.339224, 0.940706, -0.0, 0.0, 0.0, 0.0, 1.0], [1.0, 0.0, 0.0, 0.0, 0.0, 0.942477, -0.334271, 0.300003, -0.0, 0.334271, 0.942477, -0.0, 0.0, 0.0, 0.0, 1.0], [1.0, 0.0, 0.0, -0.0, 0.0, 0.943884, -0.33028, 0.300003, -0.0, 0.33028, 0.943883, -0.0, 0.0, 0.0, 0.0, 1.0], [1.0, 0.0, 0.0, 0.0, 0.0, 0.944807, -0.327626, 0.300003, -0.0, 0.327627, 0.944807, 0.0, 0.0, 0.0, 0.0, 1.0], [1.0, 0.0, 0.0, -0.0, 0.0, 0.945135, -0.326682, 0.300003, -0.0, 0.326682, 0.945134, -0.0, 0.0, 0.0, 0.0, 1.0], [1.0, 0.0, 0.0, 0.0, 0.0, 0.945134, -0.326682, 0.300003, -0.0, 0.326683, 0.945134, 0.0, 0.0, 0.0, 0.0, 1.0]]}, {"name": "Tool_R", "time": [0.0, 0.0167, 0.0333, 0.05, 0.0667, 0.0833, 0.1, 0.1167, 0.1333, 0.15, 0.1667, 0.1833, 0.2, 0.2167, 0.2333, 0.25, 0.2667, 0.2833, 0.3, 0.3167, 0.3333, 0.35, 0.3667, 0.3833, 0.4, 0.4167, 0.4333, 0.45, 0.4667, 0.4833, 0.5], "transform": [[0.999445, 0.009936, 0.031809, -0.012375, 0.026642, -0.811628, -0.583568, 0.271711, 0.020019, 0.584091, -0.811442, -0.028915, 0.0, 0.0, 0.0, 1.0], [0.999445, 0.009936, 0.031809, -0.012375, 0.026642, -0.811628, -0.583568, 0.271711, 0.020019, 0.584091, -0.811442, -0.028915, 0.0, 0.0, 0.0, 1.0], [0.999445, 0.009936, 0.031809, -0.012375, 0.026642, -0.811628, -0.583568, 0.271711, 0.020019, 0.584091, -0.811442, -0.028915, 0.0, 0.0, 0.0, 1.0], [0.999445, 0.009936, 0.031809, -0.012375, 0.026642, -0.811628, -0.583568, 0.271711, 0.020019, 0.584091, -0.811442, -0.028915, 0.0, 0.0, 0.0, 1.0], [0.999445, 0.009936, 0.031809, -0.012375, 0.026642, -0.811628, -0.583568, 0.271711, 0.020019, 0.584091, -0.811442, -0.028915, 0.0, 0.0, 0.0, 1.0], [0.999445, 0.009936, 0.031809, -0.012375, 0.026642, -0.811628, -0.583568, 0.271711, 0.020019, 0.584091, -0.811442, -0.028915, 0.0, 0.0, 0.0, 1.0], [0.999445, 0.009936, 0.031809, -0.012375, 0.026642, -0.811628, -0.583568, 0.271711, 0.020019, 0.584091, -0.811442, -0.028915, 0.0, 0.0, 0.0, 1.0], [0.999445, 0.009936, 0.031809, -0.012375, 0.026642, -0.811628, -0.583568, 0.271711, 0.020019, 0.584091, -0.811442, -0.028915, 0.0, 0.0, 0.0, 1.0], [0.999445, 0.009936, 0.031809, -0.012375, 0.026642, -0.811628, -0.583568, 0.271711, 0.020019, 0.584091, -0.811442, -0.028915, 0.0, 0.0, 0.0, 1.0], [0.999445, 0.009936, 0.031809, -0.012375, 0.026642, -0.811628, -0.583568, 0.271711, 0.020019, 0.584091, -0.811442, -0.028915, 0.0, 0.0, 0.0, 1.0], [0.999445, 0.009936, 0.031809, -0.012375, 0.026642, -0.811628, -0.583568, 0.271711, 0.020019, 0.584091, -0.811442, -0.028915, 0.0, 0.0, 0.0, 1.0], [0.999445, 0.009936, 0.031809, -0.012375, 0.026642, -0.811628, -0.583568, 0.271711, 0.020019, 0.584091, -0.811442, -0.028915, 0.0, 0.0, 0.0, 1.0], [0.999445, 0.009936, 0.031809, -0.012375, 0.026642, -0.811628, -0.583568, 0.271711, 0.020019, 0.584091, -0.811442, -0.028915, 0.0, 0.0, 0.0, 1.0], [0.999445, 0.009936, 0.031809, -0.012375, 0.026642, -0.811628, -0.583568, 0.271711, 0.020019, 0.584091, -0.811442, -0.028915, 0.0, 0.0, 0.0, 1.0], [0.999444, 0.009936, 0.031809, -0.012375, 0.026642, -0.811628, -0.583568, 0.271711, 0.020019, 0.584091, -0.811442, -0.028915, 0.0, 0.0, 0.0, 1.0], [0.999445, 0.009936, 0.031809, -0.012375, 0.026642, -0.811628, -0.583568, 0.271711, 0.020019, 0.584091, -0.811442, -0.028915, 0.0, 0.0, 0.0, 1.0], [0.999445, 0.009936, 0.031809, -0.012375, 0.026642, -0.811628, -0.583568, 0.271711, 0.020019, 0.584091, -0.811442, -0.028915, 0.0, 0.0, 0.0, 1.0], [0.999445, 0.009936, 0.031809, -0.012375, 0.026642, -0.811628, -0.583568, 0.271711, 0.020019, 0.584091, -0.811442, -0.028915, 0.0, 0.0, 0.0, 1.0], [0.999445, 0.009936, 0.031809, -0.012375, 0.026642, -0.811628, -0.583568, 0.271711, 0.020019, 0.584091, -0.811442, -0.028915, 0.0, 0.0, 0.0, 1.0], [0.999445, 0.009936, 0.031809, -0.012375, 0.026642, -0.811628, -0.583568, 0.271711, 0.020019, 0.584091, -0.811442, -0.028915, 0.0, 0.0, 0.0, 1.0], [0.999444, 0.009936, 0.031809, -0.012375, 0.026642, -0.811628, -0.583568, 0.271711, 0.020019, 0.584091, -0.811442, -0.028915, 0.0, 0.0, 0.0, 1.0], [0.999445, 0.009936, 0.031809, -0.012375, 0.026642, -0.811628, -0.583568, 0.271711, 0.020019, 0.584091, -0.811442, -0.028915, 0.0, 0.0, 0.0, 1.0], [0.999445, 0.009936, 0.031809, -0.012375, 0.026642, -0.811628, -0.583568, 0.271711, 0.020019, 0.584091, -0.811442, -0.028915, 0.0, 0.0, 0.0, 1.0], [0.999445, 0.009936, 0.031809, -0.012375, 0.026642, -0.811628, -0.583568, 0.271711, 0.020019, 0.584091, -0.811442, -0.028915, 0.0, 0.0, 0.0, 1.0], [0.999445, 0.009936, 0.031809, -0.012375, 0.026642, -0.811628, -0.583568, 0.271711, 0.020019, 0.584091, -0.811442, -0.028915, 0.0, 0.0, 0.0, 1.0], [0.999445, 0.009936, 0.031809, -0.012375, 0.026642, -0.811628, -0.583568, 0.271711, 0.020019, 0.584091, -0.811442, -0.028915, 0.0, 0.0, 0.0, 1.0], [0.999445, 0.009936, 0.031809, -0.012375, 0.026642, -0.811628, -0.583568, 0.271711, 0.020019, 0.584091, -0.811442, -0.028915, 0.0, 0.0, 0.0, 1.0], [0.999445, 0.009936, 0.031809, -0.012375, 0.026642, -0.811628, -0.583568, 0.271711, 0.020019, 0.584091, -0.811442, -0.028915, 0.0, 0.0, 0.0, 1.0], [0.999445, 0.009936, 0.031809, -0.012375, 0.026642, -0.811628, -0.583568, 0.271711, 0.020019, 0.584091, -0.811442, -0.028915, 0.0, 0.0, 0.0, 1.0], [0.999445, 0.009936, 0.031809, -0.012375, 0.026642, -0.811628, -0.583568, 0.271711, 0.020019, 0.584091, -0.811442, -0.028915, 0.0, 0.0, 0.0, 1.0], [0.999445, 0.009936, 0.031809, -0.012375, 0.026642, -0.811628, -0.583568, 0.271711, 0.020019, 0.584091, -0.811442, -0.028915, 0.0, 0.0, 0.0, 1.0]]}, {"name": "Elbow_R", "time": [0.0, 0.5], "transform": [[-1.0, 0.0, -0.0, 0.0, 0.0, 0.0, -1.0, 0.3, -0.0, -0.999999, -0.0, -0.0, 0.0, 0.0, 0.0, 1.0], [-1.0, 0.0, -0.0, 0.0, 0.0, 0.0, -1.0, 0.3, -0.0, -0.999999, -0.0, -0.0, 0.0, 0.0, 0.0, 1.0]]}, {"name": "Shoulder_L", "time": [0.0, 0.2667, 0.5], "transform": [[-0.582978, -0.484684, -0.652088, -0.0, -0.269322, -0.641928, 0.71791, 0.399999, -0.766553, 0.594147, 0.243693, 0.0, 0.0, 0.0, 0.0, 1.0], [-0.116722, -0.977701, -0.174577, 0.0, -0.108274, -0.162204, 0.980799, 0.399999, -0.987246, 0.133382, -0.086927, -0.0, 0.0, 0.0, 0.0, 1.0], [-0.582978, -0.484684, -0.652088, -0.0, -0.269322, -0.641928, 0.71791, 0.399999, -0.766553, 0.594147, 0.243693, 0.0, 0.0, 0.0, 0.0, 1.0]]}, {"name": "Arm_L", "time": [0.0, 0.2667, 0.5], "transform": [[0.198312, -0.048536, 0.978936, -0.0, -0.603087, 0.781277, 0.160909, 0.39386, -0.77263, -0.622294, 0.125665, 0.0, 0.0, 0.0, 0.0, 1.0], [0.65492, 0.595942, -0.464686, -0.0, -0.755655, 0.509904, -0.411075, 0.39386, -0.008032, 0.620364, 0.784273, -0.0, 0.0, 0.0, 0.0, 1.0], [0.198312, -0.048536, 0.978936, -0.0, -0.603087, 0.781277, 0.160909, 0.39386, -0.77263, -0.622294, 0.125665, 0.0, 0.0, 0.0, 0.0, 1.0]]}, {"name": "Hand_L", "time": [0.0, 0.1167, 0.2667, 0.3833, 0.5], "transform": [[1.0, -0.0, 0.0, 0.0, 0.0, 0.971174, -0.238377, 0.3, 0.0, 0.238377, 0.971173, 0.0, 0.0, 0.0, 0.0, 1.0], [0.998658, 0.037653, -0.035576, -0.0, -0.043383, 0.983221, -0.17719, 0.3, 0.028307, 0.178496, 0.983534, 0.0, 0.0, 0.0, 0.0, 1.0], [0.990672, -0.133653, -0.026574, 0.0, 0.093198, 0.806806, -0.583421, 0.3, 0.099416, 0.575502, 0.811735, 0.0, 0.0, 0.0, 0.0, 1.0], [0.991585, 0.123324, -0.03938, -0.0, -0.074509, 0.294902, -0.952619, 0.3, -0.105868, 0.947537, 0.301609, 0.0, 0.0, 0.0, 0.0, 1.0], [1.0, -0.0, 0.0, 0.0, 0.0, 0.971174, -0.238377, 0.3, 0.0, 0.238377, 0.971173, 0.0, 0.0, 0.0, 0.0, 1.0]]}, {"name": "Tool_L", "time": [0.0, 0.5], "transform": [[1.0, -0.0, 0.0, -0.0, -0.0, -0.999999, 0.000318, 0.271205, 0.0, -0.000318, -0.999961, -0.0, 0.0, 0.0, 0.0, 1.0], [1.0, -0.0, 0.0, -0.0, -0.0, -0.999999, 0.000318, 0.271205, 0.0, -0.000318, -0.999961, -0.0, 0.0, 0.0, 0.0, 1.0]]}, {"name": "Elbow_L", "time": [0.0, 0.5], "transform": [[-1.0, 0.0, 1e-06, -0.0, -0.0, 0.0, -1.0, 0.3, -0.0, -1.0, -0.0, 0.0, 0.0, 0.0, 0.0, 1.0], [-1.0, 0.0, 1e-06, -0.0, -0.0, 0.0, -1.0, 0.3, -0.0, -1.0, -0.0, 0.0, 0.0, 0.0, 0.0, 1.0]]}, {"name": "Leg_R_IK", "time": [0.0, 0.2667, 0.3833, 0.5], "transform": [[1.0, 0.0, 0.0, 0.044482, 0.0, -0.0, -1.0, -0.68024, 0.0, 1.0, 0.0, 0.609733, 0.0, 0.0, 0.0, 1.0], [1.0, 0.0, 0.0, 0.071606, 0.0, -0.0, -1.0, 0.626699, 0.0, 1.0, 0.0, -0.009475, 0.0, 0.0, 0.0, 1.0], [1.0, 0.0, 0.0, 0.071606, 0.0, -0.0, -1.0, -0.469331, 0.0, 1.0, 0.0, -0.007253, 0.0, 0.0, 0.0, 1.0], [1.0, 0.0, 0.0, 0.071606, 0.0, -0.0, -1.0, -0.68024, 0.0, 1.0, 0.0, 0.609733, 0.0, 0.0, 0.0, 1.0]]}, {"name": "Leg_L_IK", "time": [0.0, 0.1167, 0.2667, 0.5], "transform": [[1.0, 0.0, 0.0, -0.066659, 0.0, -0.0, -1.0, 0.629056, 0.0, 1.0, 0.0, -0.009748, 0.0, 0.0, 0.0, 1.0], [1.0, 0.0, 0.0, -0.043905, 0.0, -0.0, -1.0, -0.469197, 0.0, 1.0, 0.0, -0.006045, 0.0, 0.0, 0.0, 1.0], [1.0, 0.0, 0.0, -0.04278, 0.0, -0.0, -1.0, -0.678624, 0.0, 1.0, 0.0, 0.612423, 0.0, 0.0, 0.0, 1.0], [1.0, 0.0, 0.0, -0.066659, 0.0, -0.0, -1.0, 0.629056, 0.0, 1.0, 0.0, -0.009748, 0.0, 0.0, 0.0, 1.0]]}]}