{"animation": [{"name": "Root", "time": [0.0, 0.2167, 0.4167, 0.6333, 0.8], "transform": [[1.0, 0.0, 0.0, -0.000135, 0.0, 0.075365, -0.997156, 0.001666, 0.0, 0.997156, 0.075365, 0.730325, 0.0, 0.0, 0.0, 1.0], [0.999504, 0.031488, 0.0, -0.000779, -0.002373, 0.075328, -0.997156, -0.001807, -0.031398, 0.996661, 0.075365, 0.684374, 0.0, 0.0, 0.0, 1.0], [1.0, 0.0, 0.0, -0.000135, 0.0, 0.075365, -0.997156, 0.001045, 0.0, 0.997156, 0.075365, 0.722102, 0.0, 0.0, 0.0, 1.0], [0.999567, -0.029438, -0.0, 0.000467, 0.002219, 0.075332, -0.997156, -0.001961, 0.029354, 0.996724, 0.075365, 0.682334, 0.0, 0.0, 0.0, 1.0], [1.0, 0.0, 0.0, -0.000135, 0.0, 0.075365, -0.997156, 0.001666, 0.0, 0.997156, 0.075365, 0.730325, 0.0, 0.0, 0.0, 1.0]]}, {"name": "Thigh_R", "time": [0.0, 0.2167, 0.4167, 0.6333, 0.8], "transform": [[0.999237, -0.022236, -0.032084, 0.124537, 3.5e-05, -0.82138, 0.570379, 0.002716, -0.039036, -0.569944, -0.820756, -0.017467, 0.0, 0.0, 0.0, 1.0], [0.993535, -0.113299, -0.007149, 0.122678, -0.092236, -0.842336, 0.530999, 0.002289, -0.066184, -0.526905, -0.847343, -0.016588, 0.0, 0.0, 0.0, 1.0], [0.990242, -0.102433, -0.094486, 0.122893, -0.10026, -0.99458, 0.027476, -0.000864, -0.096789, -0.017735, -0.995147, -0.006192, 0.0, 0.0, 0.0, 1.0], [0.986291, -0.064498, 0.151883, 0.123689, -0.011672, -0.945406, -0.325679, 0.000108, 0.164597, 0.319441, -0.933202, 0.000693, 0.0, 0.0, 0.0, 1.0], [0.999237, -0.022236, -0.032084, 0.124537, 3.5e-05, -0.82138, 0.570379, 0.002716, -0.039036, -0.569944, -0.820756, -0.017467, 0.0, 0.0, 0.0, 1.0]]}, {"name": "Leg_R", "time": [0.0, 0.2167, 0.4167, 0.6333, 0.8], "transform": [[1.0, -0.0, 2e-06, 0.0, -2e-06, 0.375307, 0.926899, 0.37472, -1e-06, -0.926904, 0.375305, -0.0, 0.0, 0.0, 0.0, 1.0], [1.0, 2e-06, 1e-06, 0.0, -2e-06, 0.999675, -0.025602, 0.37472, -1e-06, 0.025602, 0.99967, 0.0, 0.0, 0.0, 0.0, 1.0], [1.0, 2e-06, 1e-06, 0.0, -2e-06, 0.999675, -0.025602, 0.37472, -1e-06, 0.025602, 0.99967, -0.0, 0.0, 0.0, 0.0, 1.0], [1.0, 1e-06, 1e-06, 0.0, -2e-06, 0.960634, 0.277824, 0.37472, -1e-06, -0.277825, 0.96063, 0.0, 0.0, 0.0, 0.0, 1.0], [1.0, -0.0, 2e-06, 0.0, -2e-06, 0.375307, 0.926899, 0.37472, -1e-06, -0.926904, 0.375305, -0.0, 0.0, 0.0, 0.0, 1.0]]}, {"name": "Knee_R", "time": [0.0, 0.2167, 0.4167, 0.6333, 0.8], "transform": [[1.0, 1e-06, -0.0, 0.0, -1e-06, 0.54844, -0.83619, 0.371397, -1e-06, 0.836189, 0.548441, -0.012177, 0.0, 0.0, 0.0, 1.0], [1.0, 1e-06, -1e-06, 0.0, -1e-06, -0.0, -1.0, 0.377672, -1e-06, 1.0, -0.0, -0.000954, 0.0, 0.0, 0.0, 1.0], [1.0, 1e-06, -1e-06, 0.0, -1e-06, -0.0, -1.0, 0.375755, -1e-06, 1.0, -0.0, -0.000954, 0.0, 0.0, 0.0, 1.0], [1.0, 1e-06, -1e-06, -0.0, -1e-06, -0.0, -1.0, 0.375755, -1e-06, 1.0, -0.0, -0.000954, 0.0, 0.0, 0.0, 1.0], [1.0, 1e-06, -0.0, 0.0, -1e-06, 0.54844, -0.83619, 0.371397, -1e-06, 0.836189, 0.548441, -0.012177, 0.0, 0.0, 0.0, 1.0]]}, {"name": "Thigh_L", "time": [0.0, 0.2167, 0.4167, 0.6333, 0.8], "transform": [[0.995185, 0.098007, -0.0, -0.123003, 0.097913, -0.994239, 0.043619, -0.002702, 0.004275, -0.04341, -0.999048, -0.001345, 0.0, 0.0, 0.0, 1.0], [0.990853, 0.134872, -0.004349, -0.12225, 0.121059, -0.902689, -0.412914, -0.000869, -0.059616, 0.408611, -0.910759, 0.007904, 0.0, 0.0, 0.0, 1.0], [0.992648, -0.022368, -0.118944, -0.125473, 0.018982, -0.941838, 0.335531, -0.001604, -0.119531, -0.335322, -0.93449, -0.007301, 0.0, 0.0, 0.0, 1.0], [0.996637, 0.063665, -0.051585, -0.123709, 0.081412, -0.840737, 0.535288, 0.000476, -0.00929, -0.537688, -0.843093, -0.011434, 0.0, 0.0, 0.0, 1.0], [0.995185, 0.098007, -0.0, -0.123003, 0.097913, -0.994239, 0.043619, -0.002702, 0.004275, -0.04341, -0.999048, -0.001345, 0.0, 0.0, 0.0, 1.0]]}, {"name": "Leg_L", "time": [0.0, 0.2167, 0.4167, 0.6333, 0.8], "transform": [[1.0, 1e-06, 1e-06, -0.0, -1e-06, 0.996194, 0.087156, 0.37472, -1e-06, -0.087156, 0.996196, -0.0, 0.0, 0.0, 0.0, 1.0], [1.0, 1e-06, 1e-06, 0.0, -1e-06, 0.996193, 0.087156, 0.37472, -1e-06, -0.087156, 0.996196, -0.0, 0.0, 0.0, 0.0, 1.0], [1.0, -1e-06, 2e-06, -0.0, -1e-06, 0.532832, 0.846221, 0.37472, -1e-06, -0.84622, 0.532833, -0.0, 0.0, 0.0, 0.0, 1.0], [1.0, 1e-06, 1e-06, -0.0, -1e-06, 0.999868, 0.016186, 0.37472, -1e-06, -0.016185, 0.99987, 0.0, 0.0, 0.0, 0.0, 1.0], [1.0, 1e-06, 1e-06, -0.0, -1e-06, 0.996194, 0.087156, 0.37472, -1e-06, -0.087156, 0.996196, -0.0, 0.0, 0.0, 0.0, 1.0]]}, {"name": "Knee_L", "time": [0.0, 0.2167, 0.4167, 0.6333, 0.8], "transform": [[1.0, 1e-06, -1e-06, 0.0, -1e-06, -0.0, -1.0, 0.37472, -1e-06, 1.0, -0.0, 0.0, 0.0, 0.0, 0.0, 1.0], [1.0, 1e-06, -1e-06, 0.0, -1e-06, -0.0, -1.0, 0.37472, -1e-06, 1.0, -0.0, 0.0, 0.0, 0.0, 0.0, 1.0], [1.0, 1e-06, -1e-06, -0.0, -1e-06, -0.0, -1.0, 0.37472, -1e-06, 1.0, -0.0, 0.0, 0.0, 0.0, 0.0, 1.0], [1.0, 1e-06, -1e-06, 0.0, -1e-06, -0.0, -1.0, 0.37472, -1e-06, 1.0, -0.0, 0.0, 0.0, 0.0, 0.0, 1.0], [1.0, 1e-06, -1e-06, 0.0, -1e-06, -0.0, -1.0, 0.37472, -1e-06, 1.0, -0.0, 0.0, 0.0, 0.0, 0.0, 1.0]]}, {"name": "Torso", "time": [0.0, 0.2167, 0.4167, 0.6333, 0.8], "transform": [[1.0, 0.0, 0.0, 0.0, 0.0, 0.999146, -0.04132, 0.05, 0.0, 0.04132, 0.999146, 0.0, 0.0, 0.0, 0.0, 1.0], [0.995469, -0.095088, -0.0, 0.0, 0.095007, 0.994619, -0.04132, 0.05, 0.003929, 0.041133, 0.999146, -0.0, 0.0, 0.0, 0.0, 1.0], [1.0, 0.0, 0.0, 0.0, 0.0, 0.999146, -0.04132, 0.05, 0.0, 0.04132, 0.999146, -0.0, 0.0, 0.0, 0.0, 1.0], [0.994713, 0.102694, 0.0, 0.0, -0.102607, 0.993864, -0.04132, 0.05, -0.004243, 0.041102, 0.999146, -0.0, 0.0, 0.0, 0.0, 1.0], [1.0, 0.0, 0.0, 0.0, 0.0, 0.999146, -0.04132, 0.05, 0.0, 0.04132, 0.999146, 0.0, 0.0, 0.0, 0.0, 1.0]]}, {"name": "Chest", "time": [0.0, 0.2167, 0.4167, 0.6333, 0.8], "transform": [[1.0, 1e-06, -1e-06, 0.0, -1e-06, 0.999405, 0.034496, 0.3, 1e-06, -0.034496, 0.999405, -0.0, 0.0, 0.0, 0.0, 1.0], [0.94565, 0.026109, -0.324135, 0.0, -0.011019, 0.998772, 0.048303, 0.3, 0.324998, -0.042106, 0.944777, -0.0, 0.0, 0.0, 0.0, 1.0], [1.0, 1e-06, -1e-06, 0.0, -1e-06, 0.999405, 0.034496, 0.3, 1e-06, -0.034496, 0.999405, -0.0, 0.0, 0.0, 0.0, 1.0], [0.946319, -0.023558, 0.322374, 0.0, 0.007288, 0.998642, 0.051583, 0.3, -0.323151, -0.046465, 0.945206, 0.0, 0.0, 0.0, 0.0, 1.0], [1.0, 1e-06, -1e-06, 0.0, -1e-06, 0.999405, 0.034496, 0.3, 1e-06, -0.034496, 0.999405, -0.0, 0.0, 0.0, 0.0, 1.0]]}, {"name": "Head", "time": [0.0, 0.2167, 0.4167, 0.6333, 0.8], "transform": [[1.0, -1e-06, 1e-06, -0.0, 1e-06, 0.994152, 0.107986, 0.4, -1e-06, -0.107986, 0.994152, 0.0, 0.0, 0.0, 0.0, 1.0], [0.943822, 0.001821, 0.33045, -0.0, -0.037564, 0.994094, 0.10181, 0.4, -0.328313, -0.108504, 0.938316, 0.0, 0.0, 0.0, 0.0, 1.0], [1.0, -1e-06, 1e-06, -0.0, 1e-06, 0.994152, 0.107986, 0.4, -1e-06, -0.107986, 0.994152, 0.0, 0.0, 0.0, 0.0, 1.0], [0.944156, -0.012051, -0.329279, -0.0, 0.046259, 0.994282, 0.096252, 0.4, 0.326236, -0.106109, 0.939314, 0.0, 0.0, 0.0, 0.0, 1.0], [1.0, -1e-06, 1e-06, -0.0, 1e-06, 0.994152, 0.107986, 0.4, -1e-06, -0.107986, 0.994152, 0.0, 0.0, 0.0, 0.0, 1.0]]}, {"name": "Shoulder_R", "time": [0.0, 0.8], "transform": [[-0.409403, 0.824638, 0.390335, 0.0, 0.000994, -0.42743, 0.904048, 0.4, 0.912353, 0.370508, 0.174171, 0.0, 0.0, 0.0, 0.0, 1.0], [-0.409403, 0.824638, 0.390335, 0.0, 0.000994, -0.42743, 0.904048, 0.4, 0.912353, 0.370508, 0.174171, 0.0, 0.0, 0.0, 0.0, 1.0]]}, {"name": "Arm_R", "time": [0.0, 0.2167, 0.6333, 0.8], "transform": [[0.444508, 0.319892, -0.836709, 0.0, 0.329392, 0.810249, 0.484767, 0.39386, 0.833014, -0.491089, 0.254792, -0.0, 0.0, 0.0, 0.0, 1.0], [0.164363, 0.094496, -0.981863, 0.0, 0.443679, 0.881942, 0.159151, 0.39386, 0.880984, -0.461791, 0.103033, 0.0, 0.0, 0.0, 0.0, 1.0], [0.671046, 0.479585, -0.565417, 0.0, 0.092903, 0.702217, 0.705877, 0.39386, 0.735572, -0.526205, 0.426665, 0.0, 0.0, 0.0, 0.0, 1.0], [0.444508, 0.319892, -0.836709, 0.0, 0.329392, 0.810249, 0.484767, 0.39386, 0.833014, -0.491089, 0.254792, -0.0, 0.0, 0.0, 0.0, 1.0]]}, {"name": "Hand_R", "time": [0.0, 0.8], "transform": [[1.0, 1e-06, -1e-06, 0.0, -1e-06, 0.980949, -0.194268, 0.3, 0.0, 0.194267, 0.980949, -0.0, 0.0, 0.0, 0.0, 1.0], [1.0, 1e-06, -1e-06, 0.0, -1e-06, 0.980949, -0.194268, 0.3, 0.0, 0.194267, 0.980949, -0.0, 0.0, 0.0, 0.0, 1.0]]}, {"name": "Tool_R", "time": [0.0, 0.8], "transform": [[1.0, -0.0, -0.0, 0.0, -0.0, -0.762325, -0.646175, 0.248543, -0.0, 0.645954, -0.760546, -0.019675, 0.0, 0.0, 0.0, 1.0], [1.0, -0.0, -0.0, 0.0, -0.0, -0.762325, -0.646175, 0.248543, -0.0, 0.645954, -0.760546, -0.019675, 0.0, 0.0, 0.0, 1.0]]}, {"name": "Elbow_R", "time": [0.0, 0.2167, 0.4167, 0.6333, 0.8], "transform": [[-1.0, 0.0, -0.0, -0.0, 0.0, 0.0, -1.0, 0.3, -0.0, -0.999999, 0.0, -0.0, 0.0, 0.0, 0.0, 1.0], [-1.0, 0.0, -0.0, -0.0, 0.0, 0.0, -1.0, 0.3, -0.0, -0.999999, 0.0, -0.0, 0.0, 0.0, 0.0, 1.0], [-1.0, 0.0, -0.0, -0.0, 0.0, -0.0, -1.0, 0.3, -0.0, -0.999999, 0.0, -0.0, 0.0, 0.0, 0.0, 1.0], [-1.0, 0.0, -0.0, -0.0, 0.0, 0.0, -1.0, 0.3, -0.0, -0.999999, -0.0, -0.0, 0.0, 0.0, 0.0, 1.0], [-1.0, 0.0, -0.0, -0.0, 0.0, 0.0, -1.0, 0.3, -0.0, -0.999999, 0.0, -0.0, 0.0, 0.0, 0.0, 1.0]]}, {"name": "Shoulder_L", "time": [0.0, 0.0167, 0.0333, 0.05, 0.0667, 0.0833, 0.1, 0.1167, 0.1333, 0.15, 0.1667, 0.1833, 0.2, 0.2167, 0.2333, 0.25, 0.2667, 0.2833, 0.3, 0.3167, 0.3333, 0.35, 0.3667, 0.3833, 0.4, 0.4167, 0.4333, 0.45, 0.4667, 0.4833, 0.5, 0.5167, 0.5333, 0.55, 0.5667, 0.5833, 0.6, 0.6167, 0.6333, 0.65, 0.6667, 0.6833, 0.7, 0.7167, 0.7333, 0.75, 0.7667, 0.7833, 0.8, 0.8167, 0.8333], "transform": [[0.0, -0.952114, -0.305744, 0.0, 0.0, -0.305743, 0.952114, 0.362303, -1.0, -0.0, 0.0, 0.0, 0.0, 0.0, 0.0, 1.0], [0.0, -0.952114, -0.305744, 0.0, 0.0, -0.305743, 0.952114, 0.362303, -1.0, -0.0, 0.0, -0.0, 0.0, 0.0, 0.0, 1.0], [-0.0, -0.952114, -0.305744, -0.0, 0.0, -0.305743, 0.952114, 0.362303, -1.0, 0.0, 0.0, -0.0, 0.0, 0.0, 0.0, 1.0], [-0.0, -0.952114, -0.305744, 0.0, 0.0, -0.305743, 0.952114, 0.362304, -1.0, 0.0, 0.0, -0.0, 0.0, 0.0, 0.0, 1.0], [0.0, -0.952114, -0.305743, -0.0, 0.0, -0.305743, 0.952114, 0.362303, -1.0, -0.0, 0.0, 0.0, 0.0, 0.0, 0.0, 1.0], [0.0, -0.952114, -0.305743, -0.0, 0.0, -0.305743, 0.952114, 0.362303, -1.0, -0.0, 0.0, 0.0, 0.0, 0.0, 0.0, 1.0], [0.0, -0.952114, -0.305744, -0.0, 0.0, -0.305743, 0.952114, 0.362303, -1.0, -0.0, 0.0, -0.0, 0.0, 0.0, 0.0, 1.0], [-0.0, -0.952114, -0.305744, -0.0, 0.0, -0.305744, 0.952114, 0.362303, -1.0, -0.0, 0.0, 0.0, 0.0, 0.0, 0.0, 1.0], [0.0, -0.952114, -0.305743, 0.0, 0.0, -0.305743, 0.952114, 0.362303, -1.0, -0.0, 0.0, -0.0, 0.0, 0.0, 0.0, 1.0], [0.0, -0.952114, -0.305743, 0.0, 0.0, -0.305743, 0.952114, 0.362303, -1.0, 0.0, 0.0, -0.0, 0.0, 0.0, 0.0, 1.0], [-0.0, -0.952114, -0.305744, -0.0, 0.0, -0.305743, 0.952114, 0.362303, -1.0, -0.0, 0.0, 0.0, 0.0, 0.0, 0.0, 1.0], [-0.0, -0.952114, -0.305743, 0.0, 0.0, -0.305743, 0.952114, 0.362304, -1.0, -0.0, 0.0, 0.0, 0.0, 0.0, 0.0, 1.0], [-0.0, -0.952114, -0.305743, 0.0, 0.0, -0.305743, 0.952114, 0.362303, -1.0, -0.0, 0.0, -0.0, 0.0, 0.0, 0.0, 1.0], [-0.0, -0.952114, -0.305743, -0.0, 0.0, -0.305743, 0.952114, 0.362303, -1.0, 0.0, 0.0, -0.0, 0.0, 0.0, 0.0, 1.0], [0.0, -0.952114, -0.305743, -0.0, 0.0, -0.305743, 0.952114, 0.362303, -1.0, -0.0, 0.0, -0.0, 0.0, 0.0, 0.0, 1.0], [-0.0, -0.952114, -0.305744, -0.0, 0.0, -0.305744, 0.952114, 0.362304, -1.0, 0.0, 0.0, -0.0, 0.0, 0.0, 0.0, 1.0], [0.0, -0.952114, -0.305744, -0.0, 0.0, -0.305743, 0.952114, 0.362303, -1.0, 0.0, 0.0, -0.0, 0.0, 0.0, 0.0, 1.0], [0.0, -0.952114, -0.305743, 0.0, 0.0, -0.305743, 0.952114, 0.362303, -1.0, -0.0, 0.0, -0.0, 0.0, 0.0, 0.0, 1.0], [-0.0, -0.952114, -0.305743, 0.0, 0.0, -0.305743, 0.952114, 0.362303, -1.0, -0.0, 0.0, 0.0, 0.0, 0.0, 0.0, 1.0], [-0.0, -0.952114, -0.305743, 0.0, 0.0, -0.305743, 0.952114, 0.362304, -1.0, -0.0, 0.0, -0.0, 0.0, 0.0, 0.0, 1.0], [0.0, -0.952114, -0.305743, -0.0, 0.0, -0.305743, 0.952114, 0.362303, -1.0, 0.0, 0.0, -0.0, 0.0, 0.0, 0.0, 1.0], [0.0, -0.952114, -0.305743, 0.0, 0.0, -0.305743, 0.952114, 0.362303, -1.0, -0.0, 0.0, -0.0, 0.0, 0.0, 0.0, 1.0], [-0.0, -0.952114, -0.305743, 0.0, 0.0, -0.305743, 0.952114, 0.362303, -1.0, 0.0, 0.0, -0.0, 0.0, 0.0, 0.0, 1.0], [0.0, -0.952114, -0.305743, -0.0, 0.0, -0.305743, 0.952114, 0.362304, -1.0, -0.0, 0.0, -0.0, 0.0, 0.0, 0.0, 1.0], [0.0, -0.952114, -0.305743, -0.0, 0.0, -0.305743, 0.952114, 0.362304, -1.0, 0.0, 0.0, -0.0, 0.0, 0.0, 0.0, 1.0], [0.0, -0.952114, -0.305743, -0.0, 0.0, -0.305743, 0.952114, 0.362304, -1.0, -0.0, 0.0, 0.0, 0.0, 0.0, 0.0, 1.0], [-0.0, -0.952114, -0.305743, -0.0, 0.0, -0.305743, 0.952114, 0.362303, -1.0, 0.0, 0.0, -0.0, 0.0, 0.0, 0.0, 1.0], [0.0, -0.952114, -0.305743, -0.0, 0.0, -0.305743, 0.952114, 0.362303, -1.0, -0.0, 0.0, -0.0, 0.0, 0.0, 0.0, 1.0], [0.0, -0.952114, -0.305743, 0.0, 0.0, -0.305743, 0.952114, 0.362303, -1.0, 0.0, 0.0, 0.0, 0.0, 0.0, 0.0, 1.0], [-0.0, -0.952114, -0.305744, 0.0, 0.0, -0.305743, 0.952114, 0.362303, -1.0, -0.0, 0.0, -0.0, 0.0, 0.0, 0.0, 1.0], [-0.0, -0.952114, -0.305743, 0.0, 0.0, -0.305743, 0.952114, 0.362303, -1.0, -0.0, 0.0, 0.0, 0.0, 0.0, 0.0, 1.0], [-0.0, -0.952114, -0.305744, -0.0, 0.0, -0.305744, 0.952114, 0.362303, -1.0, -0.0, 0.0, 0.0, 0.0, 0.0, 0.0, 1.0], [0.0, -0.952114, -0.305744, 0.0, 0.0, -0.305743, 0.952114, 0.362303, -1.0, -0.0, 0.0, 0.0, 0.0, 0.0, 0.0, 1.0], [-0.0, -0.952114, -0.305744, -0.0, 0.0, -0.305743, 0.952114, 0.362303, -1.0, -0.0, 0.0, -0.0, 0.0, 0.0, 0.0, 1.0], [0.0, -0.952114, -0.305743, 0.0, 0.0, -0.305743, 0.952114, 0.362303, -1.0, -0.0, 0.0, -0.0, 0.0, 0.0, 0.0, 1.0], [-0.0, -0.952114, -0.305743, -0.0, 0.0, -0.305743, 0.952114, 0.362303, -1.0, 0.0, 0.0, -0.0, 0.0, 0.0, 0.0, 1.0], [-0.0, -0.952114, -0.305743, 0.0, 0.0, -0.305743, 0.952114, 0.362303, -1.0, -0.0, 0.0, -0.0, 0.0, 0.0, 0.0, 1.0], [-0.0, -0.952114, -0.305743, 0.0, 0.0, -0.305743, 0.952114, 0.362304, -1.0, -0.0, 0.0, 0.0, 0.0, 0.0, 0.0, 1.0], [0.0, -0.952114, -0.305744, -0.0, 0.0, -0.305743, 0.952114, 0.362304, -1.0, 0.0, 0.0, -0.0, 0.0, 0.0, 0.0, 1.0], [-0.0, -0.952114, -0.305743, 0.0, 0.0, -0.305743, 0.952114, 0.362303, -1.0, -0.0, 0.0, 0.0, 0.0, 0.0, 0.0, 1.0], [0.0, -0.952114, -0.305744, 0.0, 0.0, -0.305743, 0.952114, 0.362303, -1.0, -0.0, 0.0, 0.0, 0.0, 0.0, 0.0, 1.0], [-0.0, -0.952114, -0.305744, 0.0, 0.0, -0.305743, 0.952114, 0.362303, -1.0, 0.0, 0.0, -0.0, 0.0, 0.0, 0.0, 1.0], [-0.0, -0.952114, -0.305744, -0.0, 0.0, -0.305743, 0.952114, 0.362304, -1.0, 0.0, 0.0, -0.0, 0.0, 0.0, 0.0, 1.0], [0.0, -0.952114, -0.305744, 0.0, 0.0, -0.305743, 0.952114, 0.362303, -1.0, -0.0, 0.0, -0.0, 0.0, 0.0, 0.0, 1.0], [0.0, -0.952114, -0.305743, 0.0, 0.0, -0.305743, 0.952114, 0.362303, -1.0, -0.0, 0.0, -0.0, 0.0, 0.0, 0.0, 1.0], [-0.0, -0.952114, -0.305743, -0.0, 0.0, -0.305743, 0.952114, 0.362303, -1.0, 0.0, 0.0, -0.0, 0.0, 0.0, 0.0, 1.0], [-0.0, -0.952114, -0.305743, -0.0, 0.0, -0.305743, 0.952114, 0.362303, -1.0, 0.0, 0.0, 0.0, 0.0, 0.0, 0.0, 1.0], [0.0, -0.952114, -0.305743, 0.0, 0.0, -0.305743, 0.952114, 0.362303, -1.0, -0.0, 0.0, 0.0, 0.0, 0.0, 0.0, 1.0], [0.0, -0.952114, -0.305744, -0.0, 0.0, -0.305743, 0.952114, 0.362303, -1.0, -0.0, 0.0, 0.0, 0.0, 0.0, 0.0, 1.0], [0.0, -0.952114, -0.305743, 0.0, 0.0, -0.305743, 0.952114, 0.362303, -1.0, -0.0, 0.0, 0.0, 0.0, 0.0, 0.0, 1.0], [0.0, -0.952114, -0.305744, 0.0, 0.0, -0.305743, 0.952114, 0.362303, -1.0, -0.0, 0.0, 0.0, 0.0, 0.0, 0.0, 1.0]]}, {"name": "Arm_L", "time": [0.0, 0.0167, 0.0333, 0.05, 0.0667, 0.0833, 0.1, 0.1167, 0.1333, 0.15, 0.1667, 0.1833, 0.2, 0.2167, 0.2333, 0.25, 0.2667, 0.2833, 0.3, 0.3167, 0.3333, 0.35, 0.3667, 0.3833, 0.4, 0.4167, 0.4333, 0.45, 0.4667, 0.4833, 0.5, 0.5167, 0.5333, 0.55, 0.5667, 0.5833, 0.6, 0.6167, 0.6333, 0.65, 0.6667, 0.6833, 0.7, 0.7167, 0.7333, 0.75, 0.7667, 0.7833, 0.8, 0.8167, 0.8333], "transform": [[-0.162892, -0.351734, 0.921819, -0.0, -0.882202, 0.47028, 0.02355, 0.39386, -0.441797, -0.809394, -0.386905, 0.0, 0.0, 0.0, 0.0, 1.0], [-0.162766, -0.352739, 0.921457, -0.0, -0.882101, 0.470434, 0.02427, 0.39386, -0.442045, -0.808867, -0.387722, 0.0, 0.0, 0.0, 0.0, 1.0], [-0.162405, -0.355607, 0.920418, -0.0, -0.881808, 0.470872, 0.026331, 0.39386, -0.442763, -0.807354, -0.390049, -0.0, 0.0, 0.0, 0.0, 1.0], [-0.161828, -0.360117, 0.918765, -0.0, -0.881339, 0.471555, 0.029593, 0.39386, -0.443905, -0.804953, -0.393695, -0.0, 0.0, 0.0, 0.0, 1.0], [-0.161058, -0.36602, 0.916564, 0.0, -0.880711, 0.472439, 0.033906, 0.39386, -0.445431, -0.801766, -0.398447, 0.0, 0.0, 0.0, 0.0, 1.0], [-0.160111, -0.373068, 0.913884, -0.0, -0.879936, 0.473479, 0.039121, 0.39386, -0.4473, -0.797895, -0.404085, 0.0, 0.0, 0.0, 0.0, 1.0], [-0.15901, -0.381016, 0.910793, -0.0, -0.879029, 0.474631, 0.045089, 0.39386, -0.44947, -0.793442, -0.410395, 0.0, 0.0, 0.0, 0.0, 1.0], [-0.157773, -0.389617, 0.907362, 0.0, -0.878004, 0.475855, 0.05166, 0.39386, -0.4519, -0.788517, -0.417163, 0.0, 0.0, 0.0, 0.0, 1.0], [-0.156423, -0.398644, 0.903668, -0.0, -0.876878, 0.477117, 0.058689, 0.39386, -0.454551, -0.783225, -0.424193, -0.0, 0.0, 0.0, 0.0, 1.0], [-0.154978, -0.407875, 0.899789, -0.0, -0.875665, 0.478384, 0.066028, 0.39386, -0.457376, -0.777679, -0.431301, 0.0, 0.0, 0.0, 0.0, 1.0], [-0.153462, -0.417116, 0.895804, 0.0, -0.874383, 0.479631, 0.07354, 0.39386, -0.46033, -0.771989, -0.438324, 0.0, 0.0, 0.0, 0.0, 1.0], [-0.151898, -0.426186, 0.891792, -0.0, -0.87305, 0.480841, 0.081087, 0.39386, -0.463368, -0.766261, -0.44512, -0.0, 0.0, 0.0, 0.0, 1.0], [-0.150311, -0.434929, 0.887831, 0.0, -0.871688, 0.481996, 0.088541, 0.39386, -0.46644, -0.760602, -0.451571, 0.0, 0.0, 0.0, 0.0, 1.0], [-0.148727, -0.443207, 0.883996, -0.0, -0.870319, 0.483085, 0.095777, 0.39386, -0.469494, -0.755112, -0.457579, 0.0, 0.0, 0.0, 0.0, 1.0], [-0.147176, -0.450905, 0.880355, 0.0, -0.868967, 0.4841, 0.102677, 0.39386, -0.472477, -0.749887, -0.463069, 0.0, 0.0, 0.0, 0.0, 1.0], [-0.145685, -0.457922, 0.876974, -0.0, -0.867659, 0.485034, 0.109128, 0.39386, -0.475335, -0.745015, -0.467982, -0.0, 0.0, 0.0, 0.0, 1.0], [-0.144287, -0.464186, 0.873907, -0.0, -0.866423, 0.485878, 0.115028, 0.39386, -0.478007, -0.740576, -0.472287, 0.0, 0.0, 0.0, 0.0, 1.0], [-0.143012, -0.469627, 0.871205, 0.0, -0.865291, 0.486625, 0.120276, 0.39386, -0.480435, -0.736644, -0.475957, 0.0, 0.0, 0.0, 0.0, 1.0], [-0.141894, -0.474195, 0.86891, 0.0, -0.864293, 0.487265, 0.124778, 0.39386, -0.482559, -0.733287, -0.478983, 0.0, 0.0, 0.0, 0.0, 1.0], [-0.140968, -0.477843, 0.867061, -0.0, -0.863461, 0.487788, 0.128441, 0.39386, -0.484316, -0.730566, -0.481361, 0.0, 0.0, 0.0, 0.0, 1.0], [-0.140266, -0.480524, 0.865692, 0.0, -0.862828, 0.488179, 0.131175, 0.39386, -0.485645, -0.728543, -0.483084, -0.0, 0.0, 0.0, 0.0, 1.0], [-0.139821, -0.482184, 0.864841, 0.0, -0.862427, 0.488426, 0.132887, 0.39386, -0.486487, -0.72728, -0.48414, 0.0, 0.0, 0.0, 0.0, 1.0], [-0.139665, -0.482757, 0.864546, -0.0, -0.862287, 0.488512, 0.133481, 0.39386, -0.48678, -0.726843, -0.484503, -0.0, 0.0, 0.0, 0.0, 1.0], [-0.139769, -0.482373, 0.864744, 0.0, -0.862381, 0.488454, 0.133083, 0.39386, -0.486583, -0.727136, -0.484259, -0.0, 0.0, 0.0, 0.0, 1.0], [-0.140069, -0.481261, 0.865314, -0.0, -0.862651, 0.488288, 0.131933, 0.39386, -0.486017, -0.727984, -0.483554, -0.0, 0.0, 0.0, 0.0, 1.0], [-0.140547, -0.479455, 0.866239, 0.0, -0.863083, 0.488022, 0.13008, 0.39386, -0.485111, -0.729353, -0.482399, -0.0, 0.0, 0.0, 0.0, 1.0], [-0.141187, -0.476989, 0.867495, 0.0, -0.863659, 0.487664, 0.127577, 0.39386, -0.483899, -0.731207, -0.480807, 0.0, 0.0, 0.0, 0.0, 1.0], [-0.141972, -0.47389, 0.869064, 0.0, -0.864361, 0.487222, 0.124473, 0.39386, -0.482414, -0.733513, -0.478783, 0.0, 0.0, 0.0, 0.0, 1.0], [-0.142879, -0.47018, 0.870929, 0.0, -0.865173, 0.486702, 0.120816, 0.39386, -0.480688, -0.736241, -0.476327, -0.0, 0.0, 0.0, 0.0, 1.0], [-0.143895, -0.465886, 0.873067, 0.0, -0.866076, 0.48611, 0.116656, 0.39386, -0.478755, -0.739355, -0.473442, -0.0, 0.0, 0.0, 0.0, 1.0], [-0.144999, -0.461037, 0.875454, -0.0, -0.867053, 0.485452, 0.112045, 0.39386, -0.476648, -0.742818, -0.470134, -0.0, 0.0, 0.0, 0.0, 1.0], [-0.146174, -0.455666, 0.878067, 0.0, -0.868089, 0.484732, 0.107035, 0.39386, -0.4744, -0.746594, -0.466413, 0.0, 0.0, 0.0, 0.0, 1.0], [-0.147403, -0.449805, 0.880879, 0.0, -0.869165, 0.483956, 0.10168, 0.39386, -0.472043, -0.75064, -0.462291, 0.0, 0.0, 0.0, 0.0, 1.0], [-0.148669, -0.443505, 0.883856, -0.0, -0.870268, 0.483125, 0.09604, 0.39386, -0.469607, -0.754913, -0.457794, -0.0, 0.0, 0.0, 0.0, 1.0], [-0.149958, -0.436815, 0.886965, 0.0, -0.871383, 0.482244, 0.090173, 0.39386, -0.467122, -0.759363, -0.452949, -0.0, 0.0, 0.0, 0.0, 1.0], [-0.151252, -0.429796, 0.890168, -0.0, -0.872498, 0.481318, 0.084142, 0.39386, -0.464618, -0.763942, -0.447796, 0.0, 0.0, 0.0, 0.0, 1.0], [-0.152539, -0.422521, 0.893425, 0.0, -0.873598, 0.480354, 0.078016, 0.39386, -0.462124, -0.768593, -0.442386, 0.0, 0.0, 0.0, 0.0, 1.0], [-0.153804, -0.415071, 0.896694, 0.0, -0.874673, 0.479357, 0.071863, 0.39386, -0.459665, -0.77326, -0.436778, 0.0, 0.0, 0.0, 0.0, 1.0], [-0.155032, -0.407531, 0.899935, -0.0, -0.875711, 0.478336, 0.065752, 0.39386, -0.457268, -0.777889, -0.431037, -0.0, 0.0, 0.0, 0.0, 1.0], [-0.156214, -0.400001, 0.903104, 0.0, -0.876703, 0.477305, 0.059759, 0.39386, -0.45496, -0.782418, -0.425244, -0.0, 0.0, 0.0, 0.0, 1.0], [-0.157336, -0.39259, 0.906156, -0.0, -0.87764, 0.476274, 0.05396, 0.39386, -0.452762, -0.786788, -0.419487, 0.0, 0.0, 0.0, 0.0, 1.0], [-0.158385, -0.385409, 0.909051, -0.0, -0.878511, 0.475259, 0.04843, 0.39386, -0.450701, -0.79094, -0.41386, -0.0, 0.0, 0.0, 0.0, 1.0], [-0.159352, -0.378582, 0.911747, 0.0, -0.87931, 0.47428, 0.043251, 0.39386, -0.448798, -0.794816, -0.408468, -0.0, 0.0, 0.0, 0.0, 1.0], [-0.160225, -0.372236, 0.914204, 0.0, -0.880028, 0.473357, 0.038502, 0.39386, -0.447077, -0.798356, -0.403422, 0.0, 0.0, 0.0, 0.0, 1.0], [-0.160993, -0.366505, 0.916382, 0.0, -0.880657, 0.472512, 0.034263, 0.39386, -0.445558, -0.801502, -0.398836, 0.0, 0.0, 0.0, 0.0, 1.0], [-0.161646, -0.361521, 0.918245, 0.0, -0.881191, 0.471767, 0.030615, 0.39386, -0.444265, -0.8042, -0.394828, -0.0, 0.0, 0.0, 0.0, 1.0], [-0.162174, -0.357422, 0.919755, 0.0, -0.881621, 0.471148, 0.027641, 0.39386, -0.44322, -0.806392, -0.391518, -0.0, 0.0, 0.0, 0.0, 1.0], [-0.162565, -0.35434, 0.920877, 0.0, -0.881938, 0.470679, 0.025419, 0.39386, -0.442445, -0.808024, -0.389021, -0.0, 0.0, 0.0, 0.0, 1.0], [-0.162808, -0.352405, 0.921577, 0.0, -0.882135, 0.470382, 0.024031, 0.39386, -0.441962, -0.809042, -0.38745, -0.0, 0.0, 0.0, 0.0, 1.0], [-0.162892, -0.351734, 0.921819, -0.0, -0.882202, 0.47028, 0.023551, 0.39386, -0.441797, -0.809393, -0.386905, 0.0, 0.0, 0.0, 0.0, 1.0], [-0.162892, -0.351734, 0.921819, -0.0, -0.882202, 0.47028, 0.023551, 0.39386, -0.441797, -0.809394, -0.386905, 0.0, 0.0, 0.0, 0.0, 1.0]]}, {"name": "Hand_L", "time": [0.0, 0.0167, 0.0333, 0.05, 0.0667, 0.0833, 0.1, 0.1167, 0.1333, 0.15, 0.1667, 0.1833, 0.2, 0.2167, 0.2333, 0.25, 0.2667, 0.2833, 0.3, 0.3167, 0.3333, 0.35, 0.3667, 0.3833, 0.4, 0.4167, 0.4333, 0.45, 0.4667, 0.4833, 0.5, 0.5167, 0.5333, 0.55, 0.5667, 0.5833, 0.6, 0.6167, 0.6333, 0.65, 0.6667, 0.6833, 0.7, 0.7167, 0.7333, 0.75, 0.7667, 0.7833, 0.8, 0.8167, 0.8333], "transform": [[1.0, -0.0, 0.0, 0.0, -0.0, 0.777998, -0.628267, 0.300003, -0.0, 0.628268, 0.777998, 0.0, 0.0, 0.0, 0.0, 1.0], [1.0, -0.0, -0.0, -0.0, -0.0, 0.77774, -0.628585, 0.300003, 0.0, 0.628586, 0.777741, -0.0, 0.0, 0.0, 0.0, 1.0], [1.0, 0.0, 0.0, 0.0, -0.0, 0.777025, -0.629469, 0.300003, 0.0, 0.62947, 0.777026, 0.0, 0.0, 0.0, 0.0, 1.0], [1.0, 0.0, -0.0, 0.0, 0.0, 0.775943, -0.630802, 0.300003, 0.0, 0.630804, 0.775943, 0.0, 0.0, 0.0, 0.0, 1.0], [1.0, -0.0, 0.0, -0.0, -0.0, 0.774617, -0.63243, 0.300003, -0.0, 0.632431, 0.774618, 0.0, 0.0, 0.0, 0.0, 1.0], [1.0, -0.0, -0.0, -0.0, 0.0, 0.773172, -0.634196, 0.300003, -0.0, 0.634196, 0.773173, 0.0, 0.0, 0.0, 0.0, 1.0], [1.0, 0.0, 0.0, -0.0, 0.0, 0.771732, -0.635947, 0.300003, 0.0, 0.635949, 0.771732, 0.0, 0.0, 0.0, 0.0, 1.0], [1.0, 0.0, 0.0, -0.0, 0.0, 0.770418, -0.637539, 0.300003, 0.0, 0.63754, 0.770418, 0.0, 0.0, 0.0, 0.0, 1.0], [1.0, 0.0, -0.0, -0.0, 0.0, 0.769334, -0.638847, 0.300003, -0.0, 0.638848, 0.769333, 0.0, 0.0, 0.0, 0.0, 1.0], [1.0, -0.0, 0.0, 0.0, 0.0, 0.768571, -0.639764, 0.300003, -0.0, 0.639765, 0.768571, 0.0, 0.0, 0.0, 0.0, 1.0], [1.000001, -0.0, -0.0, 0.0, 0.0, 0.768191, -0.64022, 0.300003, -0.0, 0.640221, 0.768192, -0.0, 0.0, 0.0, 0.0, 1.0], [1.0, -0.0, 0.0, -0.0, 0.0, 0.768234, -0.64017, 0.300003, -0.0, 0.64017, 0.768234, 0.0, 0.0, 0.0, 0.0, 1.0], [1.0, -0.0, 0.0, 0.0, 0.0, 0.768706, -0.639602, 0.300002, 0.0, 0.639602, 0.768707, -0.0, 0.0, 0.0, 0.0, 1.0], [1.0, 0.0, -0.0, 0.0, 0.0, 0.769591, -0.638537, 0.300003, -0.0, 0.638537, 0.769591, 0.0, 0.0, 0.0, 0.0, 1.0], [1.0, 0.0, 0.0, -0.0, 0.0, 0.770841, -0.637027, 0.300003, 0.0, 0.637028, 0.770841, -0.0, 0.0, 0.0, 0.0, 1.0], [1.0, 0.0, -0.0, -0.0, 0.0, 0.772389, -0.63515, 0.300003, -0.0, 0.635151, 0.772389, -0.0, 0.0, 0.0, 0.0, 1.0], [1.0, -0.0, 0.0, 0.0, 0.0, 0.77413, -0.633027, 0.300003, -0.0, 0.633028, 0.77413, 0.0, 0.0, 0.0, 0.0, 1.0], [1.0, 0.0, -0.0, 0.0, 0.0, 0.775956, -0.630786, 0.300003, 0.0, 0.630787, 0.775956, -0.0, 0.0, 0.0, 0.0, 1.0], [1.0, 0.0, 0.0, 0.0, 0.0, 0.777737, -0.62859, 0.300002, -0.0, 0.62859, 0.777737, 0.0, 0.0, 0.0, 0.0, 1.0], [1.0, -0.0, -0.0, 0.0, 0.0, 0.779338, -0.626603, 0.300003, 0.0, 0.626604, 0.779338, -0.0, 0.0, 0.0, 0.0, 1.0], [1.0, -0.0, -0.0, 0.0, 0.0, 0.780624, -0.625002, 0.300003, -0.0, 0.625003, 0.780624, -0.0, 0.0, 0.0, 0.0, 1.0], [1.0, -0.0, 0.0, 0.0, 0.0, 0.781472, -0.62394, 0.300003, -0.0, 0.623942, 0.781472, -0.0, 0.0, 0.0, 0.0, 1.0], [1.0, -0.0, 0.0, -0.0, -0.0, 0.781772, -0.623564, 0.300003, 0.0, 0.623565, 0.781772, -0.0, 0.0, 0.0, 0.0, 1.0], [1.0, 0.0, 0.0, -0.0, 0.0, 0.781574, -0.623812, 0.300003, 0.0, 0.623813, 0.781574, 0.0, 0.0, 0.0, 0.0, 1.0], [1.0, -0.0, -0.0, -0.0, 0.0, 0.780996, -0.624537, 0.300003, -0.0, 0.624537, 0.780996, 0.0, 0.0, 0.0, 0.0, 1.0], [1.0, 0.0, -0.0, -0.0, 0.0, 0.7801, -0.625655, 0.300002, -0.0, 0.625656, 0.7801, 0.0, 0.0, 0.0, 0.0, 1.0], [1.0, -0.0, 0.0, 0.0, 0.0, 0.778947, -0.627089, 0.300002, -0.0, 0.62709, 0.778948, 0.0, 0.0, 0.0, 0.0, 1.0], [1.0, 0.0, -0.0, 0.0, 0.0, 0.777607, -0.628751, 0.300003, 0.0, 0.628751, 0.777608, -0.0, 0.0, 0.0, 0.0, 1.0], [1.0, -0.0, -0.0, 0.0, 0.0, 0.776157, -0.63054, 0.300002, -0.0, 0.630541, 0.776157, -0.0, 0.0, 0.0, 0.0, 1.0], [1.0, -0.0, 0.0, 0.0, 0.0, 0.774667, -0.632368, 0.300003, -0.0, 0.632369, 0.774668, 0.0, 0.0, 0.0, 0.0, 1.0], [1.000001, 0.0, 0.0, 0.0, 0.0, 0.773207, -0.634153, 0.300003, 0.0, 0.634154, 0.773208, -0.0, 0.0, 0.0, 0.0, 1.0], [1.0, 0.0, 0.0, 0.0, 0.0, 0.771842, -0.635815, 0.300003, -0.0, 0.635816, 0.771842, 0.0, 0.0, 0.0, 0.0, 1.0], [1.0, 0.0, -0.0, 0.0, 0.0, 0.770635, -0.637277, 0.300003, 0.0, 0.637277, 0.770635, -0.0, 0.0, 0.0, 0.0, 1.0], [1.0, 0.0, 0.0, -0.0, 0.0, 0.769629, -0.638491, 0.300003, 0.0, 0.638492, 0.769629, 0.0, 0.0, 0.0, 0.0, 1.0], [1.0, -0.0, -0.0, 0.0, 0.0, 0.768866, -0.63941, 0.300003, 0.0, 0.63941, 0.768866, -0.0, 0.0, 0.0, 0.0, 1.0], [1.0, -0.0, -0.0, 0.0, 0.0, 0.768374, -0.64, 0.300002, -0.0, 0.640001, 0.768375, -0.0, 0.0, 0.0, 0.0, 1.0], [1.000001, -0.0, -0.0, -0.0, 0.0, 0.768166, -0.64025, 0.300003, -0.0, 0.640251, 0.768167, 0.0, 0.0, 0.0, 0.0, 1.0], [1.0, 0.0, 0.0, -0.0, -0.0, 0.76824, -0.640162, 0.300003, 0.0, 0.640162, 0.768241, 0.0, 0.0, 0.0, 0.0, 1.0], [1.0, 0.0, 0.0, 0.0, -0.0, 0.768595, -0.639736, 0.300003, 0.0, 0.639737, 0.768595, -0.0, 0.0, 0.0, 0.0, 1.0], [1.000001, -0.0, -0.0, 0.0, 0.0, 0.769201, -0.639007, 0.300003, -0.0, 0.639007, 0.769202, 0.0, 0.0, 0.0, 0.0, 1.0], [1.0, -0.0, -0.0, -0.0, 0.0, 0.770026, -0.638012, 0.300003, 0.0, 0.638014, 0.770026, -0.0, 0.0, 0.0, 0.0, 1.0], [1.0, -0.0, -0.0, -0.0, 0.0, 0.771027, -0.636802, 0.300003, 0.0, 0.636803, 0.771027, -0.0, 0.0, 0.0, 0.0, 1.0], [1.0, -0.0, -0.0, -0.0, 0.0, 0.77215, -0.63544, 0.300003, -0.0, 0.635441, 0.772151, 0.0, 0.0, 0.0, 0.0, 1.0], [1.0, -0.0, 0.0, 0.0, 0.0, 0.773335, -0.633997, 0.300003, 0.0, 0.633998, 0.773336, -0.0, 0.0, 0.0, 0.0, 1.0], [1.0, -0.0, -0.0, 0.0, 0.0, 0.774514, -0.632557, 0.300003, -0.0, 0.632558, 0.774514, -0.0, 0.0, 0.0, 0.0, 1.0], [1.0, -0.0, -0.0, 0.0, 0.0, 0.775621, -0.631198, 0.300003, 0.0, 0.6312, 0.775621, 0.0, 0.0, 0.0, 0.0, 1.0], [1.0, -0.0, -0.0, 0.0, 0.0, 0.776583, -0.630014, 0.300003, 0.0, 0.630015, 0.776584, 0.0, 0.0, 0.0, 0.0, 1.0], [1.0, -0.0, 0.0, 0.0, 0.0, 0.77734, -0.629081, 0.300003, 0.0, 0.629081, 0.77734, 0.0, 0.0, 0.0, 0.0, 1.0], [1.0, 0.0, 0.0, -0.0, 0.0, 0.777826, -0.628479, 0.300003, 0.0, 0.62848, 0.777826, -0.0, 0.0, 0.0, 0.0, 1.0], [1.0, -0.0, -0.0, -0.0, -0.0, 0.777997, -0.628267, 0.300002, -0.0, 0.628268, 0.777998, -0.0, 0.0, 0.0, 0.0, 1.0], [1.000001, -0.0, 0.0, -0.0, 0.0, 0.777997, -0.628267, 0.300003, -0.0, 0.628268, 0.777997, -0.0, 0.0, 0.0, 0.0, 1.0]]}, {"name": "Tool_L", "time": [0.0, 0.0167, 0.0333, 0.05, 0.0667, 0.0833, 0.1, 0.1167, 0.1333, 0.15, 0.1667, 0.1833, 0.2, 0.2167, 0.2333, 0.25, 0.2667, 0.2833, 0.3, 0.3167, 0.3333, 0.35, 0.3667, 0.3833, 0.4, 0.4167, 0.4333, 0.45, 0.4667, 0.4833, 0.5, 0.5167, 0.5333, 0.55, 0.5667, 0.5833, 0.6, 0.6167, 0.6333, 0.65, 0.6667, 0.6833, 0.7, 0.7167, 0.7333, 0.75, 0.7667, 0.7833, 0.8, 0.8167, 0.8333], "transform": [[1.0, -0.0, 0.0, 0.000847, -0.0, -0.996944, -0.078121, 0.271711, 0.0, 0.078121, -0.996944, -0.028915, 0.0, 0.0, 0.0, 1.0], [1.0, -0.0, 0.0, 0.000847, -0.0, -0.996944, -0.078121, 0.271711, 0.0, 0.078121, -0.996944, -0.028915, 0.0, 0.0, 0.0, 1.0], [1.0, -0.0, 0.0, 0.000847, -0.0, -0.996944, -0.078121, 0.271711, 0.0, 0.078121, -0.996944, -0.028915, 0.0, 0.0, 0.0, 1.0], [1.0, -0.0, 0.0, 0.000847, -0.0, -0.996944, -0.078121, 0.271711, 0.0, 0.078121, -0.996944, -0.028915, 0.0, 0.0, 0.0, 1.0], [1.0, -0.0, 0.0, 0.000847, -0.0, -0.996944, -0.078121, 0.271711, 0.0, 0.078121, -0.996944, -0.028915, 0.0, 0.0, 0.0, 1.0], [1.0, -0.0, 0.0, 0.000847, 0.0, -0.996944, -0.078121, 0.271711, 0.0, 0.078121, -0.996944, -0.028915, 0.0, 0.0, 0.0, 1.0], [1.0, -0.0, 0.0, 0.000847, -0.0, -0.996944, -0.078121, 0.271711, 0.0, 0.078121, -0.996944, -0.028915, 0.0, 0.0, 0.0, 1.0], [1.0, -0.0, 0.0, 0.000847, -0.0, -0.996944, -0.078121, 0.271711, 0.0, 0.078121, -0.996944, -0.028915, 0.0, 0.0, 0.0, 1.0], [1.0, -0.0, 0.0, 0.000847, -0.0, -0.996944, -0.078121, 0.271711, 0.0, 0.078121, -0.996944, -0.028915, 0.0, 0.0, 0.0, 1.0], [1.0, -0.0, 0.0, 0.000847, -0.0, -0.996944, -0.078121, 0.271711, 0.0, 0.078121, -0.996944, -0.028915, 0.0, 0.0, 0.0, 1.0], [1.0, -0.0, 0.0, 0.000847, -0.0, -0.996944, -0.078121, 0.271711, 0.0, 0.078121, -0.996944, -0.028915, 0.0, 0.0, 0.0, 1.0], [1.0, -0.0, 0.0, 0.000847, -0.0, -0.996944, -0.078121, 0.271711, 0.0, 0.078121, -0.996944, -0.028915, 0.0, 0.0, 0.0, 1.0], [1.0, -0.0, 0.0, 0.000847, -0.0, -0.996944, -0.078121, 0.271711, 0.0, 0.078121, -0.996944, -0.028915, 0.0, 0.0, 0.0, 1.0], [1.0, -0.0, 0.0, 0.000847, -0.0, -0.996944, -0.078121, 0.271711, 0.0, 0.078121, -0.996944, -0.028915, 0.0, 0.0, 0.0, 1.0], [1.0, -0.0, 0.0, 0.000847, -0.0, -0.996944, -0.078121, 0.271711, 0.0, 0.078121, -0.996944, -0.028915, 0.0, 0.0, 0.0, 1.0], [1.0, -0.0, 0.0, 0.000847, -0.0, -0.996944, -0.078121, 0.271711, 0.0, 0.078121, -0.996944, -0.028915, 0.0, 0.0, 0.0, 1.0], [1.0, -0.0, 0.0, 0.000847, -0.0, -0.996944, -0.078121, 0.271711, 0.0, 0.078121, -0.996944, -0.028915, 0.0, 0.0, 0.0, 1.0], [1.0, -0.0, 0.0, 0.000847, -0.0, -0.996944, -0.078121, 0.271711, 0.0, 0.078121, -0.996944, -0.028915, 0.0, 0.0, 0.0, 1.0], [1.0, -0.0, 0.0, 0.000847, -0.0, -0.996944, -0.078121, 0.271711, 0.0, 0.078121, -0.996944, -0.028915, 0.0, 0.0, 0.0, 1.0], [1.0, -0.0, 0.0, 0.000847, -0.0, -0.996944, -0.078121, 0.271711, 0.0, 0.078121, -0.996944, -0.028915, 0.0, 0.0, 0.0, 1.0], [1.0, -0.0, 0.0, 0.000847, -0.0, -0.996944, -0.078121, 0.271711, 0.0, 0.078121, -0.996944, -0.028915, 0.0, 0.0, 0.0, 1.0], [1.0, -0.0, 0.0, 0.000847, -0.0, -0.996944, -0.078121, 0.271711, 0.0, 0.078121, -0.996944, -0.028915, 0.0, 0.0, 0.0, 1.0], [1.0, -0.0, 0.0, 0.000847, -0.0, -0.996944, -0.078121, 0.271711, 0.0, 0.078121, -0.996944, -0.028915, 0.0, 0.0, 0.0, 1.0], [1.0, -0.0, 0.0, 0.000847, 0.0, -0.996944, -0.078121, 0.271711, 0.0, 0.078121, -0.996944, -0.028915, 0.0, 0.0, 0.0, 1.0], [1.0, -0.0, 0.0, 0.000847, -0.0, -0.996944, -0.078121, 0.271711, 0.0, 0.078121, -0.996944, -0.028915, 0.0, 0.0, 0.0, 1.0], [1.0, -0.0, 0.0, 0.000847, -0.0, -0.996944, -0.078121, 0.271711, 0.0, 0.078121, -0.996944, -0.028915, 0.0, 0.0, 0.0, 1.0], [1.0, -0.0, 0.0, 0.000847, -0.0, -0.996944, -0.078121, 0.271711, 0.0, 0.078121, -0.996944, -0.028915, 0.0, 0.0, 0.0, 1.0], [1.0, -0.0, 0.0, 0.000847, 0.0, -0.996944, -0.078121, 0.271711, 0.0, 0.078121, -0.996944, -0.028915, 0.0, 0.0, 0.0, 1.0], [1.0, -0.0, 0.0, 0.000847, -0.0, -0.996944, -0.078121, 0.271711, 0.0, 0.078121, -0.996944, -0.028915, 0.0, 0.0, 0.0, 1.0], [1.0, -0.0, 0.0, 0.000847, -0.0, -0.996944, -0.078121, 0.271711, 0.0, 0.078121, -0.996944, -0.028915, 0.0, 0.0, 0.0, 1.0], [1.0, -0.0, 0.0, 0.000847, -0.0, -0.996944, -0.078121, 0.271711, 0.0, 0.078121, -0.996944, -0.028915, 0.0, 0.0, 0.0, 1.0], [1.0, -0.0, 0.0, 0.000847, -0.0, -0.996944, -0.078121, 0.271711, 0.0, 0.078121, -0.996944, -0.028915, 0.0, 0.0, 0.0, 1.0], [1.0, -0.0, 0.0, 0.000847, -0.0, -0.996944, -0.078121, 0.271711, 0.0, 0.078121, -0.996944, -0.028915, 0.0, 0.0, 0.0, 1.0], [1.0, -0.0, 0.0, 0.000847, -0.0, -0.996944, -0.078121, 0.271711, 0.0, 0.078121, -0.996944, -0.028915, 0.0, 0.0, 0.0, 1.0], [1.0, -0.0, 0.0, 0.000847, -0.0, -0.996944, -0.078121, 0.271711, 0.0, 0.078121, -0.996944, -0.028915, 0.0, 0.0, 0.0, 1.0], [1.0, -0.0, 0.0, 0.000847, -0.0, -0.996944, -0.078121, 0.271711, 0.0, 0.078121, -0.996944, -0.028915, 0.0, 0.0, 0.0, 1.0], [1.0, -0.0, 0.0, 0.000847, -0.0, -0.996944, -0.078121, 0.271711, 0.0, 0.078121, -0.996944, -0.028915, 0.0, 0.0, 0.0, 1.0], [1.0, -0.0, 0.0, 0.000847, -0.0, -0.996944, -0.078121, 0.271711, 0.0, 0.078121, -0.996944, -0.028915, 0.0, 0.0, 0.0, 1.0], [1.0, -0.0, 0.0, 0.000847, -0.0, -0.996944, -0.078121, 0.271711, 0.0, 0.078121, -0.996944, -0.028915, 0.0, 0.0, 0.0, 1.0], [1.0, -0.0, 0.0, 0.000847, -0.0, -0.996944, -0.078121, 0.271711, 0.0, 0.078121, -0.996944, -0.028915, 0.0, 0.0, 0.0, 1.0], [1.0, -0.0, 0.0, 0.000847, -0.0, -0.996944, -0.078121, 0.271711, 0.0, 0.078121, -0.996944, -0.028915, 0.0, 0.0, 0.0, 1.0], [1.0, -0.0, 0.0, 0.000847, -0.0, -0.996944, -0.078121, 0.271711, 0.0, 0.078121, -0.996944, -0.028915, 0.0, 0.0, 0.0, 1.0], [1.0, -0.0, 0.0, 0.000847, -0.0, -0.996944, -0.078121, 0.271711, 0.0, 0.078121, -0.996944, -0.028915, 0.0, 0.0, 0.0, 1.0], [1.0, -0.0, 0.0, 0.000847, -0.0, -0.996944, -0.078121, 0.271711, 0.0, 0.078121, -0.996944, -0.028915, 0.0, 0.0, 0.0, 1.0], [1.0, -0.0, 0.0, 0.000847, 0.0, -0.996944, -0.078121, 0.271711, 0.0, 0.078121, -0.996944, -0.028915, 0.0, 0.0, 0.0, 1.0], [1.0, -0.0, 0.0, 0.000847, -0.0, -0.996944, -0.078121, 0.271711, 0.0, 0.078121, -0.996944, -0.028915, 0.0, 0.0, 0.0, 1.0], [1.0, -0.0, 0.0, 0.000847, -0.0, -0.996944, -0.078121, 0.271711, 0.0, 0.078121, -0.996944, -0.028915, 0.0, 0.0, 0.0, 1.0], [1.0, -0.0, 0.0, 0.000847, 0.0, -0.996944, -0.078121, 0.271711, 0.0, 0.078121, -0.996944, -0.028915, 0.0, 0.0, 0.0, 1.0], [1.0, -0.0, 0.0, 0.000847, -0.0, -0.996944, -0.078121, 0.271711, 0.0, 0.078121, -0.996944, -0.028915, 0.0, 0.0, 0.0, 1.0], [1.0, -0.0, 0.0, 0.000847, -0.0, -0.996944, -0.078121, 0.271711, 0.0, 0.078121, -0.996944, -0.028915, 0.0, 0.0, 0.0, 1.0], [1.0, -0.0, 0.0, 0.000847, -0.0, -0.996944, -0.078121, 0.271711, 0.0, 0.078121, -0.996944, -0.028915, 0.0, 0.0, 0.0, 1.0]]}, {"name": "Elbow_L", "time": [0.0, 0.8], "transform": [[-1.0, 1e-06, 2e-06, -1e-06, -2e-06, 0.0, -1.0, 0.299999, -1e-06, -1.0, -0.0, 0.0, 0.0, 0.0, 0.0, 1.0], [-1.0, 1e-06, 2e-06, -1e-06, -2e-06, 0.0, -1.0, 0.299999, -1e-06, -1.0, -0.0, 0.0, 0.0, 0.0, 0.0, 1.0]]}]}