{"animation": [{"name": "Root", "time": [0.0, 0.1, 0.2, 0.3, 0.4, 0.5, 0.6], "transform": [[0.999741, -0.022558, -0.002958, -5e-06, 0.002958, 0.257834, -0.966185, 0.000946, 0.022558, 0.965926, 0.257834, 0.753972, 0.0, 0.0, 0.0, 1.0], [0.999232, -0.022558, -0.032035, -5e-06, -0.025144, 0.257834, -0.965862, 0.000946, 0.030047, 0.965926, 0.257069, 0.713972, 0.0, 0.0, 0.0, 1.0], [0.987229, -0.0, -0.159307, -5e-06, -0.153879, 0.258819, -0.95359, 0.000946, 0.041232, 0.965926, 0.255514, 0.533972, 0.0, 0.0, 0.0, 1.0], [0.985067, 0.022558, -0.17069, -5e-06, -0.17069, 0.257834, -0.950992, 0.000946, 0.022558, 0.965926, 0.257834, 0.753972, 0.0, 0.0, 0.0, 1.0], [0.973475, 0.022558, -0.227677, -5e-06, -0.225696, 0.257834, -0.939459, 0.000946, 0.037511, 0.965926, 0.256086, 0.713972, 0.0, 0.0, 0.0, 1.0], [0.994822, -0.0, -0.101635, -5e-06, -0.098172, 0.258819, -0.960924, 0.000946, 0.026305, 0.965926, 0.257479, 0.533972, 0.0, 0.0, 0.0, 1.0], [0.999741, -0.022558, -0.002958, -5e-06, 0.002958, 0.257834, -0.966185, 0.000946, 0.022558, 0.965926, 0.257834, 0.753972, 0.0, 0.0, 0.0, 1.0]]}, {"name": "Thigh_R", "time": [0.0, 0.1, 0.2, 0.3, 0.4, 0.5, 0.6], "transform": [[0.981853, 0.188702, 0.01885, 0.124994, -0.007123, -0.06263, 0.998012, -0.002831, 0.189508, -0.980034, -0.06015, -1.2e-05, 0.0, 0.0, 0.0, 1.0], [0.993352, 0.101134, 0.054986, 0.124994, -0.019738, -0.320949, 0.94689, -0.00283, 0.11341, -0.941682, -0.316818, -1.2e-05, 0.0, 0.0, 0.0, 1.0], [0.991037, 0.099065, 0.089609, 0.124994, -0.060661, -0.263905, 0.962639, -0.002831, 0.119012, -0.959448, -0.255531, -1.2e-05, 0.0, 0.0, 0.0, 1.0], [0.997328, 0.065128, -0.033104, 0.124994, 0.058664, -0.983961, -0.168455, -0.002831, -0.043544, 0.166063, -0.985154, -1.2e-05, 0.0, 0.0, 0.0, 1.0], [0.992719, 0.119488, 0.015194, 0.124994, 0.113041, -0.880652, -0.460078, -0.002831, -0.041593, 0.458445, -0.887748, -1.2e-05, 0.0, 0.0, 0.0, 1.0], [0.997353, 0.060426, 0.040434, 0.124994, 0.061198, -0.997951, -0.0181, -0.002831, 0.039256, 0.020527, -0.999008, -1.2e-05, 0.0, 0.0, 0.0, 1.0], [0.981853, 0.188702, 0.01885, 0.124994, -0.007123, -0.06263, 0.998012, -0.002831, 0.189508, -0.980034, -0.06015, -1.2e-05, 0.0, 0.0, 0.0, 1.0]]}, {"name": "Leg_R", "time": [0.0, 0.1, 0.2, 0.3, 0.4, 0.5, 0.6], "transform": [[0.999523, -0.008748, -0.029618, 0.0, 0.029395, -0.024575, 0.999265, 0.37472, -0.009469, -0.999661, -0.024306, -0.0, 0.0, 0.0, 0.0, 1.0], [0.999951, -0.006355, -0.007538, 0.0, 0.008722, 0.926646, 0.37583, 0.37472, 0.004597, -0.375877, 0.926658, -0.0, 0.0, 0.0, 0.0, 1.0], [0.999873, -0.002284, -0.015808, 0.0, 0.014401, 0.556993, 0.830391, 0.37472, 0.006909, -0.830513, 0.556955, 0.0, 0.0, 0.0, 0.0, 1.0], [0.999739, -0.022148, -0.005647, 0.0, 0.022042, 0.86883, 0.49462, 0.37472, -0.006048, -0.494614, 0.869092, 0.0, 0.0, 0.0, 0.0, 1.0], [0.999901, 0.007393, -0.012015, -0.0, 0.008722, 0.345388, 0.93842, 0.37472, 0.011087, -0.938431, 0.345289, 0.0, 0.0, 0.0, 0.0, 1.0], [0.999069, 0.037907, -0.020573, 0.0, 0.01932, 0.033135, 0.999265, 0.37472, 0.038561, -0.998731, 0.032372, -0.0, 0.0, 0.0, 0.0, 1.0], [0.999523, -0.008748, -0.029618, 0.0, 0.029395, -0.024575, 0.999265, 0.37472, -0.009469, -0.999661, -0.024306, -0.0, 0.0, 0.0, 0.0, 1.0]]}, {"name": "Knee_R", "time": [0.0, 0.1, 0.2, 0.3, 0.4, 0.5, 0.6], "transform": [[0.999859, -0.010611, -0.012971, 0.0, -0.001466, 0.715672, -0.698436, 0.37472, 0.016694, 0.698356, 0.715555, -0.0, 0.0, 0.0, 0.0, 1.0], [0.999988, -0.003541, -0.003468, 0.0, -0.002725, 0.19148, -0.981493, 0.37472, 0.004139, 0.98149, 0.191468, -0.0, 0.0, 0.0, 0.0, 1.0], [0.999966, -0.003115, -0.007624, 0.0, -0.005261, 0.470635, -0.882312, 0.37472, 0.006337, 0.882322, 0.470603, 0.0, 0.0, 0.0, 0.0, 1.0], [0.999933, -0.011441, -0.001388, 0.0, 0.001585, 0.255842, -0.966718, 0.37472, 0.011415, 0.966651, 0.255843, 0.0, 0.0, 0.0, 0.0, 1.0], [0.999973, 0.001812, -0.007174, -0.0, -0.006921, 0.572109, -0.820148, 0.37472, 0.002618, 0.820175, 0.572106, 0.0, 0.0, 0.0, 0.0, 1.0], [0.99973, 0.014798, -0.017965, 0.0, -0.023201, 0.695187, -0.718455, 0.37472, 0.001857, 0.718677, 0.695342, -0.0, 0.0, 0.0, 0.0, 1.0], [0.999859, -0.010611, -0.012971, 0.0, -0.001466, 0.715672, -0.698436, 0.37472, 0.016694, 0.698356, 0.715555, -0.0, 0.0, 0.0, 0.0, 1.0]]}, {"name": "Thigh_L", "time": [0.0, 0.1, 0.2, 0.3, 0.4, 0.5, 0.6], "transform": [[0.985087, -0.038941, 0.167591, -0.125006, -0.002094, -0.976693, -0.214632, -0.002831, 0.172043, 0.21108, -0.96221, -1.2e-05, 0.0, 0.0, 0.0, 1.0], [0.989181, -0.080564, 0.122596, -0.125006, -0.021642, -0.906702, -0.421216, -0.00283, 0.145092, 0.414005, -0.898637, -1.2e-05, 0.0, 0.0, 0.0, 1.0], [0.995893, 0.080621, 0.041169, -0.125006, 0.078945, -0.996041, 0.040852, -0.002831, 0.044299, -0.037434, -0.998317, -1.2e-05, 0.0, 0.0, 0.0, 1.0], [0.988145, -0.151311, -0.025997, -0.125006, 0.030543, 0.027801, 0.999147, -0.002831, -0.150459, -0.988094, 0.032093, -1.2e-05, 0.0, 0.0, 0.0, 1.0], [0.983309, -0.177542, -0.039765, -0.125006, -0.014108, -0.292303, 0.956221, -0.002831, -0.181393, -0.9397, -0.289929, -1.2e-05, 0.0, 0.0, 0.0, 1.0], [0.999803, -0.007777, 0.018249, -0.125006, -0.019599, -0.2451, 0.969301, -0.00283, -0.003066, -0.969467, -0.245204, -1.2e-05, 0.0, 0.0, 0.0, 1.0], [0.985087, -0.038941, 0.167591, -0.125006, -0.002094, -0.976693, -0.214632, -0.002831, 0.172043, 0.21108, -0.96221, -1.2e-05, 0.0, 0.0, 0.0, 1.0]]}, {"name": "Leg_L", "time": [0.0, 0.1, 0.2, 0.3, 0.4, 0.5, 0.6], "transform": [[0.999916, 0.004602, 0.012125, -0.0, -0.010472, 0.838013, 0.545547, 0.37472, -0.00765, -0.545627, 0.837994, -0.0, 0.0, 0.0, 0.0, 1.0], [0.999991, 0.004255, -0.000464, -0.0, -0.00097, 0.330914, 0.94366, 0.37472, 0.004169, -0.943651, 0.330915, 0.0, 0.0, 0.0, 0.0, 1.0], [0.999548, 0.028917, -0.008242, -0.0, 0.008722, -0.016494, 0.999826, 0.37472, 0.028777, -0.999446, -0.016738, -0.0, 0.0, 0.0, 0.0, 1.0], [0.998618, 0.024528, 0.046499, 0.0, -0.044215, -0.086629, 0.995259, 0.37472, 0.02844, -0.995939, -0.085424, 0.0, 0.0, 0.0, 0.0, 1.0], [0.999748, 0.021726, 0.005602, 0.0, -0.02221, 0.922901, 0.384395, 0.37472, 0.003181, -0.384423, 0.923151, -0.0, 0.0, 0.0, 0.0, 1.0], [0.99991, -0.001687, 0.0133, -0.0, -0.010234, 0.544786, 0.838513, 0.37472, -0.00866, -0.838574, 0.544719, -0.0, 0.0, 0.0, 0.0, 1.0], [0.999916, 0.004602, 0.012125, -0.0, -0.010472, 0.838013, 0.545547, 0.37472, -0.00765, -0.545627, 0.837994, -0.0, 0.0, 0.0, 0.0, 1.0]]}, {"name": "Knee_L", "time": [0.0, 0.1, 0.2, 0.3, 0.4, 0.5, 0.6], "transform": [[0.999979, 0.003183, 0.005726, -0.0, 0.004584, 0.284576, -0.958643, 0.37472, -0.004681, 0.958648, 0.284555, -0.0, 0.0, 0.0, 0.0, 1.0], [0.999997, 0.002055, -0.000911, -0.0, -0.001932, 0.578394, -0.815755, 0.37472, -0.001149, 0.815755, 0.578397, 0.0, 0.0, 0.0, 0.0, 1.0], [0.999867, 0.012734, -0.010184, -0.0, -0.01622, 0.712823, -0.701157, 0.37472, -0.00167, 0.701228, 0.712934, -0.0, 0.0, 0.0, 0.0, 1.0], [0.999587, 0.022497, 0.01786, 0.0, -0.004501, 0.736762, -0.676138, 0.37472, -0.028369, 0.675777, 0.736559, 0.0, 0.0, 0.0, 0.0, 1.0], [0.999937, 0.011141, 0.001724, 0.0, -0.000494, 0.196025, -0.980599, 0.37472, -0.011263, 0.980536, 0.196018, -0.0, 0.0, 0.0, 0.0, 1.0], [0.999976, 0.000846, 0.006863, -0.0, 0.005628, 0.477085, -0.878839, 0.37472, -0.004018, 0.878856, 0.477069, -0.0, 0.0, 0.0, 0.0, 1.0], [0.999979, 0.003183, 0.005726, -0.0, 0.004584, 0.284576, -0.958643, 0.37472, -0.004681, 0.958648, 0.284555, -0.0, 0.0, 0.0, 0.0, 1.0]]}, {"name": "Torso", "time": [0.0, 0.1, 0.2, 0.3, 0.4, 0.5, 0.6], "transform": [[0.96412, 0.030048, -0.263761, -0.0, 0.057079, 0.946872, 0.316506, 0.05, 0.259258, -0.320205, 0.911183, -0.0, 0.0, 0.0, 0.0, 1.0], [0.980431, 0.040416, -0.192669, -0.0, 0.031486, 0.933907, 0.356127, 0.05, 0.194328, -0.355224, 0.914359, -0.0, 0.0, 0.0, 0.0, 1.0], [0.98746, -0.008557, -0.157636, -0.0, 0.05214, 0.960175, 0.274493, 0.05, 0.14901, -0.27927, 0.94858, -0.0, 0.0, 0.0, 0.0, 1.0], [0.99699, -0.071828, -0.029172, 0.0, 0.0774, 0.943654, 0.321756, 0.05, 0.004418, -0.323046, 0.946373, 0.0, 0.0, 0.0, 0.0, 1.0], [0.992567, -0.119389, 0.023611, 0.0, 0.104028, 0.932998, 0.344519, 0.05, -0.063161, -0.339502, 0.938482, -0.0, 0.0, 0.0, 0.0, 1.0], [0.998569, -0.036476, -0.039095, -0.0, 0.044383, 0.973202, 0.225626, 0.05, 0.029817, -0.227039, 0.973429, 0.0, 0.0, 0.0, 0.0, 1.0], [0.96412, 0.030048, -0.263761, -0.0, 0.057079, 0.946872, 0.316506, 0.05, 0.259258, -0.320205, 0.911183, -0.0, 0.0, 0.0, 0.0, 1.0]]}, {"name": "Chest", "time": [0.0, 0.1, 0.2, 0.3, 0.4, 0.5, 0.6], "transform": [[0.711196, 0.028734, -0.702406, 0.0, -0.01791, 0.999581, 0.022756, 0.3, 0.702765, -0.003604, 0.711413, -0.0, 0.0, 0.0, 0.0, 1.0], [0.829849, 0.014953, -0.557787, 0.0, -0.009601, 0.999876, 0.01252, 0.3, 0.557904, -0.005034, 0.82989, -0.0, 0.0, 0.0, 0.0, 1.0], [0.981591, -0.026982, -0.189082, -0.0, 0.043134, 0.995712, 0.081837, 0.3, 0.186063, -0.088486, 0.978545, 0.0, 0.0, 0.0, 0.0, 1.0], [0.995688, -0.020598, -0.090453, 0.0, 0.020449, 0.999788, -0.002572, 0.3, 0.090487, 0.000711, 0.995897, -0.0, 0.0, 0.0, 0.0, 1.0], [0.999893, -0.005195, -0.013698, -0.0, 0.005251, 0.999978, 0.004051, 0.3, 0.013677, -0.004123, 0.999898, -0.0, 0.0, 0.0, 0.0, 1.0], [0.827904, -0.004949, -0.560849, -0.0, 0.054438, 0.995949, 0.071571, 0.3, 0.558222, -0.089785, 0.824819, -0.0, 0.0, 0.0, 0.0, 1.0], [0.711196, 0.028734, -0.702406, 0.0, -0.01791, 0.999581, 0.022756, 0.3, 0.702765, -0.003604, 0.711413, -0.0, 0.0, 0.0, 0.0, 1.0]]}, {"name": "Head", "time": [0.0, 0.1, 0.2, 0.3, 0.4, 0.5, 0.6], "transform": [[0.493867, 0.210417, 0.843695, 0.0, 0.043382, 0.963109, -0.265592, 0.4, -0.868455, 0.167768, 0.466519, 0.0, 0.0, 0.0, 0.0, 1.0], [0.681302, 0.191169, 0.706599, 0.0, 0.049565, 0.951033, -0.305091, 0.4, -0.730322, 0.242881, 0.638466, 0.0, 0.0, 0.0, 0.0, 1.0], [0.886714, 0.112268, 0.448481, 0.0, 0.03625, 0.950197, -0.309534, 0.400001, -0.460896, 0.290725, 0.838484, -0.0, 0.0, 0.0, 0.0, 1.0], [0.960338, 0.090223, 0.263838, -0.0, -0.011213, 0.957936, -0.286764, 0.4, -0.278613, 0.272432, 0.920954, 0.0, 0.0, 0.0, 0.0, 1.0], [0.982893, 0.084788, 0.163502, 0.0, -0.029749, 0.949164, -0.313373, 0.400001, -0.181761, 0.303148, 0.935449, -0.0, 0.0, 0.0, 0.0, 1.0], [0.736539, 0.163283, 0.656391, -0.0, 0.011801, 0.967176, -0.253836, 0.4, -0.676292, 0.194706, 0.710435, 0.0, 0.0, 0.0, 0.0, 1.0], [0.493867, 0.210417, 0.843695, 0.0, 0.043382, 0.963109, -0.265592, 0.4, -0.868455, 0.167768, 0.466519, 0.0, 0.0, 0.0, 0.0, 1.0]]}, {"name": "Shoulder_R", "time": [0.0, 0.1, 0.2, 0.3, 0.4, 0.5, 0.6], "transform": [[-0.016216, 0.967969, 0.250545, -0.0, 0.004339, -0.250507, 0.968105, 0.4, 0.999859, 0.016786, -0.000138, 0.0, 0.0, 0.0, 0.0, 1.0], [-0.033414, 0.965913, 0.2567, -0.0, 0.008945, -0.256544, 0.966491, 0.4, 0.999402, 0.03459, -6.8e-05, -0.0, 0.0, 0.0, 0.0, 1.0], [-1e-06, 0.965965, 0.258674, 0.0, -3e-06, -0.258674, 0.965965, 0.4, 1.0, 0.0, 3e-06, 0.0, 0.0, 0.0, 0.0, 1.0], [-0.08419, 0.962289, 0.258674, -0.0, 0.022542, -0.25769, 0.965965, 0.4, 0.996195, 0.087156, 3e-06, 0.0, 0.0, 0.0, 0.0, 1.0], [-0.08419, 0.962289, 0.258674, 0.0, 0.022542, -0.25769, 0.965965, 0.4, 0.996195, 0.087156, 3e-06, 0.0, 0.0, 0.0, 0.0, 1.0], [0.084188, 0.962289, 0.258674, -0.0, -0.022548, -0.257689, 0.965965, 0.4, 0.996195, -0.087156, 3e-06, 0.0, 0.0, 0.0, 0.0, 1.0], [-0.016216, 0.967969, 0.250545, -0.0, 0.004339, -0.250507, 0.968105, 0.4, 0.999859, 0.016786, -0.000138, 0.0, 0.0, 0.0, 0.0, 1.0]]}, {"name": "Arm_R", "time": [0.0, 0.1, 0.2, 0.3, 0.4, 0.5, 0.6], "transform": [[-0.140065, 0.192879, -0.971174, -0.0, 0.711501, 0.701724, 0.036751, 0.388213, 0.688585, -0.685843, -0.23552, 0.0, 0.0, 0.0, 0.0, 1.0], [0.002301, 0.273321, -0.96192, -0.0, 0.68325, 0.70195, 0.201087, 0.388213, 0.730181, -0.657695, -0.185131, 0.0, 0.0, 0.0, 0.0, 1.0], [0.318515, 0.234153, -0.918543, -0.0, 0.571165, 0.725944, 0.383114, 0.388213, 0.756518, -0.646667, 0.097484, 0.0, 0.0, 0.0, 0.0, 1.0], [0.406183, 0.201319, -0.891339, -0.0, 0.616634, 0.659474, 0.429949, 0.388213, 0.674373, -0.724268, 0.143727, 1e-06, 0.0, 0.0, 0.0, 1.0], [0.386375, 0.317774, -0.865872, 0.0, 0.586061, 0.640318, 0.496513, 0.388213, 0.712212, -0.699294, 0.061168, 0.0, 0.0, 0.0, 0.0, 1.0], [0.157668, 0.396194, -0.904528, -0.0, 0.642402, 0.654514, 0.398662, 0.388213, 0.749974, -0.643927, -0.15132, 0.0, 0.0, 0.0, 0.0, 1.0], [-0.140065, 0.192879, -0.971174, -0.0, 0.711501, 0.701724, 0.036751, 0.388213, 0.688585, -0.685843, -0.23552, 0.0, 0.0, 0.0, 0.0, 1.0]]}, {"name": "Hand_R", "time": [0.0, 0.1, 0.2, 0.3, 0.4, 0.5, 0.6], "transform": [[1.0, 1e-06, 0.0, -0.0, -0.0, 0.876858, -0.480749, 0.329779, -0.0, 0.480749, 0.876858, 0.0, 0.0, 0.0, 0.0, 1.0], [1.0, 1e-06, 0.0, -0.0, -0.0, 0.966059, -0.258323, 0.329779, -1e-06, 0.258323, 0.966058, -0.0, 0.0, 0.0, 0.0, 1.0], [1.0, 1e-06, 0.0, 0.0, -0.0, 0.994548, -0.104276, 0.329779, -0.0, 0.104276, 0.994548, -0.0, 0.0, 0.0, 0.0, 1.0], [1.0, 0.0, 0.0, -0.0, -0.0, 0.960835, -0.277122, 0.329779, -0.0, 0.277122, 0.960835, -0.0, 0.0, 0.0, 0.0, 1.0], [0.999758, -0.021949, -0.001372, 0.0, 0.020797, 0.963852, -0.265624, 0.329779, 0.007152, 0.265532, 0.964076, 0.0, 0.0, 0.0, 0.0, 1.0], [0.999774, -0.021218, -0.001281, -0.0, 0.019604, 0.943662, -0.330331, 0.329779, 0.008218, 0.330231, 0.943865, -0.0, 0.0, 0.0, 0.0, 1.0], [1.0, 1e-06, 0.0, -0.0, -0.0, 0.876858, -0.480749, 0.329779, -0.0, 0.480749, 0.876858, 0.0, 0.0, 0.0, 0.0, 1.0]]}, {"name": "Tool_R", "time": [0.0, 0.1, 0.2, 0.3, 0.4, 0.5, 0.6], "transform": [[1.0, 0.0, 0.0, -0.02, 0.0, -0.956305, -0.292372, 0.272299, 0.0, 0.292372, -0.956305, 0.005847, 0.0, 0.0, 0.0, 1.0], [1.0, 0.0, 0.0, -0.02, 0.0, -0.993363, -0.115021, 0.271558, 0.0, 0.115021, -0.993363, 0.002301, 0.0, 0.0, 0.0, 1.0], [1.0, 0.0, 0.0, -0.02, 0.0, -0.983163, -0.182732, 0.271598, 0.0, 0.182732, -0.983163, 0.002621, 0.0, 0.0, 0.0, 1.0], [1.0, 0.0, 0.0, -0.02, 0.0, -0.920052, -0.391796, 0.273024, 0.0, 0.391796, -0.920053, 0.007836, 0.0, 0.0, 0.0, 1.0], [1.0, 0.0, 0.0, -0.02, 0.0, -0.961332, -0.275393, 0.271937, 0.0, 0.275393, -0.961332, 0.004494, 0.0, 0.0, 0.0, 1.0], [1.0, 0.0, 0.0, -0.02, 0.0, -0.981952, -0.18913, 0.271615, 0.0, 0.18913, -0.981952, 0.00275, 0.0, 0.0, 0.0, 1.0], [1.0, 0.0, 0.0, -0.02, 0.0, -0.956305, -0.292372, 0.272299, 0.0, 0.292372, -0.956305, 0.005847, 0.0, 0.0, 0.0, 1.0]]}, {"name": "Elbow_R", "time": [0.0, 0.1, 0.2, 0.3, 0.4, 0.5, 0.6], "transform": [[-1.0, 0.0, -1e-06, -0.0, 1e-06, 0.248135, -0.968725, 0.329779, -0.0, -0.968726, -0.248135, 0.0, 0.0, 0.0, 0.0, 1.0], [-1.0, -0.0, -0.0, -0.0, 0.0, 0.130272, -0.991479, 0.329779, -0.0, -0.991479, -0.130272, -0.0, 0.0, 0.0, 0.0, 1.0], [-1.0, -0.0, -1e-06, 0.0, 1e-06, 0.052209, -0.998636, 0.329779, 0.0, -0.998636, -0.052209, -0.0, 0.0, 0.0, 0.0, 1.0], [-0.999999, -0.0, -1e-06, -0.0, 1e-06, 0.139938, -0.99016, 0.329779, 0.0, -0.99016, -0.139938, -0.0, 0.0, 0.0, 0.0, 1.0], [-1.0, 0.0, -0.0, 0.0, 0.0, 0.133977, -0.990984, 0.329779, 0.0, -0.990985, -0.133977, 0.0, 0.0, 0.0, 0.0, 1.0], [-1.0, -0.0, -1e-06, -0.0, 0.0, 0.167487, -0.985874, 0.329779, 0.0, -0.985875, -0.167487, -0.0, 0.0, 0.0, 0.0, 1.0], [-1.0, 0.0, -1e-06, -0.0, 1e-06, 0.248135, -0.968725, 0.329779, -0.0, -0.968726, -0.248135, 0.0, 0.0, 0.0, 0.0, 1.0]]}, {"name": "Shoulder_L", "time": [0.0, 0.1, 0.2, 0.3, 0.4, 0.5, 0.6], "transform": [[-0.084189, -0.962289, -0.258674, 0.0, -0.022545, -0.257689, 0.965965, 0.4, -0.996195, 0.087155, -0.0, 0.0, 0.0, 0.0, 0.0, 1.0], [-0.084189, -0.962289, -0.258673, 0.0, -0.022545, -0.257689, 0.965965, 0.4, -0.996195, 0.087155, -0.0, 0.0, 0.0, 0.0, 0.0, 1.0], [0.0, -0.965965, -0.258673, 0.0, -0.0, -0.258674, 0.965965, 0.4, -1.0, -0.0, -0.0, -0.0, 0.0, 0.0, 0.0, 1.0], [-0.100329, -0.962889, -0.250556, 0.0, -0.026867, -0.249113, 0.968102, 0.4, -0.994591, 0.103861, -0.000877, 0.0, 0.0, 0.0, 0.0, 1.0], [-0.033413, -0.965913, -0.2567, 0.0, -0.008948, -0.256544, 0.966491, 0.4, -0.999401, 0.03459, -7.1e-05, -0.0, 0.0, 0.0, 0.0, 1.0], [-0.084189, -0.962289, -0.258674, 0.0, -0.022545, -0.257689, 0.965965, 0.4, -0.996195, 0.087155, -0.0, 0.0, 0.0, 0.0, 0.0, 1.0], [-0.084189, -0.962289, -0.258674, 0.0, -0.022545, -0.257689, 0.965965, 0.4, -0.996195, 0.087155, -0.0, 0.0, 0.0, 0.0, 0.0, 1.0]]}, {"name": "Arm_L", "time": [0.0, 0.1, 0.2, 0.3, 0.4, 0.5, 0.6], "transform": [[0.084486, 0.141545, 0.98632, -0.0, -0.773112, 0.633787, -0.024731, 0.388212, -0.628617, -0.760447, 0.162976, 1e-06, 0.0, 0.0, 0.0, 1.0], [-0.109529, 0.308421, 0.944923, -0.0, -0.806342, 0.528307, -0.265904, 0.388212, -0.581219, -0.791056, 0.190828, 1e-06, 0.0, 0.0, 0.0, 1.0], [-0.139835, -0.159736, 0.977206, -0.0, -0.822102, 0.568807, -0.024661, 0.388212, -0.551902, -0.806811, -0.210858, 1e-06, 0.0, 0.0, 0.0, 1.0], [-0.31384, -0.012956, 0.949387, -0.0, -0.750202, 0.616276, -0.239585, 0.388212, -0.581981, -0.787423, -0.203132, 1e-06, 0.0, 0.0, 0.0, 1.0], [-0.341833, -0.225349, 0.912342, -0.0, -0.761645, 0.635127, -0.128493, 0.388212, -0.550497, -0.738805, -0.388743, 1e-06, 0.0, 0.0, 0.0, 1.0], [0.005711, -0.211617, 0.977336, -0.0, -0.801232, 0.583817, 0.131092, 0.388212, -0.598326, -0.783822, -0.16622, 1e-06, 0.0, 0.0, 0.0, 1.0], [0.084486, 0.141545, 0.98632, -0.0, -0.773112, 0.633787, -0.024731, 0.388212, -0.628617, -0.760447, 0.162976, 1e-06, 0.0, 0.0, 0.0, 1.0]]}, {"name": "Hand_L", "time": [0.0, 0.1, 0.2, 0.3, 0.4, 0.5, 0.6], "transform": [[0.999958, 0.009124, 0.000477, 0.0, -0.00806, 0.905515, -0.424236, 0.329779, -0.004303, 0.424215, 0.905551, 0.0, 0.0, 0.0, 0.0, 1.0], [0.999479, 0.031735, 0.00596, 0.0, -0.022988, 0.828938, -0.558868, 0.329779, -0.022677, 0.558439, 0.829235, 0.0, 0.0, 0.0, 0.0, 1.0], [1.0, 1e-06, 0.0, 0.0, -0.0, 0.695689, -0.718343, 0.329779, -1e-06, 0.718343, 0.695689, 0.0, 0.0, 0.0, 0.0, 1.0], [1.0, 0.0, -0.0, 0.0, -0.0, 0.715331, -0.698786, 0.329779, -0.0, 0.698786, 0.715331, 0.0, 0.0, 0.0, 0.0, 1.0], [0.999543, 0.030134, 0.002294, 0.0, -0.026756, 0.917667, -0.396448, 0.329779, -0.014051, 0.396206, 0.918054, 0.0, 0.0, 0.0, 0.0, 1.0], [0.99963, 0.027198, -0.000354, 0.0, -0.026119, 0.956173, -0.291636, 0.329779, -0.007593, 0.291537, 0.956529, 0.0, 0.0, 0.0, 0.0, 1.0], [0.999958, 0.009124, 0.000477, 0.0, -0.00806, 0.905515, -0.424236, 0.329779, -0.004303, 0.424215, 0.905551, 0.0, 0.0, 0.0, 0.0, 1.0]]}, {"name": "Tool_L", "time": [0.0, 0.1, 0.2, 0.3, 0.4, 0.5, 0.6], "transform": [[1.0, -0.0, 0.0, 0.02, -0.0, -1.0, -0.0, 0.291426, 0.0, -0.0, -1.0, -0.0, 0.0, 0.0, 0.0, 1.0], [1.0, -0.0, 0.0, 0.02, -0.0, -1.0, 0.0, 0.291426, 0.0, 0.0, -1.0, -0.0, 0.0, 0.0, 0.0, 1.0], [1.0, -0.0, 0.0, 0.02, -0.0, -1.0, -0.0, 0.291426, 0.0, -0.0, -1.0, -0.0, 0.0, 0.0, 0.0, 1.0], [1.0, -0.0, 0.0, 0.02, -0.0, -1.0, 0.0, 0.291426, 0.0, 0.0, -1.0, -0.0, 0.0, 0.0, 0.0, 1.0], [1.0, -0.0, 1e-06, 0.02, -0.0, -1.0, -0.0, 0.291426, 0.0, 0.0, -1.0, -0.0, 0.0, 0.0, 0.0, 1.0], [1.0, -0.0, 0.0, 0.02, -0.0, -1.0, 0.0, 0.291426, 0.0, -0.0, -1.0, 0.0, 0.0, 0.0, 0.0, 1.0], [1.0, -0.0, 0.0, 0.02, -0.0, -1.0, -0.0, 0.291426, 0.0, -0.0, -1.0, -0.0, 0.0, 0.0, 0.0, 1.0]]}, {"name": "Elbow_L", "time": [0.0, 0.1, 0.2, 0.3, 0.4, 0.5, 0.6], "transform": [[-1.0, 0.0, -0.0, 0.0, 0.0, 0.217302, -0.976104, 0.329779, -0.0, -0.976105, -0.217302, 0.0, 0.0, 0.0, 0.0, 1.0], [-1.0, 0.0, -0.0, 0.0, 0.0, 0.29202, -0.956412, 0.329779, 0.0, -0.956412, -0.29202, 0.0, 0.0, 0.0, 0.0, 1.0], [-1.0, 0.0, -0.0, 0.0, 1e-06, 0.390071, -0.920785, 0.329779, -0.0, -0.920785, -0.390071, 0.0, 0.0, 0.0, 0.0, 1.0], [-1.0, 0.0, -0.0, 0.0, 0.0, 0.377272, -0.926102, 0.329779, 0.0, -0.926102, -0.377273, 0.0, 0.0, 0.0, 0.0, 1.0], [-1.000001, 0.0, -0.0, 0.0, 0.0, 0.202305, -0.979323, 0.329779, -0.0, -0.979323, -0.202305, 0.0, 0.0, 0.0, 0.0, 1.0], [-1.0, 0.0, -0.0, 0.0, 1e-06, 0.147382, -0.989079, 0.329779, 0.0, -0.98908, -0.147382, 0.0, 0.0, 0.0, 0.0, 1.0], [-1.0, 0.0, -0.0, 0.0, 0.0, 0.217302, -0.976104, 0.329779, -0.0, -0.976105, -0.217302, 0.0, 0.0, 0.0, 0.0, 1.0]]}]}