{"animation": [{"name": "Root", "time": [0.0, 1.6667, 3.3167], "transform": [[1.0, 0.0, 0.0, -5e-06, 0.0, 0.0, -1.0, 0.000946, 0.0, 1.0, 0.0, 0.763972, 0.0, 0.0, 0.0, 1.0], [1.0, 0.0, 0.0, -5e-06, 0.0, 0.0, -1.0, 0.000946, 0.0, 1.0, 0.0, 0.728806, 0.0, 0.0, 0.0, 1.0], [1.0, 0.0, 0.0, -5e-06, 0.0, 0.0, -1.0, 0.000946, 0.0, 1.0, 0.0, 0.763972, 0.0, 0.0, 0.0, 1.0]]}, {"name": "Thigh_R", "time": [0.0, 3.3167], "transform": [[0.831546, 0.297649, 0.468974, 0.124994, 0.181531, -0.943567, 0.276992, -0.002831, 0.524955, -0.145198, -0.838654, -1.2e-05, 0.0, 0.0, 0.0, 1.0], [0.831546, 0.297649, 0.468974, 0.124994, 0.181531, -0.943567, 0.276992, -0.002831, 0.524955, -0.145198, -0.838654, -1.2e-05, 0.0, 0.0, 0.0, 1.0]]}, {"name": "Leg_R", "time": [0.0, 3.3167], "transform": [[1.0, -0.0, 1e-06, 0.0, -0.0, 0.941841, 0.336065, 0.374726, -1e-06, -0.336066, 0.941836, 0.0, 0.0, 0.0, 0.0, 1.0], [1.0, -0.0, 1e-06, 0.0, -0.0, 0.941841, 0.336065, 0.374726, -1e-06, -0.336066, 0.941836, 0.0, 0.0, 0.0, 0.0, 1.0]]}, {"name": "Knee_R", "time": [0.0, 3.3167], "transform": [[1.0, 0.0, -0.0, 0.0, -0.0, 0.00567, -0.999984, 0.374726, -0.0, 0.999984, 0.00567, -0.0, 0.0, 0.0, 0.0, 1.0], [1.0, 0.0, -0.0, 0.0, -0.0, 0.00567, -0.999984, 0.374726, -0.0, 0.999984, 0.00567, -0.0, 0.0, 0.0, 0.0, 1.0]]}, {"name": "Thigh_L", "time": [0.0, 3.3167], "transform": [[0.968443, -0.139799, -0.206334, -0.125006, -0.101003, -0.976985, 0.187879, -0.002831, -0.227851, -0.16111, -0.960275, -1.2e-05, 0.0, 0.0, 0.0, 1.0], [0.968443, -0.139799, -0.206334, -0.125006, -0.101003, -0.976985, 0.187879, -0.002831, -0.227851, -0.16111, -0.960275, -1.2e-05, 0.0, 0.0, 0.0, 1.0]]}, {"name": "Leg_L", "time": [0.0, 3.3167], "transform": [[1.0, -0.0, 1e-06, 0.0, -0.0, 0.98032, 0.197415, 0.374726, -1e-06, -0.197415, 0.98032, -0.0, 0.0, 0.0, 0.0, 1.0], [1.0, -0.0, 1e-06, 0.0, -0.0, 0.98032, 0.197415, 0.374726, -1e-06, -0.197415, 0.98032, -0.0, 0.0, 0.0, 0.0, 1.0]]}, {"name": "Knee_L", "time": [0.0, 3.3167], "transform": [[1.0, 0.0, -0.0, 0.0, -0.0, 0.00567, -0.999984, 0.374726, -0.0, 0.999984, 0.00567, -0.0, 0.0, 0.0, 0.0, 1.0], [1.0, 0.0, -0.0, 0.0, -0.0, 0.00567, -0.999984, 0.374726, -0.0, 0.999984, 0.00567, -0.0, 0.0, 0.0, 0.0, 1.0]]}, {"name": "Torso", "time": [0.0, 3.3167], "transform": [[0.838028, 0.0, -0.545628, 0.0, -0.088856, 0.986651, -0.136473, 0.05, 0.538344, 0.16285, 0.826841, 0.0, 0.0, 0.0, 0.0, 1.0], [0.838028, 0.0, -0.545628, 0.0, -0.088856, 0.986651, -0.136473, 0.05, 0.538344, 0.16285, 0.826841, 0.0, 0.0, 0.0, 0.0, 1.0]]}, {"name": "Chest", "time": [0.0, 1.6667, 3.3167], "transform": [[0.969013, -0.224085, -0.103917, 0.0, 0.240076, 0.953386, 0.182809, 0.3, 0.058108, -0.202093, 0.977641, -0.0, 0.0, 0.0, 0.0, 1.0], [0.956406, -0.268791, -0.114187, 0.0, 0.289458, 0.92436, 0.248539, 0.3, 0.038744, -0.270757, 0.961868, 0.0, 0.0, 0.0, 0.0, 1.0], [0.969013, -0.224085, -0.103917, 0.0, 0.240076, 0.953386, 0.182809, 0.3, 0.058108, -0.202093, 0.977641, -0.0, 0.0, 0.0, 0.0, 1.0]]}, {"name": "Head", "time": [0.0, 3.3167], "transform": [[0.933635, -0.068687, 0.35158, -0.0, 0.012589, 0.98713, 0.159422, 0.4, -0.358005, -0.144416, 0.922484, 0.0, 0.0, 0.0, 0.0, 1.0], [0.933635, -0.068687, 0.35158, -0.0, 0.012589, 0.98713, 0.159422, 0.4, -0.358005, -0.144416, 0.922484, 0.0, 0.0, 0.0, 0.0, 1.0]]}, {"name": "Shoulder_R", "time": [0.0, 3.3167], "transform": [[0.0, 0.952114, 0.305743, -0.0, 0.0, -0.305743, 0.952114, 0.4, 1.0, 0.0, -0.0, 0.0, 0.0, 0.0, 0.0, 1.0], [0.0, 0.952114, 0.305743, -0.0, 0.0, -0.305743, 0.952114, 0.4, 1.0, 0.0, -0.0, 0.0, 0.0, 0.0, 0.0, 1.0]]}, {"name": "Arm_R", "time": [0.0, 3.3167], "transform": [[0.06951, -0.789008, -0.610439, 0.0, 0.947997, 0.242764, -0.205831, 0.39386, 0.310595, -0.564387, 0.764852, -0.0, 0.0, 0.0, 0.0, 1.0], [0.06951, -0.789008, -0.610439, 0.0, 0.947997, 0.242764, -0.205831, 0.39386, 0.310595, -0.564387, 0.764852, -0.0, 0.0, 0.0, 0.0, 1.0]]}, {"name": "Hand_R", "time": [0.0, 3.3167], "transform": [[1.0, -3e-06, 2e-06, -0.0, 3e-06, 0.434925, -0.900467, 0.300003, 2e-06, 0.900467, 0.434925, -0.0, 0.0, 0.0, 0.0, 1.0], [1.0, -3e-06, 2e-06, -0.0, 3e-06, 0.434925, -0.900467, 0.300003, 2e-06, 0.900467, 0.434925, -0.0, 0.0, 0.0, 0.0, 1.0]]}, {"name": "Tool_R", "time": [0.0, 3.3167], "transform": [[0.964916, -0.067993, -0.253603, -0.0292, -0.061201, -0.997526, 0.034587, 0.260667, -0.255327, -0.017853, -0.96669, 0.025719, 0.0, 0.0, 0.0, 1.0], [0.964916, -0.067993, -0.253603, -0.0292, -0.061201, -0.997526, 0.034587, 0.260667, -0.255327, -0.017853, -0.96669, 0.025719, 0.0, 0.0, 0.0, 1.0]]}, {"name": "Elbow_R", "time": [0.0, 3.3167], "transform": [[-1.0, 0.0, 0.0, -0.0, 0.0, 0.003946, -0.999992, 0.404232, -0.0, -0.999992, -0.003946, -0.000841, 0.0, 0.0, 0.0, 1.0], [-1.0, 0.0, 0.0, -0.0, 0.0, 0.003946, -0.999992, 0.404232, -0.0, -0.999992, -0.003946, -0.000841, 0.0, 0.0, 0.0, 1.0]]}, {"name": "Shoulder_L", "time": [0.0, 3.3167], "transform": [[-0.0, -0.952114, -0.305743, -0.0, 0.0, -0.305743, 0.952114, 0.4, -1.0, -0.0, 0.0, 0.0, 0.0, 0.0, 0.0, 1.0], [-0.0, -0.952114, -0.305743, -0.0, 0.0, -0.305743, 0.952114, 0.4, -1.0, -0.0, 0.0, 0.0, 0.0, 0.0, 0.0, 1.0]]}, {"name": "Arm_L", "time": [0.0, 3.3167], "transform": [[0.785752, -0.441118, 0.433598, -0.0, -0.291418, 0.354315, 0.888558, 0.39386, -0.54559, -0.824545, 0.149854, 0.0, 0.0, 0.0, 0.0, 1.0], [0.785752, -0.441118, 0.433598, -0.0, -0.291418, 0.354315, 0.888558, 0.39386, -0.54559, -0.824545, 0.149854, 0.0, 0.0, 0.0, 0.0, 1.0]]}, {"name": "Hand_L", "time": [0.0, 3.3167], "transform": [[1.0, 0.0, 0.0, 0.0, 0.0, 0.922497, -0.386004, 0.300003, 0.0, 0.386004, 0.922497, 0.0, 0.0, 0.0, 0.0, 1.0], [1.0, 0.0, 0.0, 0.0, 0.0, 0.922497, -0.386004, 0.300003, 0.0, 0.386004, 0.922497, 0.0, 0.0, 0.0, 0.0, 1.0]]}, {"name": "Tool_L", "time": [0.0, 3.3167], "transform": [[0.92855, -0.357867, 0.098623, 0.023614, -0.242618, -0.786161, -0.568408, 0.264216, 0.280948, 0.503867, -0.816815, -0.026606, 0.0, 0.0, 0.0, 1.0], [0.92855, -0.357867, 0.098623, 0.023614, -0.242618, -0.786161, -0.568408, 0.264216, 0.280948, 0.503867, -0.816815, -0.026606, 0.0, 0.0, 0.0, 1.0]]}, {"name": "Elbow_L", "time": [0.0, 3.3167], "transform": [[-1.0, 0.0, -0.0, 0.0, 0.0, 0.003946, -0.999992, 0.336335, -0.0, -0.999992, -0.003946, -0.001109, 0.0, 0.0, 0.0, 1.0], [-1.0, 0.0, -0.0, 0.0, 0.0, 0.003946, -0.999992, 0.336335, -0.0, -0.999992, -0.003946, -0.001109, 0.0, 0.0, 0.0, 1.0]]}]}