{

    "animation": [
        {
            "name": "Root",
            "time": [0.0, 0.0167, 0.0333, 0.05, 0.0667, 0.0833, 0.1, 0.1167, 0.1333, 0.15, 0.1667, 0.1833, 0.2, 0.2167, 0.2333, 0.25, 0.2667, 0.2833, 0.3, 0.3167, 0.3333, 0.35, 0.3667, 0.3833, 0.4, 0.4167, 0.4333, 0.45, 0.4667, 0.4833, 0.5, 0.5167, 0.5333, 0.55, 0.5667, 0.5833, 0.6, 0.6167, 0.6333, 0.65, 0.6667, 0.6833, 0.7, 0.7167, 0.7333, 0.75, 0.7667, 0.7833, 0.8],
            "transform": [
                [0.984808, 0.0, -0.173648, -5e-06, -0.17101, 0.173648, -0.969846, 0.000946, 0.030154, 0.984808, 0.17101, 0.723972, 0.0, 0.0, 0.0, 1.0],
                [0.984808, 0.0, -0.173648, -5e-06, -0.17101, 0.173648, -0.969846, 0.000946, 0.030154, 0.984808, 0.17101, 0.705222, 0.0, 0.0, 0.0, 1.0],
                [0.984808, 0.0, -0.173648, -5e-06, -0.17101, 0.173648, -0.969846, 0.000946, 0.030154, 0.984808, 0.17101, 0.686472, 0.0, 0.0, 0.0, 1.0],
                [0.984808, 0.0, -0.173648, -5e-06, -0.17101, 0.173648, -0.969846, 0.000946, 0.030154, 0.984808, 0.17101, 0.667722, 0.0, 0.0, 0.0, 1.0],
                [0.984808, 0.0, -0.173648, -5e-06, -0.17101, 0.173648, -0.969846, 0.000946, 0.030154, 0.984808, 0.17101, 0.648972, 0.0, 0.0, 0.0, 1.0],
                [0.984808, 0.0, -0.173648, -5e-06, -0.17101, 0.173648, -0.969846, 0.000946, 0.030154, 0.984808, 0.17101, 0.630222, 0.0, 0.0, 0.0, 1.0],
                [0.984808, 0.0, -0.173648, -5e-06, -0.17101, 0.173648, -0.969846, 0.000946, 0.030154, 0.984808, 0.17101, 0.611472, 0.0, 0.0, 0.0, 1.0],
                [0.984808, 0.0, -0.173648, -5e-06, -0.17101, 0.173648, -0.969846, 0.000946, 0.030154, 0.984808, 0.17101, 0.592722, 0.0, 0.0, 0.0, 1.0],
                [0.984808, 0.0, -0.173648, -5e-06, -0.17101, 0.173648, -0.969846, 0.000946, 0.030154, 0.984808, 0.17101, 0.573972, 0.0, 0.0, 0.0, 1.0],
                [0.984808, 0.0, -0.173648, -5e-06, -0.17101, 0.173648, -0.969846, 0.000946, 0.030154, 0.984808, 0.17101, 0.580222, 0.0, 0.0, 0.0, 1.0],
                [0.984808, 0.0, -0.173648, -5e-06, -0.17101, 0.173648, -0.969846, 0.000946, 0.030154, 0.984808, 0.17101, 0.586472, 0.0, 0.0, 0.0, 1.0],
                [0.984808, 0.0, -0.173648, -5e-06, -0.17101, 0.173648, -0.969846, 0.000946, 0.030154, 0.984808, 0.17101, 0.592722, 0.0, 0.0, 0.0, 1.0],
                [0.984808, 0.0, -0.173648, -5e-06, -0.17101, 0.173648, -0.969846, 0.000946, 0.030154, 0.984808, 0.17101, 0.598972, 0.0, 0.0, 0.0, 1.0],
                [0.984808, 0.0, -0.173648, -5e-06, -0.17101, 0.173648, -0.969846, 0.000946, 0.030154, 0.984808, 0.17101, 0.605222, 0.0, 0.0, 0.0, 1.0],
                [0.984808, 0.0, -0.173648, -5e-06, -0.17101, 0.173648, -0.969846, 0.000946, 0.030154, 0.984808, 0.17101, 0.611472, 0.0, 0.0, 0.0, 1.0],
                [0.984808, 0.0, -0.173648, -5e-06, -0.17101, 0.173648, -0.969846, 0.000946, 0.030154, 0.984808, 0.17101, 0.617722, 0.0, 0.0, 0.0, 1.0],
                [0.984808, 0.0, -0.173648, -5e-06, -0.17101, 0.173648, -0.969846, 0.000946, 0.030154, 0.984808, 0.17101, 0.623972, 0.0, 0.0, 0.0, 1.0],
                [0.986591, -0.001744, -0.163201, -5e-06, -0.160421, 0.173714, -0.971642, 0.000946, 0.030045, 0.984795, 0.171105, 0.636472, 0.0, 0.0, 0.0, 1.0],
                [0.988261, -0.003489, -0.152734, -5e-06, -0.149812, 0.173761, -0.973326, 0.000946, 0.029935, 0.984782, 0.171198, 0.648972, 0.0, 0.0, 0.0, 1.0],
                [0.989817, -0.005235, -0.142247, -5e-06, -0.139184, 0.173789, -0.974898, 0.000946, 0.029824, 0.984769, 0.171291, 0.661472, 0.0, 0.0, 0.0, 1.0],
                [0.991259, -0.006981, -0.131744, -5e-06, -0.12854, 0.173798, -0.976356, 0.000946, 0.029713, 0.984757, 0.171382, 0.673972, 0.0, 0.0, 0.0, 1.0],
                [0.992587, -0.008727, -0.121226, -5e-06, -0.11788, 0.173789, -0.977702, 0.000946, 0.0296, 0.984744, 0.171472, 0.686472, 0.0, 0.0, 0.0, 1.0],
                [0.993799, -0.010472, -0.110695, -5e-06, -0.107208, 0.173761, -0.978935, 0.000946, 0.029486, 0.984732, 0.17156, 0.698972, 0.0, 0.0, 0.0, 1.0],
                [0.994897, -0.012217, -0.100152, -5e-06, -0.096524, 0.173714, -0.980054, 0.000946, 0.029371, 0.98472, 0.171648, 0.711472, 0.0, 0.0, 0.0, 1.0],
                [0.99588, -0.013962, -0.089599, -5e-06, -0.085832, 0.173648, -0.98106, 0.000946, 0.029256, 0.984709, 0.171734, 0.723972, 0.0, 0.0, 0.0, 1.0],
                [0.99593, -0.012216, -0.089295, -5e-06, -0.085832, 0.173648, -0.98106, 0.000946, 0.027491, 0.984732, 0.171893, 0.707722, 0.0, 0.0, 0.0, 1.0],
                [0.995977, -0.010471, -0.08899, -5e-06, -0.085832, 0.173648, -0.98106, 0.000946, 0.025726, 0.984752, 0.172051, 0.691472, 0.0, 0.0, 0.0, 1.0],
                [0.996022, -0.008726, -0.088685, -5e-06, -0.085832, 0.173648, -0.98106, 0.000946, 0.023961, 0.984769, 0.172208, 0.675222, 0.0, 0.0, 0.0, 1.0],
                [0.996062, -0.006981, -0.08838, -5e-06, -0.085832, 0.173648, -0.98106, 0.000946, 0.022196, 0.984783, 0.172365, 0.658972, 0.0, 0.0, 0.0, 1.0],
                [0.9961, -0.005236, -0.088074, -5e-06, -0.085832, 0.173648, -0.98106, 0.000946, 0.02043, 0.984794, 0.172522, 0.642722, 0.0, 0.0, 0.0, 1.0],
                [0.996135, -0.00349, -0.087768, -5e-06, -0.085832, 0.173648, -0.98106, 0.000946, 0.018665, 0.984802, 0.172677, 0.626472, 0.0, 0.0, 0.0, 1.0],
                [0.996166, -0.001745, -0.087462, -5e-06, -0.085832, 0.173648, -0.98106, 0.000946, 0.0169, 0.984806, 0.172833, 0.610222, 0.0, 0.0, 0.0, 1.0],
                [0.996195, -0.0, -0.087156, -5e-06, -0.085832, 0.173648, -0.98106, 0.000946, 0.015134, 0.984808, 0.172987, 0.593972, 0.0, 0.0, 0.0, 1.0],
                [0.995185, -0.0, -0.098015, -5e-06, -0.096526, 0.173648, -0.980066, 0.000946, 0.01702, 0.984808, 0.172812, 0.597722, 0.0, 0.0, 0.0, 1.0],
                [0.994057, -0.0, -0.108864, -5e-06, -0.10721, 0.173648, -0.978955, 0.000946, 0.018904, 0.984808, 0.172616, 0.601472, 0.0, 0.0, 0.0, 1.0],
                [0.99281, 0.0, -0.119702, -5e-06, -0.117883, 0.173648, -0.977727, 0.000946, 0.020786, 0.984808, 0.1724, 0.605222, 0.0, 0.0, 0.0, 1.0],
                [0.991445, 0.0, -0.130526, -5e-06, -0.128543, 0.173648, -0.976383, 0.000946, 0.022666, 0.984808, 0.172163, 0.608972, 0.0, 0.0, 0.0, 1.0],
                [0.989962, 0.0, -0.141335, -5e-06, -0.139188, 0.173648, -0.974922, 0.000946, 0.024543, 0.984808, 0.171905, 0.612722, 0.0, 0.0, 0.0, 1.0],
                [0.988361, 0.0, -0.152126, -5e-06, -0.149815, 0.173648, -0.973346, 0.000946, 0.026416, 0.984808, 0.171627, 0.616472, 0.0, 0.0, 0.0, 1.0],
                [0.986643, -0.0, -0.162898, -5e-06, -0.160423, 0.173648, -0.971654, 0.000946, 0.028287, 0.984808, 0.171329, 0.620222, 0.0, 0.0, 0.0, 1.0],
                [0.984808, 0.0, -0.173648, -5e-06, -0.17101, 0.173648, -0.969846, 0.000946, 0.030154, 0.984808, 0.17101, 0.623972, 0.0, 0.0, 0.0, 1.0],
                [0.984808, 0.0, -0.173648, -5e-06, -0.17101, 0.173648, -0.969846, 0.000946, 0.030154, 0.984808, 0.17101, 0.636472, 0.0, 0.0, 0.0, 1.0],
                [0.984808, 0.0, -0.173648, -5e-06, -0.17101, 0.173648, -0.969846, 0.000946, 0.030154, 0.984808, 0.17101, 0.648972, 0.0, 0.0, 0.0, 1.0],
                [0.984808, 0.0, -0.173648, -5e-06, -0.17101, 0.173648, -0.969846, 0.000946, 0.030154, 0.984808, 0.17101, 0.661472, 0.0, 0.0, 0.0, 1.0],
                [0.984808, 0.0, -0.173648, -5e-06, -0.17101, 0.173648, -0.969846, 0.000946, 0.030154, 0.984808, 0.17101, 0.673972, 0.0, 0.0, 0.0, 1.0],
                [0.984808, 0.0, -0.173648, -5e-06, -0.17101, 0.173648, -0.969846, 0.000946, 0.030154, 0.984808, 0.17101, 0.686472, 0.0, 0.0, 0.0, 1.0],
                [0.984808, 0.0, -0.173648, -5e-06, -0.17101, 0.173648, -0.969846, 0.000946, 0.030154, 0.984808, 0.17101, 0.698972, 0.0, 0.0, 0.0, 1.0],
                [0.984808, 0.0, -0.173648, -5e-06, -0.17101, 0.173648, -0.969846, 0.000946, 0.030154, 0.984808, 0.17101, 0.711472, 0.0, 0.0, 0.0, 1.0],
                [0.984808, 0.0, -0.173648, -5e-06, -0.17101, 0.173648, -0.969846, 0.000946, 0.030154, 0.984808, 0.17101, 0.723972, 0.0, 0.0, 0.0, 1.0]
            ]
        },
        {
            "name": "Thigh_R",
            "time": [0.0, 0.1333, 0.2667, 0.4, 0.5333, 0.6667, 0.8],
            "transform": [
                [0.999219, 0.022064, -0.032773, 0.124994, 0.039131, -0.667055, 0.74398, -0.002831, -0.005446, -0.744681, -0.667398, -1.2e-05, 0.0, 0.0, 0.0, 1.0],
                [0.999842, 0.006426, 0.016552, 0.124994, -0.012028, -0.440596, 0.897625, -0.002831, 0.013061, -0.897683, -0.44045, -1.2e-05, 0.0, 0.0, 0.0, 1.0],
                [0.999796, -0.001567, -0.020073, 0.124994, 0.015095, -0.601416, 0.798794, -0.002831, -0.013324, -0.798935, -0.601271, -1.2e-05, 0.0, 0.0, 0.0, 1.0],
                [0.999076, 0.042162, 0.008261, 0.124994, 0.040112, -0.984237, 0.172235, -0.002831, 0.015392, -0.171744, -0.985022, -1.2e-05, 0.0, 0.0, 0.0, 1.0],
                [0.994434, 0.097028, 0.041015, 0.124994, 0.099692, -0.99263, -0.068851, -0.002831, 0.034032, 0.072556, -0.996784, -1.2e-05, 0.0, 0.0, 0.0, 1.0],
                [0.995909, 0.06624, -0.061454, 0.124994, 0.084135, -0.927834, 0.363377, -0.002831, -0.032949, -0.367061, -0.929613, -1.2e-05, 0.0, 0.0, 0.0, 1.0],
                [0.999219, 0.022064, -0.032773, 0.124994, 0.039131, -0.667055, 0.74398, -0.002831, -0.005446, -0.744681, -0.667398, -1.2e-05, 0.0, 0.0, 0.0, 1.0]
            ]
        },
        {
            "name": "Leg_R",
            "time": [0.0, 0.1333, 0.2667, 0.4, 0.5333, 0.6667, 0.8],
            "transform": [
                [0.999348, -0.031343, -0.017901, -0.0, 0.024881, 0.2389, 0.970726, 0.37472, -0.026149, -0.970538, 0.239524, 0.0, 0.0, 0.0, 0.0, 1.0],
                [0.999437, -0.025181, -0.022169, 0.0, 0.033, 0.618819, 0.784841, 0.37472, -0.006045, -0.785129, 0.619302, 0.0, 0.0, 0.0, 0.0, 1.0],
                [0.999661, -0.019712, -0.017029, -0.0, 0.025921, 0.688042, 0.725207, 0.37472, -0.002579, -0.725403, 0.68832, -0.0, 0.0, 0.0, 0.0, 1.0],
                [0.999651, -0.011969, -0.023574, 0.0, 0.017448, 0.968573, 0.248117, 0.37472, 0.019863, -0.248442, 0.968442, 0.0, 0.0, 0.0, 0.0, 1.0],
                [0.998557, 0.012316, -0.052254, 0.0, 0.017429, 0.846238, 0.532518, 0.37472, 0.050778, -0.532657, 0.844809, 0.0, 0.0, 0.0, 0.0, 1.0],
                [0.99974, 0.005179, -0.022223, -0.0, 0.01745, 0.454027, 0.890817, 0.37472, 0.014703, -0.890972, 0.453819, -0.0, 0.0, 0.0, 0.0, 1.0],
                [0.999348, -0.031343, -0.017901, -0.0, 0.024881, 0.2389, 0.970726, 0.37472, -0.026149, -0.970538, 0.239524, 0.0, 0.0, 0.0, 0.0, 1.0]
            ]
        },
        {
            "name": "Knee_R",
            "time": [0.0, 0.1333, 0.2667, 0.4, 0.5333, 0.6667, 0.8],
            "transform": [
                [1.0, 0.0, -1e-06, -0.0, -1e-06, 0.0, -1.0, 0.37472, -0.0, 1.0, 0.0, 0.0, 0.0, 0.0, 0.0, 1.0],
                [1.0, 0.0, -1e-06, 0.0, -1e-06, 0.0, -1.0, 0.37472, -0.0, 1.0, 0.0, 0.0, 0.0, 0.0, 0.0, 1.0],
                [1.0, 0.0, -1e-06, -0.0, -1e-06, 0.0, -1.0, 0.37472, -0.0, 1.0, 0.0, -0.0, 0.0, 0.0, 0.0, 1.0],
                [1.0, 0.0, -1e-06, 0.0, -1e-06, 0.0, -1.0, 0.37472, -0.0, 1.0, 0.0, 0.0, 0.0, 0.0, 0.0, 1.0],
                [1.0, 0.0, -1e-06, 0.0, -1e-06, 0.0, -1.0, 0.37472, -0.0, 1.0, 0.0, 0.0, 0.0, 0.0, 0.0, 1.0],
                [1.0, 0.0, -1e-06, -0.0, -1e-06, 0.0, -1.0, 0.37472, -0.0, 1.0, 0.0, -0.0, 0.0, 0.0, 0.0, 1.0],
                [1.0, 0.0, -1e-06, -0.0, -1e-06, 0.0, -1.0, 0.37472, -0.0, 1.0, 0.0, 0.0, 0.0, 0.0, 0.0, 1.0]
            ]
        },
        {
            "name": "Thigh_L",
            "time": [0.0, 0.1333, 0.2667, 0.4, 0.5333, 0.6667, 0.8],
            "transform": [
                [0.996658, -0.060845, -0.054504, -0.125006, -0.04703, -0.972955, 0.226149, -0.002831, -0.06679, -0.222829, -0.972567, -1.2e-05, 0.0, 0.0, 0.0, 1.0],
                [0.998157, -0.003862, -0.060567, -0.125006, -0.011526, -0.991873, -0.126701, -0.002831, -0.059585, 0.127165, -0.990091, -1.2e-05, 0.0, 0.0, 0.0, 1.0],
                [0.996866, -0.064118, -0.046345, -0.125006, -0.040635, -0.91759, 0.395444, -0.002831, -0.067881, -0.392321, -0.91732, -1.2e-05, 0.0, 0.0, 0.0, 1.0],
                [0.999336, -0.036322, 0.002807, -0.125006, -0.028233, -0.723468, 0.689781, -0.002831, -0.023024, -0.689402, -0.724013, -1.2e-05, 0.0, 0.0, 0.0, 1.0],
                [0.999867, -0.015497, 0.004941, -0.125006, -0.011308, -0.443963, 0.895974, -0.002831, -0.011691, -0.895911, -0.444079, -1.2e-05, 0.0, 0.0, 0.0, 1.0],
                [0.996762, -0.077197, 0.02254, -0.125006, -0.064613, -0.601877, 0.795971, -0.002831, -0.04788, -0.794849, -0.604916, -1.2e-05, 0.0, 0.0, 0.0, 1.0],
                [0.996658, -0.060845, -0.054504, -0.125006, -0.04703, -0.972955, 0.226149, -0.002831, -0.06679, -0.222829, -0.972567, -1.2e-05, 0.0, 0.0, 0.0, 1.0]
            ]
        },
        {
            "name": "Leg_L",
            "time": [0.0, 0.1333, 0.2667, 0.4, 0.5333, 0.6667, 0.8],
            "transform": [
                [0.999502, 0.015842, 0.027315, -0.0, -0.0266, 0.888575, 0.457961, 0.37472, -0.017016, -0.45846, 0.888552, 0.0, 0.0, 0.0, 0.0, 1.0],
                [0.999567, 0.002507, 0.02935, 0.0, -0.017447, 0.853182, 0.52132, 0.37472, -0.023734, -0.521603, 0.85286, 0.0, 0.0, 0.0, 0.0, 1.0],
                [0.999836, 0.006196, 0.017005, 0.0, -0.018083, 0.379951, 0.92483, 0.37472, -0.000731, -0.924986, 0.380001, -0.0, 0.0, 0.0, 0.0, 1.0],
                [0.999837, -0.001608, 0.017985, 0.0, -0.017452, 0.169586, 0.985361, 0.37472, -0.004634, -0.985515, 0.16953, -0.0, 0.0, 0.0, 0.0, 1.0],
                [0.999663, -0.005875, 0.025278, -0.0, -0.017449, 0.568855, 0.822252, 0.37472, -0.01921, -0.822416, 0.568561, -0.0, 0.0, 0.0, 0.0, 1.0],
                [0.998919, 0.039086, 0.025144, 0.0, -0.044535, 0.650399, 0.758285, 0.37472, 0.013285, -0.758586, 0.651437, -0.0, 0.0, 0.0, 0.0, 1.0],
                [0.999502, 0.015842, 0.027315, -0.0, -0.0266, 0.888575, 0.457961, 0.37472, -0.017016, -0.45846, 0.888552, 0.0, 0.0, 0.0, 0.0, 1.0]
            ]
        },
        {
            "name": "Knee_L",
            "time": [0.0, 0.1333, 0.2667, 0.4, 0.5333, 0.6667, 0.8],
            "transform": [
                [1.0, -0.0, 0.0, -0.0, 0.0, 0.0, -1.0, 0.37472, 0.0, 1.0, 0.0, 0.0, 0.0, 0.0, 0.0, 1.0],
                [1.0, -0.0, 0.0, 0.0, 0.0, 0.0, -1.0, 0.37472, 0.0, 1.0, 0.0, 0.0, 0.0, 0.0, 0.0, 1.0],
                [1.0, -0.0, 0.0, 0.0, 0.0, 0.0, -1.0, 0.37472, 0.0, 1.0, 0.0, -0.0, 0.0, 0.0, 0.0, 1.0],
                [1.0, -0.0, 0.0, 0.0, 0.0, 0.0, -1.0, 0.37472, 0.0, 1.0, 0.0, -0.0, 0.0, 0.0, 0.0, 1.0],
                [1.0, -0.0, 0.0, -0.0, 0.0, 0.0, -1.0, 0.37472, 0.0, 1.0, 0.0, -0.0, 0.0, 0.0, 0.0, 1.0],
                [1.0, -0.0, 0.0, 0.0, 0.0, 0.0, -1.0, 0.37472, 0.0, 1.0, 0.0, -0.0, 0.0, 0.0, 0.0, 1.0],
                [1.0, -0.0, 0.0, -0.0, 0.0, 0.0, -1.0, 0.37472, 0.0, 1.0, 0.0, 0.0, 0.0, 0.0, 0.0, 1.0]
            ]
        },
        {
            "name": "Torso",
            "time": [0.0, 0.1333, 0.2667, 0.4, 0.5333, 0.6667, 0.8],
            "transform": [
                [0.999825, 0.018722, 5e-05, -0.0, -0.018722, 0.999821, 0.002659, 0.05, -0.0, -0.002659, 0.999997, -0.0, 0.0, 0.0, 0.0, 1.0],
                [0.999545, 0.030154, 8.1e-05, 0.0, -0.030154, 0.999542, 0.002676, 0.05, -0.0, -0.002678, 0.999996, 0.0, 0.0, 0.0, 0.0, 1.0],
                [0.999251, 0.038696, 0.000105, 0.0, -0.038696, 0.999247, 0.002704, 0.05, -0.0, -0.002706, 0.999996, 0.0, 0.0, 0.0, 0.0, 1.0],
                [0.99883, 0.048368, 0.000135, 0.0, -0.048368, 0.998826, 0.002791, 0.05, -0.0, -0.002794, 0.999996, 0.0, 0.0, 0.0, 0.0, 1.0],
                [0.999388, 0.034973, 9e-05, 0.0, -0.034973, 0.999385, 0.002586, 0.05, 0.0, -0.002587, 0.999997, 0.0, 0.0, 0.0, 0.0, 1.0],
                [0.999767, 0.021609, 5.8e-05, 0.0, -0.021609, 0.999763, 0.002661, 0.05, 0.0, -0.002662, 0.999996, 0.0, 0.0, 0.0, 0.0, 1.0],
                [0.999825, 0.018722, 5e-05, -0.0, -0.018722, 0.999821, 0.002659, 0.05, -0.0, -0.002659, 0.999997, -0.0, 0.0, 0.0, 0.0, 1.0]
            ]
        },
        {
            "name": "Chest",
            "time": [0.0, 0.1333, 0.2667, 0.4, 0.5333, 0.6667, 0.8],
            "transform": [
                [0.816909, -0.030156, -0.575978, 0.0, 0.073287, 0.995965, 0.051798, 0.3, 0.572091, -0.084526, 0.815823, 0.0, 0.0, 0.0, 0.0, 1.0],
                [0.865414, -0.003487, -0.501046, 0.0, 0.044871, 0.996497, 0.070568, 0.3, 0.499045, -0.083553, 0.862539, 0.0, 0.0, 0.0, 0.0, 1.0],
                [0.921294, -0.009856, -0.388742, 0.0, 0.042561, 0.996229, 0.075608, 0.3, 0.386531, -0.086203, 0.918239, -0.0, 0.0, 0.0, 0.0, 1.0],
                [0.938003, -0.014613, -0.346319, -0.0, 0.043624, 0.996144, 0.076122, 0.3, 0.343871, -0.08651, 0.935023, 0.0, 0.0, 0.0, 0.0, 1.0],
                [0.963375, -0.041289, -0.264961, 0.0, 0.062383, 0.995474, 0.071695, 0.3, 0.260801, -0.085599, 0.96159, 0.0, 0.0, 0.0, 0.0, 1.0],
                [0.861923, -0.033323, -0.505942, 0.0, 0.071557, 0.995845, 0.056314, 0.3, 0.501964, -0.084742, 0.860727, 0.0, 0.0, 0.0, 0.0, 1.0],
                [0.816909, -0.030156, -0.575978, 0.0, 0.073287, 0.995965, 0.051798, 0.3, 0.572091, -0.084526, 0.815823, 0.0, 0.0, 0.0, 0.0, 1.0]
            ]
        },
        {
            "name": "Head",
            "time": [0.0, 0.1333, 0.2667, 0.4, 0.5333, 0.6667, 0.8],
            "transform": [
                [0.804056, 0.016853, 0.594315, 0.0, -0.012075, 0.999855, -0.012016, 0.4, -0.594431, 0.002485, 0.804143, 0.0, 0.0, 0.0, 0.0, 1.0],
                [0.829036, -0.013438, 0.559034, 0.0, 0.019119, 0.999808, -0.004319, 0.4, -0.558869, 0.014269, 0.829134, 0.0, 0.0, 0.0, 0.0, 1.0],
                [0.886958, -0.016454, 0.461556, 0.0, 0.017047, 0.99985, 0.002885, 0.4, -0.461535, 0.00531, 0.887106, 0.0, 0.0, 0.0, 0.0, 1.0],
                [0.937705, -0.016852, 0.347024, 0.0, 0.016667, 0.999855, 0.003518, 0.4, -0.347033, 0.002485, 0.937849, 0.0, 0.0, 0.0, 0.0, 1.0],
                [0.976217, 0.013439, 0.216379, 0.0, -0.010031, 0.999808, -0.01684, 0.4, -0.216564, 0.014269, 0.976164, -0.0, 0.0, 0.0, 0.0, 1.0],
                [0.853829, 0.016798, 0.520282, 0.0, -0.011518, 0.999844, -0.01338, 0.4, -0.520426, 0.005432, 0.853889, -0.0, 0.0, 0.0, 0.0, 1.0],
                [0.804056, 0.016853, 0.594315, 0.0, -0.012075, 0.999855, -0.012016, 0.4, -0.594431, 0.002485, 0.804143, 0.0, 0.0, 0.0, 0.0, 1.0]
            ]
        },
        {
            "name": "Shoulder_R",
            "time": [0.0, 0.1333, 0.2667, 0.4, 0.5333, 0.6667, 0.8],
            "transform": [
                [0.0, 0.965995, 0.25856, 0.0, 2e-06, -0.25856, 0.965995, 0.4, 1.0, 0.0, -1e-06, -0.0, 0.0, 0.0, 0.0, 1.0],
                [0.0, 0.965995, 0.25856, 0.0, 2e-06, -0.25856, 0.965995, 0.4, 1.0, 0.0, -1e-06, 0.0, 0.0, 0.0, 0.0, 1.0],
                [0.0, 0.965995, 0.258561, 0.0, 2e-06, -0.258561, 0.965995, 0.4, 1.0, 0.0, -1e-06, 0.0, 0.0, 0.0, 0.0, 1.0],
                [0.0, 0.965995, 0.258561, 0.0, 2e-06, -0.258561, 0.965995, 0.4, 1.0, 0.0, -1e-06, 0.0, 0.0, 0.0, 0.0, 1.0],
                [-0.06868, 0.963551, 0.25856, 0.0, 0.018385, -0.257906, 0.965995, 0.4, 0.997469, 0.071098, -2e-06, 0.0, 0.0, 0.0, 0.0, 1.0],
                [-0.000817, 0.965995, 0.25856, 0.0, 0.00022, -0.25856, 0.965995, 0.4, 1.0, 0.000846, -2e-06, -0.0, 0.0, 0.0, 0.0, 1.0],
                [0.0, 0.965995, 0.25856, 0.0, 2e-06, -0.25856, 0.965995, 0.4, 1.0, 0.0, -1e-06, -0.0, 0.0, 0.0, 0.0, 1.0]
            ]
        },
        {
            "name": "Arm_R",
            "time": [0.0],
            "transform": [
                [0.448956, 0.506021, -0.736466, -0.0, 0.559575, 0.483356, 0.673232, 0.393861, 0.696644, -0.71436, -0.066151, 0.0, 0.0, 0.0, 0.0, 1.0]
            ]
        },
        {
            "name": "Hand_R",
            "time": [0.0],
            "transform": [
                [1.0, -2e-06, 1e-06, 0.0, 2e-06, 0.805844, -0.592128, 0.300003, 0.0, 0.592128, 0.805844, -0.0, 0.0, 0.0, 0.0, 1.0]
            ]
        },
        {
            "name": "Tool_R",
            "time": [0.0],
            "transform": [
                [1.0, 0.0, 0.0, -0.012375, 0.0, -0.996938, -0.078208, 0.271711, 0.0, 0.078208, -0.996938, -0.028915, 0.0, 0.0, 0.0, 1.0]
            ]
        },
        {
            "name": "Elbow_R",
            "time": [0.0, 0.1333, 0.2667, 0.4, 0.5333, 0.6667, 0.8],
            "transform": [
                [-1.0, 0.0, 0.0, 0.0, -0.0, 0.0, -1.0, 0.33, -0.0, -1.0, -0.0, 0.0, 0.0, 0.0, 0.0, 1.0],
                [-1.0, 0.0, 0.0, 0.0, -0.0, 0.0, -1.0, 0.33, -0.0, -1.0, -0.0, 0.0, 0.0, 0.0, 0.0, 1.0],
                [-1.0, 0.0, 0.0, -0.0, -0.0, 0.0, -1.0, 0.33, -0.0, -1.0, -0.0, 0.0, 0.0, 0.0, 0.0, 1.0],
                [-1.0, 0.0, 0.0, 0.0, -0.0, 0.0, -1.0, 0.33, -0.0, -1.0, -0.0, 0.0, 0.0, 0.0, 0.0, 1.0],
                [-1.0, 0.0, 0.0, 0.0, -0.0, -0.0, -1.0, 0.33, -0.0, -1.0, -0.0, 0.0, 0.0, 0.0, 0.0, 1.0],
                [-1.0, 0.0, 0.0, 0.0, -0.0, 0.0, -1.0, 0.33, -0.0, -1.0, -0.0, 0.0, 0.0, 0.0, 0.0, 1.0],
                [-1.0, 0.0, 0.0, 0.0, -0.0, 0.0, -1.0, 0.33, -0.0, -1.0, -0.0, 0.0, 0.0, 0.0, 0.0, 1.0]
            ]
        },
        {
            "name": "Shoulder_L",
            "time": [0.0, 0.1333, 0.2667, 0.4, 0.5333, 0.6667, 0.8],
            "transform": [
                [1e-06, -0.965989, -0.258581, -0.0, -2e-06, -0.258581, 0.96599, 0.4, -1.0, -0.0, -2e-06, 0.0, 0.0, 0.0, 0.0, 1.0],
                [1e-06, -0.96599, -0.25858, -0.0, -2e-06, -0.25858, 0.96599, 0.4, -1.0, -0.0, -2e-06, 0.0, 0.0, 0.0, 0.0, 1.0],
                [-0.00747, -0.965961, -0.25858, 0.0, -0.002002, -0.258573, 0.96599, 0.4, -0.99997, 0.007734, -2e-06, 0.0, 0.0, 0.0, 0.0, 1.0],
                [1e-06, -0.96599, -0.258581, -0.0, -2e-06, -0.25858, 0.96599, 0.4, -1.0, -0.0, -2e-06, -0.0, 0.0, 0.0, 0.0, 1.0],
                [1e-06, -0.96599, -0.25858, 0.0, -2e-06, -0.25858, 0.96599, 0.4, -1.0, -0.0, -2e-06, 0.0, 0.0, 0.0, 0.0, 1.0],
                [1e-06, -0.96599, -0.25858, -0.0, -2e-06, -0.25858, 0.96599, 0.4, -1.0, -0.0, -2e-06, -0.0, 0.0, 0.0, 0.0, 1.0],
                [1e-06, -0.965989, -0.258581, -0.0, -2e-06, -0.258581, 0.96599, 0.4, -1.0, -0.0, -2e-06, 0.0, 0.0, 0.0, 0.0, 1.0]
            ]
        },
        {
            "name": "Arm_L",
            "time": [0.0, 0.1333, 0.2667, 0.4, 0.5333, 0.6667, 0.8],
            "transform": [
                [-0.029537, -0.130769, 0.990973, 0.0, -0.825274, 0.562548, 0.049636, 0.388354, -0.563961, -0.816357, -0.124536, -0.0, 0.0, 0.0, 0.0, 1.0],
                [-0.022211, 0.168036, 0.985531, 0.0, -0.830129, 0.54624, -0.111844, 0.388354, -0.55713, -0.820602, 0.127359, -0.0, 0.0, 0.0, 0.0, 1.0],
                [-0.12755, -0.031281, 0.991339, 0.0, -0.842427, 0.530961, -0.091636, 0.388354, -0.523496, -0.846819, -0.094076, -0.0, 0.0, 0.0, 0.0, 1.0],
                [-0.141441, -0.172119, 0.974869, -0.0, -0.855698, 0.516426, -0.032972, 0.388354, -0.497772, -0.838857, -0.220325, -0.0, 0.0, 0.0, 0.0, 1.0],
                [-0.139541, -0.372127, 0.917633, -0.0, -0.864922, 0.496998, 0.070021, 0.388354, -0.482118, -0.78391, -0.391212, -0.0, 0.0, 0.0, 0.0, 1.0],
                [-0.049586, -0.194205, 0.979707, 0.0, -0.844403, 0.532024, 0.062724, 0.388354, -0.533409, -0.824158, -0.190368, -0.0, 0.0, 0.0, 0.0, 1.0],
                [-0.029537, -0.130769, 0.990973, 0.0, -0.825274, 0.562548, 0.049636, 0.388354, -0.563961, -0.816357, -0.124536, -0.0, 0.0, 0.0, 0.0, 1.0]
            ]
        },
        {
            "name": "Hand_L",
            "time": [0.0, 0.1333, 0.2667, 0.4, 0.5333, 0.6667, 0.8],
            "transform": [
                [0.999505, 0.03119, -0.004142, -0.0, -0.031308, 0.972791, -0.229559, 0.33, -0.003131, 0.229576, 0.973286, 0.0, 0.0, 0.0, 0.0, 1.0],
                [0.9984, 0.056539, 0.0, 0.0, -0.055187, 0.974524, -0.217386, 0.33, -0.012291, 0.217039, 0.976086, 0.0, 0.0, 0.0, 0.0, 1.0],
                [0.99985, 0.016177, -0.00625, 0.0, -0.017189, 0.876613, -0.480889, 0.33, -0.002301, 0.480924, 0.876759, 0.0, 0.0, 0.0, 0.0, 1.0],
                [0.999336, 0.030102, -0.020535, -0.0, -0.036032, 0.900296, -0.433784, 0.33, 0.00543, 0.434236, 0.900783, 0.0, 0.0, 0.0, 0.0, 1.0],
                [0.999706, 0.024251, 0.0, 0.0, -0.023881, 0.984441, -0.174086, 0.33, -0.004222, 0.174036, 0.98473, -0.0, 0.0, 0.0, 0.0, 1.0],
                [0.99969, 0.024896, -0.000796, 0.0, -0.024908, 0.999447, -0.022016, 0.33, 0.000248, 0.022029, 0.999757, 0.0, 0.0, 0.0, 0.0, 1.0],
                [0.999505, 0.03119, -0.004142, -0.0, -0.031308, 0.972791, -0.229559, 0.33, -0.003131, 0.229576, 0.973286, 0.0, 0.0, 0.0, 0.0, 1.0]
            ]
        },
        {
            "name": "Tool_L",
            "time": [0.0, 0.1333, 0.2667, 0.4, 0.5333, 0.6667, 0.8],
            "transform": [
                [-1.0, 0.0, 0.0, -0.0, 0.0, 1.0, -0.0, 0.291204, -0.0, -0.0, -1.0, 0.0, 0.0, 0.0, 0.0, 1.0],
                [-1.0, 0.0, 0.0, 0.0, 0.0, 1.0, -0.0, 0.291204, -0.0, 0.0, -1.0, 0.0, 0.0, 0.0, 0.0, 1.0],
                [-1.0, 0.0, 0.0, 0.0, 0.0, 1.0, -0.0, 0.291204, -0.0, -0.0, -1.0, 0.0, 0.0, 0.0, 0.0, 1.0],
                [-1.0, 0.0, 0.0, 0.0, 0.0, 1.0, -0.0, 0.291204, -0.0, -0.0, -1.0, 0.0, 0.0, 0.0, 0.0, 1.0],
                [-1.0, 0.0, 0.0, -0.0, 0.0, 1.0, -0.0, 0.291204, -0.0, -0.0, -1.0, 0.0, 0.0, 0.0, 0.0, 1.0],
                [-1.0, 0.0, 0.0, 0.0, 0.0, 1.0, -0.0, 0.291204, -0.0, 0.0, -1.0, 0.0, 0.0, 0.0, 0.0, 1.0],
                [-1.0, 0.0, 0.0, -0.0, 0.0, 1.0, -0.0, 0.291204, -0.0, -0.0, -1.0, 0.0, 0.0, 0.0, 0.0, 1.0]
            ]
        },
        {
            "name": "Elbow_L",
            "time": [0.0, 0.1333, 0.2667, 0.4, 0.5333, 0.6667, 0.8],
            "transform": [
                [-1.0, 0.0, -0.0, 0.0, 0.0, -0.0, -1.0, 0.33, -0.0, -1.0, 0.0, 0.0, 0.0, 0.0, 0.0, 1.0],
                [-1.0, 0.0, -0.0, 0.0, 0.0, -0.0, -1.0, 0.33, -0.0, -1.0, 0.0, 0.0, 0.0, 0.0, 0.0, 1.0],
                [-1.0, 0.0, -0.0, 0.0, 0.0, -0.0, -1.0, 0.33, -0.0, -1.0, 0.0, 0.0, 0.0, 0.0, 0.0, 1.0],
                [-1.0, 0.0, -0.0, 0.0, 0.0, -0.0, -1.0, 0.33, -0.0, -1.0, 0.0, 0.0, 0.0, 0.0, 0.0, 1.0],
                [-1.0, 0.0, -0.0, 0.0, 0.0, -0.0, -1.0, 0.33, -0.0, -1.0, 0.0, -0.0, 0.0, 0.0, 0.0, 1.0],
                [-1.0, 0.0, -0.0, 0.0, 0.0, -0.0, -1.0, 0.33, -0.0, -1.0, 0.0, 0.0, 0.0, 0.0, 0.0, 1.0],
                [-1.0, 0.0, -0.0, 0.0, 0.0, -0.0, -1.0, 0.33, -0.0, -1.0, 0.0, 0.0, 0.0, 0.0, 0.0, 1.0]
            ]
        }
    ]
}