{

    "animation": [
        {
            "name": "Root",
            "time": [0.0, 0.0667, 0.1333, 0.1667, 0.2, 0.3, 0.6, 1.0],
            "transform": [
                [0.750328, -0.172856, -0.638067, -5e-06, -0.62036, 0.149353, -0.769966, 0.000946, 0.22839, 0.973558, 0.004831, 0.507374, 0.0, 0.0, 0.0, 1.0],
                [0.937058, -0.082407, -0.339309, -5e-06, -0.274202, 0.42797, -0.861194, 0.264592, 0.216183, 0.900028, 0.378436, 0.535717, 0.0, 0.0, 0.0, 1.0],
                [0.998707, -0.048591, -0.014973, -5e-06, 0.008872, 0.456499, -0.889679, 0.44442, 0.050065, 0.888396, 0.45634, 0.534281, 0.0, 0.0, 0.0, 1.0],
                [0.986481, -0.016711, 0.163019, -5e-06, 0.148571, 0.510944, -0.846677, 0.584334, -0.069145, 0.859451, 0.50652, 0.518563, 0.0, 0.0, 0.0, 1.0],
                [0.940109, 0.003948, 0.340851, -5e-06, 0.278412, 0.568046, -0.774474, 0.724248, -0.196677, 0.822987, 0.532926, 0.502846, 0.0, 0.0, 0.0, 1.0],
                [0.831533, -0.024978, 0.554913, -5e-06, 0.504208, 0.453123, -0.735156, 0.913148, -0.233081, 0.891098, 0.389381, 0.520653, 0.0, 0.0, 0.0, 1.0],
                [0.498896, 0.010761, 0.866595, -5e-06, 0.845805, 0.212004, -0.48956, 1.300946, -0.18899, 0.977209, 0.096667, 0.556267, 0.0, 0.0, 0.0, 1.0],
                [0.498896, 0.010761, 0.866595, -5e-06, 0.845805, 0.212004, -0.48956, 1.300946, -0.18899, 0.977209, 0.096667, 0.556267, 0.0, 0.0, 0.0, 1.0]
            ]
        },
        {
            "name": "Thigh_R",
            "time": [0.0, 0.0667, 0.1333, 0.1667, 0.2, 0.3, 0.6, 1.0],
            "transform": [
                [0.985822, 0.106338, -0.129776, 0.124994, 0.167277, -0.682854, 0.711141, -0.002831, -0.013001, -0.722767, -0.690964, -1.2e-05, 0.0, 0.0, 0.0, 1.0],
                [0.975629, 0.211834, 0.057221, 0.124994, 0.169925, -0.894382, 0.41377, -0.002831, 0.138828, -0.393963, -0.908581, -1.2e-05, 0.0, 0.0, 0.0, 1.0],
                [0.973359, 0.212688, 0.085663, 0.124994, 0.159417, -0.896231, 0.413892, -0.002831, 0.164812, -0.389209, -0.906257, -1.2e-05, 0.0, 0.0, 0.0, 1.0],
                [0.969413, 0.229742, 0.086354, 0.124994, 0.178716, -0.901882, 0.393235, -0.002831, 0.16823, -0.365774, -0.915353, -1.2e-05, 0.0, 0.0, 0.0, 1.0],
                [0.956097, 0.262949, 0.129345, 0.124994, 0.197034, -0.903555, 0.380448, -0.002831, 0.216914, -0.33826, -0.915698, -1.2e-05, 0.0, 0.0, 0.0, 1.0],
                [0.872548, 0.441022, -0.210118, 0.124994, 0.418895, -0.454151, 0.786298, -0.002831, 0.251351, -0.774103, -0.581013, -1.2e-05, 0.0, 0.0, 0.0, 1.0],
                [0.708014, 0.664491, -0.239094, 0.124994, 0.696437, -0.6009, 0.392291, -0.002831, 0.117002, -0.444262, -0.888222, -1.2e-05, 0.0, 0.0, 0.0, 1.0],
                [0.708014, 0.664491, -0.239094, 0.124994, 0.696437, -0.6009, 0.392291, -0.002831, 0.117002, -0.444262, -0.888222, -1.2e-05, 0.0, 0.0, 0.0, 1.0]
            ]
        },
        {
            "name": "Leg_R",
            "time": [0.0, 0.0667, 0.1333, 0.1667, 0.2, 0.3, 0.6, 1.0],
            "transform": [
                [0.985093, -0.166927, -0.041541, 0.0, 0.089551, 0.291463, 0.952381, 0.37472, -0.14687, -0.941904, 0.302067, 0.0, 0.0, 0.0, 0.0, 1.0],
                [0.999227, -0.011038, -0.037743, 0.0, 0.035748, 0.65487, 0.754895, 0.37472, 0.016384, -0.755661, 0.654758, -0.0, 0.0, 0.0, 0.0, 1.0],
                [0.998411, 0.041486, -0.038152, -0.0, 0.008709, 0.555226, 0.831654, 0.37472, 0.055685, -0.830663, 0.553983, -0.0, 0.0, 0.0, 0.0, 1.0],
                [0.997351, 0.056711, -0.045564, -0.0, 0.0087, 0.528848, 0.848672, 0.37472, 0.072225, -0.846819, 0.526954, -0.0, 0.0, 0.0, 0.0, 1.0],
                [0.996019, 0.072388, -0.052034, -0.0, 0.008705, 0.501908, 0.864877, 0.37472, 0.088723, -0.861887, 0.499279, -0.0, 0.0, 0.0, 0.0, 1.0],
                [0.999927, -0.008481, -0.008605, 0.0, 0.008722, 0.013884, 0.999866, 0.37472, -0.00836, -0.999867, 0.013957, -0.0, 0.0, 0.0, 0.0, 1.0],
                [0.988884, 0.090442, -0.118015, 0.0, 0.023254, 0.68988, 0.72355, 0.37472, 0.146855, -0.718251, 0.68011, 0.0, 0.0, 0.0, 0.0, 1.0],
                [0.988884, 0.090442, -0.118015, 0.0, 0.023254, 0.68988, 0.72355, 0.37472, 0.146855, -0.718251, 0.68011, 0.0, 0.0, 0.0, 0.0, 1.0]
            ]
        },
        {
            "name": "Knee_R",
            "time": [0.0, 0.0667, 0.1333, 0.1667, 0.2, 0.3, 0.6, 1.0],
            "transform": [
                [0.995866, -0.090585, 0.006665, 0.0, 0.058916, 0.588373, -0.806442, 0.37472, 0.069129, 0.8035, 0.591277, 0.0, 0.0, 0.0, 0.0, 1.0],
                [0.999797, -0.009623, -0.017679, 0.0, -0.012087, 0.415312, -0.909599, 0.37472, 0.016095, 0.909628, 0.415111, -0.0, 0.0, 0.0, 0.0, 1.0],
                [0.999577, 0.015969, -0.024291, -0.0, -0.028951, 0.471357, -0.881467, 0.37472, -0.002627, 0.881798, 0.47162, -0.0, 0.0, 0.0, 0.0, 1.0],
                [0.999293, 0.022469, -0.030153, -0.0, -0.037269, 0.484921, -0.873763, 0.37472, -0.005011, 0.874269, 0.485416, -0.0, 0.0, 0.0, 0.0, 1.0],
                [0.998933, 0.029262, -0.03574, -0.0, -0.045574, 0.498307, -0.865802, 0.37472, -0.007525, 0.866507, 0.499108, -0.0, 0.0, 0.0, 0.0, 1.0],
                [0.999979, -0.006001, -0.002568, 0.0, 0.002385, 0.702156, -0.712019, 0.37472, 0.006075, 0.711998, 0.702155, -0.0, 0.0, 0.0, 0.0, 1.0],
                [0.9971, 0.033165, -0.068504, 0.0, -0.07603, 0.392659, -0.916536, 0.37472, -0.003498, 0.919086, 0.394042, 0.0, 0.0, 0.0, 0.0, 1.0],
                [0.9971, 0.033165, -0.068504, 0.0, -0.07603, 0.392659, -0.916536, 0.37472, -0.003498, 0.919086, 0.394042, 0.0, 0.0, 0.0, 0.0, 1.0]
            ]
        },
        {
            "name": "Thigh_L",
            "time": [0.0, 0.0667, 0.1333, 0.1667, 0.2, 0.3, 0.6, 1.0],
            "transform": [
                [0.872412, -0.409213, 0.267282, -0.125006, -0.477678, -0.597998, 0.643599, -0.00283, -0.103536, -0.689159, -0.717173, -1.2e-05, 0.0, 0.0, 0.0, 1.0],
                [0.854087, -0.3421, 0.391795, -0.123669, -0.386766, 0.08594, 0.918165, -0.026767, -0.347775, -0.935726, -0.058913, 0.00451, 0.0, 0.0, 0.0, 1.0],
                [0.966186, -0.054967, 0.251925, -0.127658, -0.249962, 0.040178, 0.967421, -0.021139, -0.063298, -0.997679, 0.025079, 0.007481, 0.0, 0.0, 0.0, 1.0],
                [0.978094, 0.022711, 0.206923, -0.129653, -0.203348, -0.108386, 0.973087, -0.018326, 0.044527, -0.993848, -0.101393, 0.008967, 0.0, 0.0, 0.0, 1.0],
                [0.972566, 0.153064, 0.175178, -0.131648, -0.131465, -0.259621, 0.956718, -0.015512, 0.19192, -0.953501, -0.232376, 0.010452, 0.0, 0.0, 0.0, 1.0],
                [0.973556, 0.087505, 0.210923, -0.133642, -0.137486, -0.51289, 0.847344, -0.012698, 0.182337, -0.853954, -0.487308, 0.011937, 0.0, 0.0, 0.0, 1.0],
                [0.921468, -0.309546, 0.234366, -0.137632, -0.382259, -0.828995, 0.408122, -0.007071, 0.06797, -0.465694, -0.882289, 0.014908, 0.0, 0.0, 0.0, 1.0],
                [0.921468, -0.309546, 0.234366, -0.137632, -0.382259, -0.828995, 0.408122, -0.007071, 0.06797, -0.465694, -0.882289, 0.014908, 0.0, 0.0, 0.0, 1.0]
            ]
        },
        {
            "name": "Leg_L",
            "time": [0.0, 0.0667, 0.1333, 0.1667, 0.2, 0.3, 0.6, 1.0],
            "transform": [
                [0.995729, -0.083847, 0.038665, -0.0, -0.041219, -0.028937, 0.99873, 0.37472, -0.082622, -0.996057, -0.032269, -0.0, 0.0, 0.0, 0.0, 1.0],
                [0.999582, -0.00981, 0.027263, 0.0, -0.022374, 0.336533, 0.941406, 0.37472, -0.01841, -0.94162, 0.336172, 0.0, 0.0, 0.0, 0.0, 1.0],
                [0.999647, 0.002683, 0.026513, 0.0, -0.026522, 0.1972, 0.980005, 0.37472, -0.002599, -0.980359, 0.197202, 0.0, 0.0, 0.0, 0.0, 1.0],
                [0.99907, -0.040072, 0.016016, 0.0, -0.009476, 0.15837, 0.987334, 0.37472, -0.042101, -0.986566, 0.157843, 0.0, 0.0, 0.0, 0.0, 1.0],
                [0.996601, -0.082305, 0.003824, -0.0, 0.005985, 0.118599, 0.992923, 0.37472, -0.082177, -0.989524, 0.118688, -0.0, 0.0, 0.0, 0.0, 1.0],
                [0.99983, -0.000208, 0.018465, -0.0, -0.017824, 0.250397, 0.967979, 0.37472, -0.004825, -0.968143, 0.250351, 0.0, 0.0, 0.0, 0.0, 1.0],
                [0.999534, 0.007167, 0.029692, 0.0, -0.025704, 0.722512, 0.690881, 0.37472, -0.016501, -0.691321, 0.72236, -0.0, 0.0, 0.0, 0.0, 1.0],
                [0.999534, 0.007167, 0.029692, 0.0, -0.025704, 0.722512, 0.690881, 0.37472, -0.016501, -0.691321, 0.72236, -0.0, 0.0, 0.0, 0.0, 1.0]
            ]
        },
        {
            "name": "Knee_L",
            "time": [0.0, 0.0667, 0.1333, 0.1667, 0.2, 0.3, 0.6, 1.0],
            "transform": [
                [0.99874, -0.033765, 0.037118, -0.0, 0.050081, 0.716708, -0.695573, 0.37472, -0.003117, 0.696556, 0.717496, -0.0, 0.0, 0.0, 0.0, 1.0],
                [0.999884, -0.000583, 0.015186, 0.0, 0.01275, 0.575981, -0.817364, 0.37472, -0.00827, 0.817463, 0.575922, 0.0, 0.0, 0.0, 0.0, 1.0],
                [0.9999, 0.006078, 0.012777, 0.0, 0.006035, 0.633542, -0.773685, 0.37472, -0.012798, 0.773685, 0.633442, 0.0, 0.0, 0.0, 0.0, 1.0],
                [0.999736, -0.017087, 0.015392, 0.0, 0.022799, 0.648517, -0.760859, 0.37472, 0.003019, 0.761009, 0.648735, 0.0, 0.0, 0.0, 0.0, 1.0],
                [0.999027, -0.040455, 0.017558, -0.0, 0.039978, 0.66271, -0.747808, 0.37472, 0.018616, 0.747783, 0.663683, -0.0, 0.0, 0.0, 0.0, 1.0],
                [0.999952, 0.003055, 0.009267, -0.0, 0.005458, 0.612209, -0.790677, 0.37472, -0.008087, 0.79069, 0.612164, 0.0, 0.0, 0.0, 0.0, 1.0],
                [0.999879, 0.006453, 0.014153, 0.0, 0.010732, 0.372437, -0.927995, 0.37472, -0.011259, 0.928035, 0.372322, -0.0, 0.0, 0.0, 0.0, 1.0],
                [0.999879, 0.006453, 0.014153, 0.0, 0.010732, 0.372437, -0.927995, 0.37472, -0.011259, 0.928035, 0.372322, -0.0, 0.0, 0.0, 0.0, 1.0]
            ]
        },
        {
            "name": "Torso",
            "time": [0.0, 0.0667, 0.1333, 0.1667, 0.2, 0.3, 0.6, 1.0],
            "transform": [
                [0.998925, -0.046351, -0.000481, 0.0, 0.04623, 0.995461, 0.083181, 0.05, -0.003377, -0.083113, 0.996534, 0.0, 0.0, 0.0, 0.0, 1.0],
                [0.985695, 0.161799, -0.047199, -0.0, -0.168443, 0.936096, -0.308794, 0.05, -0.005779, 0.312328, 0.949957, 0.0, 0.0, 0.0, 0.0, 1.0],
                [0.979329, -0.13025, -0.154757, -0.0, 0.110813, 0.985536, -0.128221, 0.05, 0.169219, 0.108421, 0.979596, -0.0, 0.0, 0.0, 0.0, 1.0],
                [0.995442, -0.021747, -0.092857, -0.0, 0.035842, 0.987585, 0.152949, 0.05, 0.088378, -0.15558, 0.983862, 0.0, 0.0, 0.0, 0.0, 1.0],
                [0.976967, -0.04789, -0.207945, -0.0, 0.093288, 0.972289, 0.214366, 0.05, 0.191917, -0.228827, 0.954361, 0.0, 0.0, 0.0, 0.0, 1.0],
                [0.98287, 0.092615, -0.159334, 0.0, -0.07555, 0.991054, 0.110021, 0.05, 0.168098, -0.096099, 0.981074, -0.0, 0.0, 0.0, 0.0, 1.0],
                [0.919182, 0.378156, -0.109997, 0.0, -0.38998, 0.912928, -0.120317, 0.05, 0.054921, 0.15349, 0.986622, 0.0, 0.0, 0.0, 0.0, 1.0],
                [0.919182, 0.378156, -0.109997, 0.0, -0.38998, 0.912928, -0.120317, 0.05, 0.054921, 0.15349, 0.986622, 0.0, 0.0, 0.0, 0.0, 1.0]
            ]
        },
        {
            "name": "Chest",
            "time": [0.0, 0.0667, 0.1333, 0.1667, 0.2, 0.3, 0.6, 1.0],
            "transform": [
                [0.799345, 0.080976, -0.59539, -0.0, 0.245167, 0.860692, 0.446209, 0.3, 0.54858, -0.502645, 0.668138, 0.0, 0.0, 0.0, 0.0, 1.0],
                [0.322457, -0.046767, -0.945427, -0.0, 0.142959, 0.989729, -0.000199, 0.3, 0.935727, -0.135094, 0.32583, -0.0, 0.0, 0.0, 0.0, 1.0],
                [0.693318, -0.274819, -0.666171, 0.0, 0.508702, 0.841418, 0.182317, 0.3, 0.510424, -0.465286, 0.72317, -0.0, 0.0, 0.0, 0.0, 1.0],
                [0.911444, -0.336928, -0.236114, 0.0, 0.373953, 0.917721, 0.133968, 0.3, 0.171549, -0.210401, 0.962445, -0.0, 0.0, 0.0, 0.0, 1.0],
                [0.409283, -0.077081, 0.909145, -0.0, -0.130525, 0.98123, 0.141952, 0.3, -0.903023, -0.176765, 0.391539, 0.0, 0.0, 0.0, 0.0, 1.0],
                [0.592421, -0.09974, 0.79943, -0.0, -0.126969, 0.968346, 0.214905, 0.3, -0.79556, -0.228817, 0.561004, 0.0, 0.0, 0.0, 0.0, 1.0],
                [0.73934, -0.202787, 0.642069, -0.0, -0.10435, 0.907541, 0.406791, 0.3, -0.665196, -0.367757, 0.649821, 0.0, 0.0, 0.0, 0.0, 1.0],
                [0.73934, -0.202787, 0.642069, -0.0, -0.10435, 0.907541, 0.406791, 0.3, -0.665196, -0.367757, 0.649821, 0.0, 0.0, 0.0, 0.0, 1.0]
            ]
        },
        {
            "name": "Head",
            "time": [0.0, 0.0667, 0.1333, 0.1667, 0.2, 0.3, 0.6, 1.0],
            "transform": [
                [0.214908, 0.233482, 0.948315, -0.0, 0.197038, 0.940671, -0.276252, 0.400001, -0.956551, 0.246223, 0.156153, -0.0, 0.0, 0.0, 0.0, 1.0],
                [0.098255, -0.069664, 0.992721, -0.0, -0.070737, 0.994532, 0.076791, 0.4, -0.992645, -0.077768, 0.092791, 0.0, 0.0, 0.0, 0.0, 1.0],
                [0.478997, 0.669907, 0.567261, -0.0, -0.398197, 0.741725, -0.539706, 0.400001, -0.782306, 0.032635, 0.622041, 0.0, 0.0, 0.0, 0.0, 1.0],
                [0.868091, 0.489491, -0.082563, 0.0, -0.462388, 0.736829, -0.493234, 0.400001, -0.180599, 0.466347, 0.865971, 0.0, 0.0, 0.0, 0.0, 1.0],
                [0.351039, -0.573064, -0.740519, -0.0, -0.034198, 0.782472, -0.621744, 0.4, 0.935736, 0.243581, 0.255082, -0.0, 0.0, 0.0, 0.0, 1.0],
                [0.297911, -0.429963, -0.85228, -0.0, -0.016079, 0.890432, -0.454832, 0.400001, 0.954459, 0.149203, 0.258357, 0.0, 0.0, 0.0, 0.0, 1.0],
                [-0.072988, -0.194765, -0.978131, -0.0, 0.048037, 0.978921, -0.198507, 0.4, 0.996175, -0.061475, -0.062094, -0.0, 0.0, 0.0, 0.0, 1.0],
                [-0.072988, -0.194765, -0.978131, -0.0, 0.048037, 0.978921, -0.198507, 0.4, 0.996175, -0.061475, -0.062094, -0.0, 0.0, 0.0, 0.0, 1.0]
            ]
        },
        {
            "name": "Shoulder_R",
            "time": [0.0, 0.0667, 0.1333, 0.1667, 0.2, 0.3, 0.6, 1.0],
            "transform": [
                [0.00688, 0.938437, 0.345382, -0.0, -0.001845, -0.345378, 0.938462, 0.400001, 0.999975, -0.007094, -0.000645, -0.0, 0.0, 0.0, 0.0, 1.0],
                [0.003359, 0.922668, 0.38558, -0.0, -0.000902, -0.385578, 0.922675, 0.4, 0.999996, -0.003447, -0.000462, 0.0, 0.0, 0.0, 0.0, 1.0],
                [0.02759, 0.94292, 0.331872, -0.0, -0.007391, -0.331797, 0.943323, 0.400001, 0.999594, -0.02848, -0.002185, 0.0, 0.0, 0.0, 0.0, 1.0],
                [0.039409, 0.93751, 0.345717, 0.0, -0.010556, -0.345576, 0.938332, 0.400001, 0.99917, -0.040628, -0.003722, 0.0, 0.0, 0.0, 0.0, 1.0],
                [0.051224, 0.931751, 0.359466, -0.0, -0.01372, -0.359248, 0.933142, 0.4, 0.998596, -0.052731, -0.005618, -0.0, 0.0, 0.0, 0.0, 1.0],
                [0.051224, 0.931751, 0.359466, -0.0, -0.01372, -0.359248, 0.933142, 0.400001, 0.998596, -0.052731, -0.005618, 0.0, 0.0, 0.0, 0.0, 1.0],
                [0.124036, 0.952485, 0.278182, -0.0, -0.033218, -0.276204, 0.960524, 0.4, 0.991724, -0.12838, -0.002619, -0.0, 0.0, 0.0, 0.0, 1.0],
                [0.124036, 0.952485, 0.278182, -0.0, -0.033218, -0.276204, 0.960524, 0.4, 0.991724, -0.12838, -0.002619, -0.0, 0.0, 0.0, 0.0, 1.0]
            ]
        },
        {
            "name": "Arm_R",
            "time": [0.0, 0.0667, 0.1333, 0.1667, 0.1833, 0.2, 0.3, 0.6, 1.0],
            "transform": [
                [0.975833, 0.181795, 0.121247, -0.0, -0.203852, 0.557494, 0.804764, 0.388213, 0.078707, -0.810031, 0.58108, 0.0, 0.0, 0.0, 0.0, 1.0],
                [-0.443059, -0.683809, 0.579743, -0.0, -0.473186, 0.727638, 0.496625, 0.388213, -0.761438, -0.054292, -0.645957, 1e-06, 0.0, 0.0, 0.0, 1.0],
                [-0.776677, -0.152411, 0.611179, 0.0, -0.046488, 0.981508, 0.185685, 0.388213, -0.628175, 0.115805, -0.769404, 0.0, 0.0, 0.0, 0.0, 1.0],
                [-0.648202, -0.383734, 0.657707, -0.0, 0.492899, 0.446918, 0.746534, 0.388213, -0.580409, 0.80809, -0.100551, 0.0, 0.0, 0.0, 0.0, 1.0],
                [-0.289102, -0.523215, 0.801664, -0.0, 0.891594, 0.157717, 0.424474, 0.388213, -0.348526, 0.837477, 0.420902, 0.0, 0.0, 0.0, 0.0, 1.0],
                [0.305292, -0.939317, -0.156447, -0.0, 0.919468, 0.248038, 0.305037, 0.388213, -0.247721, -0.236974, 0.939403, 0.0, 0.0, 0.0, 0.0, 1.0],
                [0.495489, -0.617595, -0.610789, 0.0, 0.806876, 0.066911, 0.586913, 0.388213, -0.321605, -0.783641, 0.531482, 0.0, 0.0, 0.0, 0.0, 1.0],
                [0.724572, -0.580407, -0.371637, -0.0, 0.29794, -0.222445, 0.928306, 0.388213, -0.621461, -0.783351, 0.011749, 0.0, 0.0, 0.0, 0.0, 1.0],
                [0.724572, -0.580407, -0.371637, -0.0, 0.29794, -0.222445, 0.928306, 0.388213, -0.621461, -0.783351, 0.011749, 0.0, 0.0, 0.0, 0.0, 1.0]
            ]
        },
        {
            "name": "Hand_R",
            "time": [0.0, 0.0667, 0.1333, 0.1667, 0.2, 0.3, 0.6, 1.0],
            "transform": [
                [0.988965, -0.132416, -0.066435, -0.0, 0.133129, 0.991078, 0.006405, 0.329779, 0.064995, -0.015179, 0.99777, -0.0, 0.0, 0.0, 0.0, 1.0],
                [0.906307, -0.422615, 0.0, 0.0, 0.422618, 0.906302, -1e-06, 0.329779, 0.0, 1e-06, 1.000003, -0.0, 0.0, 0.0, 0.0, 1.0],
                [1.0, 0.0, 0.0, 0.0, -0.0, 0.999994, -0.0, 0.329779, -0.0, 0.0, 1.000003, 0.0, 0.0, 0.0, 0.0, 1.0],
                [1.0, 0.0, 0.0, -0.0, -0.0, 0.999994, -0.0, 0.329779, -0.0, 0.0, 1.000003, 0.0, 0.0, 0.0, 0.0, 1.0],
                [1.0, 0.0, 0.0, -0.0, -0.0, 0.999994, -0.0, 0.329779, -0.0, 0.0, 1.000003, -0.0, 0.0, 0.0, 0.0, 1.0],
                [1.000001, 0.0, 0.0, 0.0, -0.0, 0.999994, -0.0, 0.329779, -0.0, 0.0, 1.000004, -0.0, 0.0, 0.0, 0.0, 1.0],
                [1.000002, 0.0, 0.0, 0.0, -0.0, 0.999994, -0.0, 0.329779, -0.0, 0.0, 1.000004, 0.0, 0.0, 0.0, 0.0, 1.0],
                [1.000002, 0.0, 0.0, 0.0, -0.0, 0.999994, -0.0, 0.329779, -0.0, 0.0, 1.000004, 0.0, 0.0, 0.0, 0.0, 1.0]
            ]
        },
        {
            "name": "Tool_R",
            "time": [0.0, 0.0667, 0.1333, 0.1667, 0.1833, 0.2, 0.3, 0.6, 1.0],
            "transform": [
                [0.999935, 0.005474, -0.010032, -0.021277, -0.002138, -0.772753, -0.634704, 0.302791, -0.011226, 0.634683, -0.772691, -0.115867, 0.0, 0.0, 0.0, 1.0],
                [0.999813, 0.01937, -6e-06, -0.020001, 0.01937, -0.999801, -0.004873, 0.290416, -0.000101, 0.004872, -0.999989, -0.207098, 0.0, 0.0, 0.0, 1.0],
                [0.999896, 0.014399, 0.001736, -0.02, 0.014503, -0.99189, -0.126272, 0.291425, -9.6e-05, 0.126284, -0.991995, -0.0, 0.0, 0.0, 0.0, 1.0],
                [0.999929, 0.008254, 0.008705, -0.020941, 0.011993, -0.67189, -0.740554, 0.378073, -0.000263, 0.740605, -0.671941, -0.003226, 0.0, 0.0, 0.0, 1.0],
                [0.999942, 0.003848, 0.010168, -0.021411, 0.010868, -0.379218, -0.925245, 0.421397, 0.000296, 0.9253, -0.379238, -0.004838, 0.0, 0.0, 0.0, 1.0],
                [0.999954, 0.009247, 0.002862, -0.02, 0.009667, -0.969243, -0.245917, 0.291425, 0.0005, 0.245933, -0.969288, 0.0, 0.0, 0.0, 0.0, 1.0],
                [0.999987, 0.004174, 0.003186, -0.019663, 0.004951, -0.951663, -0.307106, 0.258918, 0.001751, 0.307117, -0.951672, -0.100734, 0.0, 0.0, 0.0, 1.0],
                [0.999986, -0.005381, 0.00085, -0.01991, -0.004757, -0.938634, -0.344883, 0.255031, 0.002654, 0.344873, -0.938647, -0.099053, 0.0, 0.0, 0.0, 1.0],
                [0.999986, -0.005381, 0.00085, -0.01991, -0.004757, -0.938634, -0.344883, 0.255031, 0.002654, 0.344873, -0.938647, -0.099053, 0.0, 0.0, 0.0, 1.0]
            ]
        },
        {
            "name": "Elbow_R",
            "time": [0.0, 0.0667, 0.1333, 0.1667, 0.2, 0.3, 0.6, 1.0],
            "transform": [
                [-0.999999, 2e-06, 5e-06, -0.0, -5e-06, -0.007616, -0.999965, 0.329779, 2e-06, -0.999966, 0.007616, -0.0, 0.0, 0.0, 0.0, 1.0],
                [-0.999957, 1.7e-05, -1.9e-05, 0.0, 2e-05, 0.010777, -0.999917, 0.329779, -1.6e-05, -0.999924, -0.010819, -0.0, 0.0, 0.0, 0.0, 1.0],
                [-0.999951, 3e-06, -2.2e-05, 0.0, 2.1e-05, 0.010785, -0.999895, 0.329779, -7e-06, -0.999939, -0.010807, 0.0, 0.0, 0.0, 0.0, 1.0],
                [-0.999953, -0.0, -2.3e-05, -0.0, 1.3e-05, 0.010822, -0.999903, 0.329779, 1.9e-05, -0.999928, -0.010782, 0.0, 0.0, 0.0, 0.0, 1.0],
                [-0.999954, -0.0, -2.4e-05, -0.0, -2.2e-05, 0.010792, -0.99993, 0.329779, -4e-06, -0.999884, -0.0108, -0.0, 0.0, 0.0, 0.0, 1.0],
                [-0.999951, 1e-06, -2.2e-05, 0.0, -1.4e-05, 0.010777, -0.999928, 0.329779, -1.5e-05, -0.999891, -0.01081, -0.0, 0.0, 0.0, 0.0, 1.0],
                [-0.999951, -1e-06, -2.1e-05, 0.0, -1e-05, 0.010772, -0.999922, 0.329779, -1.8e-05, -0.999899, -0.010815, 0.0, 0.0, 0.0, 0.0, 1.0],
                [-0.999951, -1e-06, -2.1e-05, 0.0, -1e-05, 0.010772, -0.999922, 0.329779, -1.8e-05, -0.999899, -0.010815, 0.0, 0.0, 0.0, 0.0, 1.0]
            ]
        },
        {
            "name": "Shoulder_L",
            "time": [0.0, 0.0667, 0.1333, 0.1667, 0.2, 0.3, 0.6, 1.0],
            "transform": [
                [-0.086064, -0.902922, -0.4211, -0.0, -0.023047, -0.420751, 0.906883, 0.400001, -0.996023, 0.087756, 0.015402, -0.0, 0.0, 0.0, 0.0, 1.0],
                [0.165669, -0.922685, -0.348144, -0.0, 0.044364, -0.345692, 0.937299, 0.4, -0.985183, -0.170726, -0.016337, 0.0, 0.0, 0.0, 0.0, 1.0],
                [0.13302, -0.930792, -0.340486, -0.0, 0.035621, -0.338827, 0.940174, 0.400001, -0.990473, -0.13719, -0.011915, 0.0, 0.0, 0.0, 0.0, 1.0],
                [0.11658, -0.934453, -0.336461, 0.0, 0.031218, -0.335155, 0.941646, 0.400001, -0.99269, -0.120281, -0.0099, 0.0, 0.0, 0.0, 0.0, 1.0],
                [0.100071, -0.937845, -0.332311, -0.0, 0.026798, -0.331326, 0.943136, 0.4, -0.994619, -0.103286, -0.008024, -0.0, 0.0, 0.0, 0.0, 1.0],
                [0.066879, -0.943808, -0.323655, -0.0, 0.017909, -0.323193, 0.946163, 0.400001, -0.9976, -0.069075, -0.004712, 0.0, 0.0, 0.0, 0.0, 1.0],
                [0.0, -0.952332, -0.305064, -0.0, -0.0, -0.305064, 0.952332, 0.4, -1.0, -0.0, -0.0, -0.0, 0.0, 0.0, 0.0, 1.0],
                [0.0, -0.952332, -0.305064, -0.0, -0.0, -0.305064, 0.952332, 0.4, -1.0, -0.0, -0.0, -0.0, 0.0, 0.0, 0.0, 1.0]
            ]
        },
        {
            "name": "Arm_L",
            "time": [0.0, 0.0667, 0.1333, 0.1667, 0.2, 0.3, 0.6, 1.0],
            "transform": [
                [0.069556, 0.31312, 0.947163, -0.0, 0.000503, 0.949451, -0.313913, 0.388212, -0.997578, 0.022311, 0.065882, 1e-06, 0.0, 0.0, 0.0, 1.0],
                [0.301819, 0.177554, 0.936685, -0.0, -0.356061, 0.932403, -0.062012, 0.388212, -0.884379, -0.3148, 0.344636, 1e-06, 0.0, 0.0, 0.0, 1.0],
                [0.275423, 0.07858, 0.958106, -0.0, 0.038023, 0.994983, -0.092535, 0.388212, -0.960571, 0.061917, 0.271053, 1e-06, 0.0, 0.0, 0.0, 1.0],
                [0.208698, 0.145002, 0.967171, 0.0, -0.192298, 0.975725, -0.104791, 0.388212, -0.958888, -0.164115, 0.231516, 1e-06, 0.0, 0.0, 0.0, 1.0],
                [0.126919, 0.194412, 0.972674, -0.0, -0.413449, 0.901727, -0.126283, 0.388212, -0.901638, -0.386124, 0.194826, 1e-06, 0.0, 0.0, 0.0, 1.0],
                [0.034348, 0.197604, 0.97968, 0.0, -0.437715, 0.884215, -0.163002, 0.388212, -0.898458, -0.423222, 0.116865, 1e-06, 0.0, 0.0, 0.0, 1.0],
                [-0.155199, 0.19223, 0.969, -0.0, -0.474705, 0.845704, -0.243802, 0.388212, -0.866354, -0.497827, -0.04, 1e-06, 0.0, 0.0, 0.0, 1.0],
                [-0.155199, 0.19223, 0.969, -0.0, -0.474705, 0.845704, -0.243802, 0.388212, -0.866354, -0.497827, -0.04, 1e-06, 0.0, 0.0, 0.0, 1.0]
            ]
        },
        {
            "name": "Hand_L",
            "time": [0.0, 0.0667, 0.1333, 0.1667, 0.2, 0.3, 0.6, 1.0],
            "transform": [
                [0.850687, 0.139269, -0.506888, -0.0, -0.493376, 0.54431, -0.678459, 0.329779, 0.181416, 0.827243, 0.53175, -0.0, 0.0, 0.0, 0.0, 1.0],
                [0.776033, 0.062795, -0.627557, 0.0, -0.558938, 0.529418, -0.638204, 0.329779, 0.292164, 0.846035, 0.445944, -0.0, 0.0, 0.0, 0.0, 1.0],
                [0.791779, 0.038616, -0.609585, -0.0, -0.589774, 0.307973, -0.746537, 0.329779, 0.158908, 0.950612, 0.266621, 0.0, 0.0, 0.0, 0.0, 1.0],
                [0.627402, 0.028654, -0.778168, 0.0, -0.715527, 0.415487, -0.561597, 0.329779, 0.307227, 0.909148, 0.28118, -0.0, 0.0, 0.0, 0.0, 1.0],
                [0.432849, 0.045241, -0.90033, 0.0, -0.782814, 0.51414, -0.350516, 0.329779, 0.447038, 0.856513, 0.25796, 0.0, 0.0, 0.0, 0.0, 1.0],
                [0.432849, 0.045241, -0.90033, 0.0, -0.782814, 0.51414, -0.350516, 0.329779, 0.447038, 0.856513, 0.25796, 0.0, 0.0, 0.0, 0.0, 1.0],
                [0.615286, 0.20622, -0.760852, 0.0, -0.716227, 0.549433, -0.430282, 0.329779, 0.329304, 0.80969, 0.485759, 0.0, 0.0, 0.0, 0.0, 1.0],
                [0.615286, 0.20622, -0.760852, 0.0, -0.716227, 0.549433, -0.430282, 0.329779, 0.329304, 0.80969, 0.485759, 0.0, 0.0, 0.0, 0.0, 1.0]
            ]
        },
        {
            "name": "Tool_L",
            "time": [0.0, 0.0667, 0.1333, 0.1667, 0.2, 0.3, 0.6, 1.0],
            "transform": [
                [1.0, 0.0, 0.0, 0.02, 0.0, -1.0, -0.0, 0.291426, 0.0, -0.0, -1.0, -0.0, 0.0, 0.0, 0.0, 1.0],
                [1.0, 0.0, 0.0, 0.02, 0.0, -1.0, 0.0, 0.291426, 0.0, -0.0, -1.0, -0.0, 0.0, 0.0, 0.0, 1.0],
                [1.0, 0.0, 0.0, 0.02, -0.0, -1.0, -0.0, 0.291426, 0.0, 0.0, -1.0, -0.0, 0.0, 0.0, 0.0, 1.0],
                [1.0, -0.0, 0.0, 0.02, -0.0, -1.0, 0.0, 0.291426, 0.0, -0.0, -1.0, -0.0, 0.0, 0.0, 0.0, 1.0],
                [1.0, -0.0, 0.0, 0.02, -0.0, -1.0, -0.0, 0.291426, 0.0, 0.0, -1.0, 0.0, 0.0, 0.0, 0.0, 1.0],
                [1.0, 0.0, 0.0, 0.02, -0.0, -1.0, -0.0, 0.291426, 0.0, -0.0, -1.0, -0.0, 0.0, 0.0, 0.0, 1.0],
                [1.0, -0.0, 0.0, 0.02, -0.0, -1.0, 0.0, 0.291426, 0.0, 0.0, -1.0, 0.0, 0.0, 0.0, 0.0, 1.0],
                [1.0, -0.0, 0.0, 0.02, -0.0, -1.0, 0.0, 0.291426, 0.0, 0.0, -1.0, 0.0, 0.0, 0.0, 0.0, 1.0]
            ]
        },
        {
            "name": "Elbow_L",
            "time": [0.0, 0.0667, 0.1333, 0.1667, 0.2, 0.3, 0.6, 1.0],
            "transform": [
                [-1.0, 0.0, -0.0, -0.0, 0.0, 0.479206, -0.877702, 0.329779, 0.0, -0.877702, -0.479206, -0.0, 0.0, 0.0, 0.0, 1.0],
                [-1.0, -0.0, -0.0, 0.0, 1e-06, 0.51658, -0.856239, 0.329779, -0.0, -0.856238, -0.51658, -0.0, 0.0, 0.0, 0.0, 1.0],
                [-1.0, 0.0, -0.0, -0.0, 0.0, 0.60413, -0.796885, 0.329779, 0.0, -0.796886, -0.604131, 0.0, 0.0, 0.0, 0.0, 1.0],
                [-1.0, -0.0, -0.0, 0.0, 0.0, 0.593518, -0.80482, 0.329779, 0.0, -0.80482, -0.593519, -0.0, 0.0, 0.0, 0.0, 1.0],
                [-1.0, 1e-06, -1e-06, 0.0, 1e-06, 0.596498, -0.802615, 0.329779, -0.0, -0.802615, -0.596498, 0.0, 0.0, 0.0, 0.0, 1.0],
                [-1.0, -3e-06, 1e-06, 0.0, -2e-06, 0.596498, -0.802614, 0.329779, 1e-06, -0.802615, -0.596498, 0.0, 0.0, 0.0, 0.0, 1.0],
                [-1.0, 0.0, 0.0, 0.0, 0.0, 0.49272, -0.870188, 0.329779, 0.0, -0.870188, -0.49272, 0.0, 0.0, 0.0, 0.0, 1.0],
                [-1.0, 0.0, 0.0, 0.0, 0.0, 0.49272, -0.870188, 0.329779, 0.0, -0.870188, -0.49272, 0.0, 0.0, 0.0, 0.0, 1.0]
            ]
        }
    ]
}