{

    "animation": [
        {
            "name": "Root",
            "time": [0.0, 0.0833, 0.1667, 0.25, 0.3333, 0.4, 0.4667, 0.5, 0.6, 0.8, 1.2, 1.5],
            "transform": [
                [-0.1463, 0.012704, -0.989159, -5e-06, -0.978856, 0.142644, 0.146609, 0.000946, 0.14296, 0.989693, -0.008433, 0.402631, 0.0, 0.0, 0.0, 1.0],
                [-0.909977, 0.050201, -0.411608, -0.100005, -0.410257, 0.035235, 0.911289, 0.200946, 0.06025, 0.998117, -0.011468, 0.426817, 0.0, 0.0, 0.0, 1.0],
                [-0.991665, 0.124799, -0.032034, -0.100005, -0.036719, -0.035428, 0.998697, 0.554272, 0.123502, 0.991549, 0.039715, 0.418911, 0.0, 0.0, 0.0, 1.0],
                [-0.686584, 0.169734, 0.70696, -5e-06, 0.724286, 0.244384, 0.644737, 1.007597, -0.063336, 0.954708, -0.290726, 0.471004, 0.0, 0.0, 0.0, 1.0],
                [-0.086128, 0.043118, 0.99535, 0.033948, 0.977429, 0.197103, 0.076039, 1.476303, -0.192908, 0.979434, -0.059121, 0.479451, 0.0, 0.0, 0.0, 1.0],
                [0.748022, 0.005814, 0.663648, 0.067902, 0.612294, 0.379737, -0.693467, 1.845009, -0.256044, 0.925076, 0.280491, 0.487897, 0.0, 0.0, 0.0, 1.0],
                [0.982336, -0.098301, 0.159224, 0.035344, 0.182943, 0.325638, -0.927627, 2.11488, 0.039337, 0.940371, 0.33787, 0.530189, 0.0, 0.0, 0.0, 1.0],
                [0.893826, -0.037889, -0.44681, 0.012786, -0.404299, 0.362888, -0.839557, 2.471922, 0.193952, 0.931062, 0.30904, 0.475292, 0.0, 0.0, 0.0, 1.0],
                [0.788614, -0.002173, -0.614884, 0.011933, -0.569289, 0.37533, -0.731462, 2.800946, 0.232374, 0.926889, 0.294754, 0.468013, 0.0, 0.0, 0.0, 1.0],
                [0.515972, 0.067352, -0.853954, 0.010227, -0.804981, 0.378974, -0.456492, 2.800946, 0.29288, 0.922953, 0.249757, 0.453456, 0.0, 0.0, 0.0, 1.0],
                [0.325727, 0.06122, -0.94348, -5e-06, -0.944995, 0.052499, -0.322844, 2.800946, 0.029767, 0.996743, 0.074953, 0.527212, 0.0, 0.0, 0.0, 1.0],
                [0.866468, -0.017453, -0.498927, -5e-06, -0.499003, -1e-06, -0.8666, 2.800946, 0.015124, 0.999848, -0.00871, 0.665339, 0.0, 0.0, 0.0, 1.0]
            ]
        },
        {
            "name": "Thigh_R",
            "time": [0.0, 0.0833, 0.1667, 0.25, 0.3333, 0.4, 0.4667, 0.5, 0.6, 0.8, 1.2, 1.5],
            "transform": [
                [0.948771, 0.246484, -0.197684, 0.146393, 0.262514, -0.266742, 0.927326, -0.02423, 0.175841, -0.931715, -0.317783, -0.021411, 0.0, 0.0, 0.0, 1.0],
                [0.98441, 0.153819, -0.085291, 0.140151, 0.127329, -0.288725, 0.948906, -0.017988, 0.121335, -0.944974, -0.30381, -0.01517, 0.0, 0.0, 0.0, 1.0],
                [0.983561, 0.145666, -0.10636, 0.137031, 0.138253, -0.230152, 0.963283, -0.014867, 0.115837, -0.962152, -0.246515, -0.012049, 0.0, 0.0, 0.0, 1.0],
                [0.987277, 0.027851, 0.156552, 0.13196, 0.083061, -0.929873, -0.358385, -0.021137, 0.135592, 0.366829, -0.920355, -0.001442, 0.0, 0.0, 0.0, 1.0],
                [0.952211, 0.305051, 0.015463, 0.128477, 0.303808, -0.951131, 0.055249, -0.011984, 0.031561, -0.047911, -0.998353, -0.000727, 0.0, 0.0, 0.0, 1.0],
                [0.974896, 0.212509, 0.066484, 0.124994, 0.154147, -0.859578, 0.487203, -0.002831, 0.160683, -0.464723, -0.870756, -1.2e-05, 0.0, 0.0, 0.0, 1.0],
                [0.959319, 0.281838, 0.016546, 0.124994, 0.235748, -0.831929, 0.502313, -0.00283, 0.155336, -0.477978, -0.864528, -1.2e-05, 0.0, 0.0, 0.0, 1.0],
                [0.921105, 0.388014, -0.031762, 0.124994, 0.376158, -0.865987, 0.329499, -0.00283, 0.100345, -0.315451, -0.943621, -1.2e-05, 0.0, 0.0, 0.0, 1.0],
                [0.904413, 0.420241, -0.073713, 0.124994, 0.417146, -0.834678, 0.359584, -0.002831, 0.089585, -0.355962, -0.930196, -1.2e-05, 0.0, 0.0, 0.0, 1.0],
                [0.863892, 0.477163, -0.161252, 0.124994, 0.498219, -0.762574, 0.41262, -0.00283, 0.073921, -0.436799, -0.896515, -1.2e-05, 0.0, 0.0, 0.0, 1.0],
                [0.928641, 0.265904, -0.258691, 0.127676, 0.365352, -0.534519, 0.762107, 0.001336, 0.064372, -0.802238, -0.593524, -0.003201, 0.0, 0.0, 0.0, 1.0],
                [0.898306, 0.363423, 0.246922, 0.124994, 0.326467, -0.92821, 0.178459, -0.00283, 0.294052, -0.079699, -0.952461, -1.2e-05, 0.0, 0.0, 0.0, 1.0]
            ]
        },
        {
            "name": "Leg_R",
            "time": [0.0, 0.0833, 0.1667, 0.25, 0.3333, 0.4, 0.4667, 0.5, 0.6, 0.8, 1.2, 1.5],
            "transform": [
                [0.993154, -0.116311, -0.010852, 0.0, 0.068183, 0.501749, 0.862322, 0.37472, -0.094853, -0.857158, 0.506245, 0.0, 0.0, 0.0, 0.0, 1.0],
                [0.992534, -0.121415, 0.011714, -0.0, 0.057756, 0.552366, 0.831599, 0.37472, -0.107439, -0.824712, 0.555254, -0.0, 0.0, 0.0, 0.0, 1.0],
                [0.997941, -0.030949, -0.056189, 0.0, 0.063041, 0.635271, 0.769713, 0.37472, 0.011873, -0.77167, 0.635913, 0.0, 0.0, 0.0, 0.0, 1.0],
                [0.99404, -0.04294, -0.100202, 0.0, 0.109011, 0.382773, 0.917388, 0.37472, -0.001038, -0.922844, 0.385173, -0.0, 0.0, 0.0, 0.0, 1.0],
                [0.988537, 0.067814, -0.134895, -0.0, 0.12758, 0.102597, 0.986507, 0.37472, 0.080739, -0.992408, 0.092769, 0.0, 0.0, 0.0, 0.0, 1.0],
                [0.992869, -0.091429, -0.076503, 0.0, 0.087256, 0.120073, 0.988923, 0.37472, -0.08123, -0.988545, 0.127195, 0.0, 0.0, 0.0, 0.0, 1.0],
                [0.993939, -0.093692, -0.057522, -0.0, 0.088527, 0.371806, 0.92408, 0.37472, -0.065192, -0.92357, 0.377846, -0.0, 0.0, 0.0, 0.0, 1.0],
                [0.998205, -0.035955, -0.047911, -0.0, 0.0599, 0.594335, 0.801984, 0.37472, -0.00036, -0.803413, 0.595422, -0.0, 0.0, 0.0, 0.0, 1.0],
                [0.997512, -0.049321, -0.050383, -0.0, 0.070493, 0.684066, 0.726006, 0.37472, -0.001342, -0.727751, 0.68584, -0.0, 0.0, 0.0, 0.0, 1.0],
                [0.995789, -0.076488, -0.050524, -0.0, 0.091667, 0.833681, 0.544587, 0.37472, 0.000467, -0.546927, 0.83718, 0.0, 0.0, 0.0, 0.0, 1.0],
                [0.998235, 0.028469, -0.052112, -0.0, 0.031246, 0.494442, 0.868649, 0.37472, 0.050496, -0.868744, 0.49268, 0.0, 0.0, 0.0, 0.0, 1.0],
                [0.995508, 0.013106, -0.093778, -0.0, 0.035592, 0.865957, 0.498851, 0.37472, 0.087746, -0.499947, 0.8616, 0.0, 0.0, 0.0, 0.0, 1.0]
            ]
        },
        {
            "name": "Knee_R",
            "time": [0.0, 0.6, 0.8, 1.2, 1.5],
            "transform": [
                [0.998166, -0.059693, 0.010079, 0.0, 0.038399, 0.495586, -0.86771, 0.37472, 0.046801, 0.866505, 0.496969, 0.0, 0.0, 0.0, 0.0, 1.0],
                [0.999351, -0.029883, -0.020112, -0.0, -0.006625, 0.396337, -0.918081, 0.37472, 0.035406, 0.917619, 0.395882, -0.0, 0.0, 0.0, 0.0, 1.0],
                [0.998924, -0.041968, -0.019714, -0.0, -0.006927, 0.285313, -0.958409, 0.37472, 0.045847, 0.957515, 0.284716, 0.0, 0.0, 0.0, 0.0, 1.0],
                [0.999526, 0.007209, -0.029915, -0.0, -0.029482, 0.502785, -0.863908, 0.37472, 0.008813, 0.864382, 0.502759, 0.0, 0.0, 0.0, 0.0, 1.0],
                [0.998856, 0.000371, -0.047812, -0.0, -0.046277, 0.258961, -0.964779, 0.37472, 0.012023, 0.965888, 0.258682, 0.0, 0.0, 0.0, 0.0, 1.0]
            ]
        },
        {
            "name": "Thigh_L",
            "time": [0.0, 0.0833, 0.1667, 0.25, 0.3333, 0.4, 0.4667, 0.5, 0.6, 0.8, 1.2, 1.5],
            "transform": [
                [0.594726, -0.783658, 0.17939, -0.125006, -0.803907, -0.581347, 0.125576, -0.002831, 0.00588, -0.218897, -0.97573, -1.2e-05, 0.0, 0.0, 0.0, 1.0],
                [0.900476, -0.430156, -0.064083, -0.125006, -0.405583, -0.88379, 0.233274, -0.002831, -0.15698, -0.184067, -0.970296, -1.2e-05, 0.0, 0.0, 0.0, 1.0],
                [0.982998, 0.121551, -0.137615, -0.125006, 0.180058, -0.491461, 0.852082, -0.002831, 0.035939, -0.862374, -0.504992, -1.2e-05, 0.0, 0.0, 0.0, 1.0],
                [0.994167, -0.076638, 0.075457, -0.125642, -0.107557, -0.706893, 0.699081, 0.007289, -0.00023, -0.703113, -0.711046, 0.004004, 0.0, 0.0, 0.0, 1.0],
                [0.934365, -0.343532, 0.09429, -0.125324, -0.267184, -0.500688, 0.823354, 0.002229, -0.23563, -0.794505, -0.559634, 0.001996, 0.0, 0.0, 0.0, 1.0],
                [0.754341, -0.656098, -0.02251, -0.125006, -0.585983, -0.688394, 0.427481, -0.002831, -0.295965, -0.309276, -0.903745, -1.2e-05, 0.0, 0.0, 0.0, 1.0],
                [0.918808, -0.394094, 0.021947, -0.125006, -0.293651, -0.645357, 0.705185, -0.00283, -0.263745, -0.654374, -0.708685, -1.2e-05, 0.0, 0.0, 0.0, 1.0],
                [0.787909, -0.424138, 0.446439, -0.125006, -0.532885, -0.106302, 0.839484, -0.00283, -0.308599, -0.899337, -0.309773, -1.2e-05, 0.0, 0.0, 0.0, 1.0],
                [0.737171, -0.523899, 0.426743, -0.125006, -0.545788, -0.089325, 0.833149, -0.002831, -0.398367, -0.847084, -0.351785, -1.2e-05, 0.0, 0.0, 0.0, 1.0],
                [0.594473, -0.710708, 0.376159, -0.125006, -0.578144, -0.052636, 0.814235, -0.00283, -0.558884, -0.701515, -0.442182, -1.2e-05, 0.0, 0.0, 0.0, 1.0],
                [0.792631, -0.598936, -0.114067, -0.13037, -0.468205, -0.717772, 0.515353, 0.001336, -0.390536, -0.355078, -0.849354, 0.006366, 0.0, 0.0, 0.0, 1.0],
                [0.94263, -0.330104, -0.049806, -0.120122, -0.27321, -0.848537, 0.453149, 0.011518, -0.191849, -0.413544, -0.890044, 0.013136, 0.0, 0.0, 0.0, 1.0]
            ]
        },
        {
            "name": "Leg_L",
            "time": [0.0, 0.0833, 0.1667, 0.25, 0.3333, 0.4, 0.4667, 0.5, 0.6, 0.8, 1.2, 1.5],
            "transform": [
                [0.9959, 0.084721, 0.031673, 0.0, -0.051041, 0.237334, 0.970086, 0.37472, 0.074669, -0.967726, 0.240685, -0.0, 0.0, 0.0, 0.0, 1.0],
                [0.974038, 0.167208, 0.152608, 0.0, -0.145239, -0.055524, 0.987836, 0.37472, 0.173647, -0.984356, -0.029797, -0.0, 0.0, 0.0, 0.0, 1.0],
                [0.997678, -0.047902, 0.048367, -0.0, -0.060263, -0.291074, 0.954799, 0.37472, -0.031659, -0.955499, -0.293285, 0.0, 0.0, 0.0, 0.0, 1.0],
                [0.988559, 0.149982, 0.015793, -0.0, -0.130057, 0.794819, 0.592744, 0.37472, 0.076349, -0.588019, 0.805234, -0.0, 0.0, 0.0, 0.0, 1.0],
                [0.978399, 0.190457, 0.080363, -0.0, -0.172952, 0.541261, 0.822873, 0.37472, 0.113225, -0.819, 0.56251, -0.0, 0.0, 0.0, 0.0, 1.0],
                [0.997902, 0.008915, 0.064115, 0.0, -0.057375, 0.580411, 0.812299, 0.37472, -0.029971, -0.814275, 0.579705, 0.0, 0.0, 0.0, 0.0, 1.0],
                [0.986616, 0.152911, 0.056615, 0.0, -0.077936, 0.137248, 0.987465, 0.37472, 0.143224, -0.978662, 0.147329, 0.0, 0.0, 0.0, 0.0, 1.0],
                [0.995578, -0.074937, 0.056642, -0.0, -0.032053, 0.295792, 0.954714, 0.37472, -0.088298, -0.952309, 0.292082, 0.0, 0.0, 0.0, 0.0, 1.0],
                [0.99366, -0.093947, 0.061748, -0.0, -0.029639, 0.310905, 0.949978, 0.37472, -0.108445, -0.945787, 0.306149, 0.0, 0.0, 0.0, 0.0, 1.0],
                [0.988627, -0.131591, 0.072797, 0.0, -0.023851, 0.340747, 0.939852, 0.37472, -0.148481, -0.930901, 0.333733, 0.0, 0.0, 0.0, 0.0, 1.0],
                [0.998803, -0.036017, 0.033076, 0.0, -0.015647, 0.405423, 0.913995, 0.37472, -0.046329, -0.913419, 0.404375, -0.0, 0.0, 0.0, 0.0, 1.0],
                [0.999744, 0.018278, 0.013307, -0.0, -0.022337, 0.889621, 0.45615, 0.37472, -0.003501, -0.456331, 0.889802, -0.0, 0.0, 0.0, 0.0, 1.0]
            ]
        },
        {
            "name": "Knee_L",
            "time": [0.0, 0.6, 0.8, 1.2, 1.5],
            "transform": [
                [0.998853, 0.047872, 0.001212, 0.0, -0.028552, 0.615682, -0.787476, 0.37472, -0.038444, 0.786539, 0.616343, -0.0, 0.0, 0.0, 0.0, 1.0],
                [0.998247, -0.036989, 0.046207, -0.0, 0.059122, 0.586066, -0.808104, 0.37472, 0.00281, 0.809419, 0.587225, 0.0, 0.0, 0.0, 0.0, 1.0],
                [0.996869, -0.054409, 0.057377, 0.0, 0.078215, 0.57195, -0.816551, 0.37472, 0.011611, 0.818482, 0.574415, 0.0, 0.0, 0.0, 0.0, 1.0],
                [0.999675, -0.013104, 0.021886, 0.0, 0.025491, 0.54513, -0.837964, 0.37472, -0.00095, 0.838249, 0.545287, -0.0, 0.0, 0.0, 0.0, 1.0],
                [0.999935, 0.009932, 0.005564, -0.0, 0.003078, 0.234715, -0.972059, 0.37472, -0.010961, 0.972014, 0.234669, -0.0, 0.0, 0.0, 0.0, 1.0]
            ]
        },
        {
            "name": "Torso",
            "time": [0.0, 0.0833, 0.1667, 0.25, 0.3333, 0.4, 0.4333, 0.4667, 0.5, 0.6, 0.8, 1.2, 1.5],
            "transform": [
                [0.919068, -0.393787, 0.015717, 0.0, 0.390053, 0.914606, 0.106556, 0.05, -0.056336, -0.091801, 0.994182, -0.0, 0.0, 0.0, 0.0, 1.0],
                [0.954429, -0.283855, 0.092154, -0.0, 0.294319, 0.844114, -0.44816, 0.05, 0.049424, 0.45486, 0.88919, 0.0, 0.0, 0.0, 0.0, 1.0],
                [0.925404, -0.313779, 0.212534, 0.0, 0.365341, 0.589495, -0.720431, 0.05, 0.100769, 0.744337, 0.660157, 0.0, 0.0, 0.0, 0.0, 1.0],
                [0.996976, -0.058009, 0.051705, -0.0, 0.076274, 0.85772, -0.508427, 0.05, -0.014855, 0.510833, 0.859551, -0.0, 0.0, 0.0, 0.0, 1.0],
                [0.931116, 0.360362, 0.056229, -0.0, -0.264966, 0.774298, -0.574679, 0.05, -0.250631, 0.520194, 0.816445, -0.0, 0.0, 0.0, 0.0, 1.0],
                [0.95827, 0.270743, 0.091744, -0.0, -0.235413, 0.929468, -0.284026, 0.05, -0.162171, 0.250575, 0.954417, 0.0, 0.0, 0.0, 0.0, 1.0],
                [0.883116, 0.448291, 0.138355, 0.0, -0.404052, 0.876616, -0.261318, 0.05, -0.23843, 0.174871, 0.955286, 0.0, 0.0, 0.0, 0.0, 1.0],
                [0.995724, -0.065045, 0.065598, -0.0, 0.061857, 0.996857, 0.049507, 0.05, -0.068612, -0.045238, 0.996617, 0.0, 0.0, 0.0, 0.0, 1.0],
                [0.960871, -0.2638, 0.084478, 0.0, 0.26257, 0.964574, 0.025559, 0.05, -0.088228, -0.002377, 0.996097, 0.0, 0.0, 0.0, 0.0, 1.0],
                [0.947157, -0.31013, 0.081937, -0.0, 0.312326, 0.949854, -0.01517, 0.05, -0.073123, 0.039959, 0.996522, -0.0, 0.0, 0.0, 0.0, 1.0],
                [0.912735, -0.400083, 0.082752, -0.0, 0.406904, 0.908383, -0.096275, 0.05, -0.036652, 0.121545, 0.991909, -0.0, 0.0, 0.0, 0.0, 1.0],
                [0.965892, -0.216279, 0.142392, -0.0, 0.239923, 0.95435, -0.177915, 0.05, -0.097413, 0.20601, 0.973689, 0.0, 0.0, 0.0, 0.0, 1.0],
                [0.99907, -0.025971, -0.034436, 0.0, 0.030253, 0.99101, 0.130326, 0.05, 0.030741, -0.131246, 0.990873, 0.0, 0.0, 0.0, 0.0, 1.0]
            ]
        },
        {
            "name": "Chest",
            "time": [0.0, 0.0833, 0.1667, 0.25, 0.3333, 0.4, 0.4667, 0.5, 0.6, 0.8, 1.2, 1.5],
            "transform": [
                [0.792215, 0.076826, -0.605387, -0.0, 0.272963, 0.842655, 0.464137, 0.3, 0.545792, -0.532944, 0.646593, 0.0, 0.0, 0.0, 0.0, 1.0],
                [0.863093, -0.204607, -0.461743, 0.0, 0.421988, 0.794473, 0.436735, 0.3, 0.277484, -0.571793, 0.772046, 0.0, 0.0, 0.0, 0.0, 1.0],
                [0.93904, 0.043098, -0.341097, -0.0, 0.14591, 0.848379, 0.508883, 0.3, 0.311312, -0.527631, 0.790373, -0.0, 0.0, 0.0, 0.0, 1.0],
                [0.974362, -0.037283, -0.221878, -0.0, 0.131115, 0.8955, 0.42531, 0.3, 0.182835, -0.443498, 0.877429, 0.0, 0.0, 0.0, 0.0, 1.0],
                [0.928984, -0.270706, 0.252404, 0.0, 0.201696, 0.942063, 0.268023, 0.3, -0.310336, -0.19808, 0.929761, 0.0, 0.0, 0.0, 0.0, 1.0],
                [0.599192, -0.294834, 0.74434, -0.0, 0.368846, 0.926836, 0.070201, 0.3, -0.710579, 0.232483, 0.664101, 0.0, 0.0, 0.0, 0.0, 1.0],
                [0.957229, -0.107461, 0.268636, 0.0, 0.107088, 0.99412, 0.016086, 0.3, -0.268785, 0.013369, 0.963107, -0.0, 0.0, 0.0, 0.0, 1.0],
                [0.952545, 0.104304, -0.285969, 0.0, -0.032248, 0.968753, 0.245924, 0.3, 0.302684, -0.225031, 0.926144, 0.0, 0.0, 0.0, 0.0, 1.0],
                [0.865235, 0.098941, -0.491508, -0.0, 0.050906, 0.957932, 0.282445, 0.3, 0.498776, -0.269402, 0.823799, 0.0, 0.0, 0.0, 0.0, 1.0],
                [0.582016, 0.116906, -0.80473, 0.0, 0.221163, 0.929551, 0.294995, 0.3, 0.782524, -0.349668, 0.515158, -0.0, 0.0, 0.0, 0.0, 1.0],
                [0.680813, 0.129097, -0.72099, -0.0, 0.040238, 0.976266, 0.212802, 0.3, 0.731351, -0.17389, 0.659461, 0.0, 0.0, 0.0, 0.0, 1.0],
                [0.911735, -0.000276, -0.410779, 0.0, 0.001391, 0.999996, 0.002416, 0.3, 0.410777, -0.002775, 0.911732, 0.0, 0.0, 0.0, 0.0, 1.0]
            ]
        },
        {
            "name": "Head",
            "time": [0.0, 0.0833, 0.1667, 0.25, 0.3333, 0.4, 0.4667, 0.5, 0.6, 0.8, 1.2, 1.5],
            "transform": [
                [0.826347, 0.478722, 0.296603, -0.0, -0.403508, 0.870709, -0.281155, 0.4, -0.392849, 0.11265, 0.912678, 0.0, 0.0, 0.0, 0.0, 1.0],
                [0.733424, 0.441603, 0.516793, -0.0, -0.496885, 0.86708, -0.035757, 0.4, -0.463892, -0.230561, 0.855364, -0.0, 0.0, 0.0, 0.0, 1.0],
                [0.968096, 0.235995, 0.084232, 0.0, -0.25038, 0.897684, 0.362594, 0.4, 0.009956, -0.372115, 0.928133, 0.0, 0.0, 0.0, 0.0, 1.0],
                [0.461872, -0.012191, -0.886862, 0.0, 0.418277, 0.884727, 0.205675, 0.4, 0.782124, -0.46595, 0.413731, 0.0, 0.0, 0.0, 0.0, 1.0],
                [0.510614, -0.048374, -0.858448, 0.0, 0.500733, 0.828362, 0.251163, 0.400001, 0.698956, -0.558101, 0.447196, 0.0, 0.0, 0.0, 0.0, 1.0],
                [0.512351, 0.205214, -0.833897, -0.0, 0.040446, 0.964185, 0.262127, 0.4, 0.857823, -0.168028, 0.485701, 0.0, 0.0, 0.0, 0.0, 1.0],
                [0.869082, 0.200406, -0.452255, 0.0, -0.289552, 0.947362, -0.13662, 0.400001, 0.401069, 0.249685, 0.881363, 0.0, 0.0, 0.0, 0.0, 1.0],
                [0.742718, 0.377518, 0.553037, -0.0, -0.125659, 0.889824, -0.438661, 0.400001, -0.657708, 0.256307, 0.708327, 0.0, 0.0, 0.0, 0.0, 1.0],
                [0.455759, 0.466777, 0.757894, -0.0, -0.137815, 0.878205, -0.457999, 0.400001, -0.879369, 0.104288, 0.464579, 0.0, 0.0, 0.0, 0.0, 1.0],
                [-0.199683, 0.445543, 0.872707, -0.0, -0.128345, 0.871078, -0.474078, 0.4, -0.971419, -0.206673, -0.116756, -0.0, 0.0, 0.0, 0.0, 1.0],
                [0.03957, -0.089211, 0.995226, 0.0, -0.095142, 0.991145, 0.092628, 0.400001, -0.994677, -0.098353, 0.030732, 0.0, 0.0, 0.0, 0.0, 1.0],
                [0.590851, 0.083066, 0.802493, -0.0, -0.005332, 0.995066, -0.099074, 0.4, -0.806763, 0.054259, 0.588379, -0.0, 0.0, 0.0, 0.0, 1.0]
            ]
        },
        {
            "name": "Shoulder_R",
            "time": [0.0, 0.0833, 0.1667, 0.25, 0.3333, 0.4, 0.4667, 0.5, 0.6, 0.8, 1.2, 1.5],
            "transform": [
                [0.257893, 0.945643, 0.198115, -0.0, -0.069064, -0.186484, 0.980028, 0.4, 0.963703, -0.266425, 0.017217, 0.0, 0.0, 0.0, 0.0, 1.0],
                [0.482982, 0.845774, 0.226704, -0.0, -0.129339, -0.187155, 0.973779, 0.4, 0.866026, -0.499639, 0.018999, -0.0, 0.0, 0.0, 0.0, 1.0],
                [0.345291, 0.912142, 0.220843, 0.0, -0.092467, -0.201106, 0.975196, 0.4, 0.93393, -0.357147, 0.014904, 0.0, 0.0, 0.0, 0.0, 1.0],
                [0.482982, 0.839725, 0.248172, 0.0, -0.129339, -0.211896, 0.968696, 0.4, 0.866026, -0.49996, 0.006268, 0.0, 0.0, 0.0, 0.0, 1.0],
                [0.482982, 0.836983, 0.257269, 0.0, -0.129339, -0.222394, 0.966339, 0.400001, 0.866026, -0.499999, 0.000842, 0.0, 0.0, 0.0, 0.0, 1.0],
                [0.482982, 0.834163, 0.266273, -0.0, -0.129339, -0.232794, 0.963887, 0.4, 0.866025, -0.499979, -0.004545, 0.0, 0.0, 0.0, 0.0, 1.0],
                [0.482981, 0.823045, 0.298872, 0.0, -0.129339, -0.270521, 0.953986, 0.400001, 0.866025, -0.499414, -0.024205, 0.0, 0.0, 0.0, 0.0, 1.0],
                [0.482982, 0.8107, 0.330899, -0.0, -0.129339, -0.307701, 0.942651, 0.400001, 0.866025, -0.498081, -0.043759, 0.0, 0.0, 0.0, 0.0, 1.0],
                [0.482982, 0.820186, 0.306633, -0.0, -0.129339, -0.27952, 0.951388, 0.400001, 0.866025, -0.499163, -0.028921, 0.0, 0.0, 0.0, 0.0, 1.0],
                [0.468661, 0.84512, 0.257154, -0.0, -0.125504, -0.224449, 0.96637, 0.4, 0.874417, -0.485174, 0.000876, -0.0, 0.0, 0.0, 0.0, 1.0],
                [0.135519, 0.934896, 0.328032, 0.0, -0.036293, -0.32618, 0.944611, 0.400001, 0.990111, -0.139918, -0.010273, 0.0, 0.0, 0.0, 0.0, 1.0],
                [0.075492, 0.903463, 0.42197, -0.0, -0.020219, -0.421703, 0.90651, 0.4, 0.996943, -0.076966, -0.013568, -0.0, 0.0, 0.0, 0.0, 1.0]
            ]
        },
        {
            "name": "Arm_R",
            "time": [0.0, 0.0833, 0.1667, 0.25, 0.3333, 0.4, 0.4333, 0.4667, 0.5, 0.6, 0.8, 1.2, 1.5],
            "transform": [
                [-0.225515, -0.898553, -0.376492, -0.0, 0.083746, 0.367137, -0.92639, 0.388213, 0.970634, -0.240444, -0.007544, 1e-06, 0.0, 0.0, 0.0, 1.0],
                [-0.15827, -0.98619, -0.048774, 0.0, -0.377686, 0.106105, -0.919835, 0.388213, 0.912307, -0.12716, -0.389263, 0.0, 0.0, 0.0, 0.0, 1.0],
                [-0.24088, -0.948077, -0.207668, 0.0, -0.541614, 0.308862, -0.78183, 0.388213, 0.805376, -0.075851, -0.587891, 1e-06, 0.0, 0.0, 0.0, 1.0],
                [0.064785, -0.977099, -0.202681, -0.0, -0.629816, 0.117508, -0.767805, 0.388213, 0.774038, 0.177395, -0.60778, 0.0, 0.0, 0.0, 0.0, 1.0],
                [-0.151092, -0.917679, -0.367472, 0.0, -0.587615, 0.382309, -0.713126, 0.388213, 0.794909, 0.108184, -0.597006, 0.0, 0.0, 0.0, 0.0, 1.0],
                [0.04782, -0.85387, -0.518285, 0.0, -0.34357, 0.473157, -0.811222, 0.388213, 0.937908, 0.21686, -0.270738, 0.0, 0.0, 0.0, 0.0, 1.0],
                [0.45424, -0.541732, -0.707243, -0.0, -0.09545, 0.759707, -0.643222, 0.388213, 0.885751, 0.359684, 0.293381, 1e-06, 0.0, 0.0, 0.0, 1.0],
                [0.725658, -0.42185, -0.543566, -0.0, 0.440894, 0.891589, -0.103351, 0.388213, 0.528236, -0.164657, 0.832979, 1e-06, 0.0, 0.0, 0.0, 1.0],
                [0.100978, -0.191159, -0.976351, 0.0, 0.653473, 0.752732, -0.079792, 0.388213, 0.750184, -0.629962, 0.200926, 0.0, 0.0, 0.0, 0.0, 1.0],
                [-0.100823, 0.528533, -0.842904, -0.0, 0.613566, 0.699957, 0.365508, 0.388213, 0.78318, -0.480326, -0.394862, 1e-06, 0.0, 0.0, 0.0, 1.0],
                [-0.470908, 0.402877, -0.784816, -0.0, 0.530003, 0.840381, 0.113386, 0.388213, 0.705225, -0.36256, -0.609268, 1e-06, 0.0, 0.0, 0.0, 1.0],
                [-0.542361, 0.074996, -0.836791, 0.0, 0.287496, 0.952443, -0.100978, 0.388213, 0.789424, -0.29534, -0.538129, 0.0, 0.0, 0.0, 0.0, 1.0],
                [0.397566, 0.065958, -0.915199, 0.0, 0.674104, 0.655684, 0.340088, 0.388213, 0.622514, -0.752146, 0.216215, 1e-06, 0.0, 0.0, 0.0, 1.0]
            ]
        },
        {
            "name": "Hand_R",
            "time": [0.0, 0.0833, 0.1667, 0.25, 0.3333, 0.4, 0.4667, 0.5, 0.6, 0.8, 1.2, 1.5],
            "transform": [
                [0.993243, -0.111286, -0.032911, -0.0, 0.104993, 0.982526, -0.153684, 0.329779, 0.049439, 0.14919, 0.987571, -0.0, 0.0, 0.0, 0.0, 1.0],
                [0.988897, -0.148256, 0.010103, 0.0, 0.142202, 0.924395, -0.353938, 0.329779, 0.043134, 0.351445, 0.935214, 0.0, 0.0, 0.0, 0.0, 1.0],
                [0.992197, -0.124671, -0.001545, -0.0, 0.119915, 0.957588, -0.262002, 0.329779, 0.034143, 0.259772, 0.965066, 0.0, 0.0, 0.0, 0.0, 1.0],
                [0.995339, 0.09535, -0.014451, -0.0, -0.096367, 0.98915, -0.110888, 0.329779, 0.003722, 0.111764, 0.993728, -0.0, 0.0, 0.0, 0.0, 1.0],
                [0.96061, 0.271854, -0.057656, 0.0, -0.2779, 0.939824, -0.19875, 0.329779, 0.000155, 0.206944, 0.978353, -0.0, 0.0, 0.0, 0.0, 1.0],
                [0.893459, 0.433971, -0.11576, -0.0, -0.448653, 0.850259, -0.275266, 0.329779, -0.021031, 0.297875, 0.954373, 0.0, 0.0, 0.0, 0.0, 1.0],
                [0.970245, 0.242123, 0.001176, -0.0, -0.241892, 0.969509, -0.03925, 0.329779, -0.010644, 0.037798, 0.999229, 0.0, 0.0, 0.0, 0.0, 1.0],
                [0.999723, 0.023522, 0.00039, -0.0, -0.023497, 0.999189, -0.032695, 0.329779, -0.001159, 0.032677, 0.999465, 0.0, 0.0, 0.0, 0.0, 1.0],
                [0.999925, 0.01222, 0.00033, -0.0, -0.012204, 0.99946, -0.03051, 0.329779, -0.000703, 0.030504, 0.999534, 0.0, 0.0, 0.0, 0.0, 1.0],
                [0.999946, -0.010191, 0.001935, 0.0, 0.010372, 0.979878, -0.199327, 0.329779, 0.000135, 0.199337, 0.979931, -0.0, 0.0, 0.0, 0.0, 1.0],
                [0.998555, -0.034524, 0.041189, 0.0, 0.050654, 0.860707, -0.506575, 0.32978, -0.017963, 0.507929, 0.861212, 0.0, 0.0, 0.0, 0.0, 1.0],
                [0.99713, -0.075703, -7.1e-05, 0.0, 0.074767, 0.984956, -0.155787, 0.329779, 0.011863, 0.155334, 0.987792, 0.0, 0.0, 0.0, 0.0, 1.0]
            ]
        },
        {
            "name": "Tool_R",
            "time": [0.0, 0.0833, 0.1667, 0.25, 0.3333, 0.4, 0.4667, 0.5, 0.6, 0.8, 1.2, 1.5],
            "transform": [
                [0.99856, -0.035014, 0.040643, -0.02, -0.019885, -0.945246, -0.325753, 0.291425, 0.049824, 0.324475, -0.944582, 0.0, 0.0, 0.0, 0.0, 1.0],
                [0.999277, -0.037964, 0.002262, -0.02, -0.031408, -0.857337, -0.513797, 0.291425, 0.021446, 0.513354, -0.857909, 0.0, 0.0, 0.0, 0.0, 1.0],
                [0.999543, -0.028869, 0.00895, -0.02, -0.02745, -0.991004, -0.130986, 0.291425, 0.012651, 0.13068, -0.991345, -0.0, 0.0, 0.0, 0.0, 1.0],
                [0.999029, 0.013261, 0.042014, -0.02, 0.014049, -0.99973, -0.018508, 0.291425, 0.041757, 0.01908, -0.998946, 0.0, 0.0, 0.0, 0.0, 1.0],
                [0.999751, 0.006688, 0.021289, -0.02, 0.007145, -0.999744, -0.021484, 0.291425, 0.02114, 0.021631, -0.999543, 0.0, 0.0, 0.0, 0.0, 1.0],
                [1.0, 0.0, 0.0, -0.02, 0.0, -0.999703, -0.024388, 0.291425, 0.0, 0.024388, -0.999703, 1e-06, 0.0, 0.0, 0.0, 1.0],
                [1.0, 0.0, 0.0, -0.02, 0.0, -0.750052, -0.661379, 0.291425, 0.0, 0.661379, -0.750052, 1e-06, 0.0, 0.0, 0.0, 1.0],
                [1.0, 0.0, 0.0, -0.02, 0.0, -0.723638, -0.69018, 0.291425, 0.0, 0.69018, -0.723638, 0.0, 0.0, 0.0, 0.0, 1.0],
                [1.0, 0.0, 0.0, -0.02, 0.0, -0.951737, -0.306916, 0.291426, 0.0, 0.306916, -0.951737, 0.0, 0.0, 0.0, 0.0, 1.0],
                [1.0, 0.0, 0.0, -0.02, 0.0, -0.979893, -0.199525, 0.291425, 0.0, 0.199525, -0.979893, 0.0, 0.0, 0.0, 0.0, 1.0],
                [0.99982, -0.017791, 0.006626, -0.02, -0.017224, -0.996839, -0.077567, 0.291425, 0.007985, 0.077439, -0.996965, 0.0, 0.0, 0.0, 0.0, 1.0],
                [0.998991, -0.044649, -0.004885, -0.021317, -0.043683, -0.991115, 0.125633, 0.261461, -0.010451, -0.125293, -0.992065, -0.000627, 0.0, 0.0, 0.0, 1.0]
            ]
        },
        {
            "name": "Elbow_R",
            "time": [0.0, 0.6, 0.8, 1.2, 1.5],
            "transform": [
                [-1.0, -0.0, -0.0, -0.0, 1e-06, 0.074897, -0.997191, 0.329779, 0.0, -0.997191, -0.074897, -0.0, 0.0, 0.0, 0.0, 1.0],
                [-1.0, 0.0, -1e-06, -0.0, 0.0, 0.015254, -0.999884, 0.329779, 0.0, -0.999884, -0.015254, 0.0, 0.0, 0.0, 0.0, 1.0],
                [-1.0, -0.0, -0.0, 0.0, 0.0, 0.100172, -0.99497, 0.329779, 0.0, -0.99497, -0.100172, -0.0, 0.0, 0.0, 0.0, 1.0],
                [-1.0, 0.0, -1e-06, 0.0, 1e-06, 0.263296, -0.964715, 0.32978, -0.0, -0.964716, -0.263296, 0.0, 0.0, 0.0, 0.0, 1.0],
                [-1.0, 0.0, -1e-06, 0.0, 1e-06, 0.07791, -0.996961, 0.329779, -0.0, -0.996961, -0.07791, 0.0, 0.0, 0.0, 0.0, 1.0]
            ]
        },
        {
            "name": "Shoulder_L",
            "time": [0.0, 0.25, 0.4, 0.5, 0.6, 0.8, 1.2, 1.5],
            "transform": [
                [0.0, -0.965964, -0.258673, -0.0, -0.0, -0.258673, 0.965965, 0.4, -1.0, -0.0, -0.0, 0.0, 0.0, 0.0, 0.0, 1.0],
                [1e-06, -0.965964, -0.258673, 0.0, -0.0, -0.258673, 0.965965, 0.4, -0.999999, -0.0, -0.0, 0.0, 0.0, 0.0, 0.0, 1.0],
                [0.0, -0.965964, -0.258673, -0.0, -0.0, -0.258673, 0.965965, 0.4, -1.0, -0.0, -0.0, 0.0, 0.0, 0.0, 0.0, 1.0],
                [-0.167737, -0.951289, -0.258673, -0.0, -0.044918, -0.254743, 0.965965, 0.400001, -0.984807, 0.173648, -0.0, 0.0, 0.0, 0.0, 0.0, 1.0],
                [-0.195333, -0.946008, -0.258673, -0.0, -0.052308, -0.253329, 0.965965, 0.400001, -0.979341, 0.202215, -0.0, 0.0, 0.0, 0.0, 0.0, 1.0],
                [-0.25001, -0.93305, -0.258673, -0.0, -0.06695, -0.249859, 0.965965, 0.4, -0.965925, 0.258819, -0.0, -0.0, 0.0, 0.0, 0.0, 1.0],
                [-0.167738, -0.951289, -0.258674, 0.0, -0.044918, -0.254743, 0.965965, 0.400001, -0.984807, 0.173648, -0.0, 0.0, 0.0, 0.0, 0.0, 1.0],
                [0.0, -0.965964, -0.258673, -0.0, -0.0, -0.258673, 0.965965, 0.4, -0.999999, -0.0, -0.0, -0.0, 0.0, 0.0, 0.0, 1.0]
            ]
        },
        {
            "name": "Arm_L",
            "time": [0.0, 0.25, 0.4, 0.5, 0.6, 0.8, 1.2, 1.5],
            "transform": [
                [0.030154, 0.171011, 0.984807, 0.0, -0.767459, 0.635194, -0.086802, 0.388212, -0.640388, -0.753182, 0.150398, 1e-06, 0.0, 0.0, 0.0, 1.0],
                [0.050688, -0.273042, 0.960666, 0.0, -0.577204, 0.776975, 0.251289, 0.388212, -0.815026, -0.567237, -0.118218, 1e-06, 0.0, 0.0, 0.0, 1.0],
                [0.005839, -0.587601, 0.809129, -0.0, -0.515266, 0.691688, 0.506032, 0.388213, -0.857011, -0.419871, -0.298732, 1e-06, 0.0, 0.0, 0.0, 1.0],
                [0.200355, 0.212079, 0.956494, 0.0, -0.669652, 0.742277, -0.024311, 0.388212, -0.71514, -0.635647, 0.290738, 1e-06, 0.0, 0.0, 0.0, 1.0],
                [0.15627, 0.138856, 0.977905, -0.0, -0.597966, 0.801314, -0.018226, 0.388212, -0.78614, -0.581906, 0.208252, 1e-06, 0.0, 0.0, 0.0, 1.0],
                [0.04537, 0.002799, 0.998966, 0.0, -0.441664, 0.897009, 0.017546, 0.388213, -0.896033, -0.442003, 0.041934, 1e-06, 0.0, 0.0, 0.0, 1.0],
                [-0.005339, -0.221562, 0.975132, -0.0, -0.856874, 0.503707, 0.109757, 0.388212, -0.515499, -0.834978, -0.19254, 1e-06, 0.0, 0.0, 0.0, 1.0],
                [0.267419, -0.249999, 0.930585, 0.0, -0.793114, 0.491357, 0.359916, 0.388212, -0.547228, -0.834307, -0.06688, 1e-06, 0.0, 0.0, 0.0, 1.0]
            ]
        },
        {
            "name": "Hand_L",
            "time": [0.0, 0.25, 0.4, 0.5, 0.6, 0.8, 1.2, 1.5],
            "transform": [
                [0.985925, 0.166491, -0.015236, -0.0, -0.135465, 0.74212, -0.656435, 0.329779, -0.097984, 0.64926, 0.754228, -0.0, 0.0, 0.0, 0.0, 1.0],
                [0.981737, -0.14164, 0.127008, -0.0, 0.176283, 0.42625, -0.887263, 0.329779, 0.071534, 0.893448, 0.443434, -0.0, 0.0, 0.0, 0.0, 1.0],
                [0.981737, -0.14164, 0.127008, 0.0, 0.176283, 0.42625, -0.887263, 0.329779, 0.071534, 0.893448, 0.443434, 0.0, 0.0, 0.0, 0.0, 1.0],
                [0.999868, -0.008976, 0.013556, 0.0, 0.01616, 0.640213, -0.768027, 0.329779, -0.001785, 0.768145, 0.640274, 0.0, 0.0, 0.0, 0.0, 1.0],
                [0.998578, 0.052581, 0.008821, -0.0, -0.028822, 0.671571, -0.740379, 0.329779, -0.044854, 0.739071, 0.672132, 0.0, 0.0, 0.0, 0.0, 1.0],
                [0.985687, 0.168442, 0.007003, -0.0, -0.118121, 0.719664, -0.684201, 0.329779, -0.120288, 0.67358, 0.72926, -0.0, 0.0, 0.0, 0.0, 1.0],
                [0.98106, 0.145517, -0.12785, 0.0, -0.191694, 0.634541, -0.74874, 0.329779, -0.027828, 0.759067, 0.650418, -0.0, 0.0, 0.0, 0.0, 1.0],
                [0.965926, 0.25882, 0.0, -0.0, -0.198267, 0.739942, -0.642787, 0.329779, -0.166366, 0.620885, 0.766045, 0.0, 0.0, 0.0, 0.0, 1.0]
            ]
        },
        {
            "name": "Tool_L",
            "time": [0.0, 0.25, 0.6, 0.8, 1.2, 1.5],
            "transform": [
                [1.0, 0.0, 0.0, 0.02, 0.0, -1.0, 0.0, 0.291426, 0.0, 0.0, -1.0, -0.0, 0.0, 0.0, 0.0, 1.0],
                [0.707106, 0.0, 0.707107, 0.02, 0.0, -1.0, 0.0, 0.291426, 0.707107, -0.0, -0.707107, -0.0, 0.0, 0.0, 0.0, 1.0],
                [0.834891, 0.0, 0.550416, 0.02, 0.0, -1.0, 0.0, 0.291426, 0.550416, -0.0, -0.834891, -0.0, 0.0, 0.0, 0.0, 1.0],
                [0.899301, 0.0, 0.43733, 0.02, 0.0, -1.0, 0.0, 0.291426, 0.43733, 0.0, -0.899301, 0.0, 0.0, 0.0, 0.0, 1.0],
                [0.981674, 0.0, 0.190569, 0.02, 0.0, -1.0, -0.0, 0.291426, 0.190569, -0.0, -0.981674, -0.0, 0.0, 0.0, 0.0, 1.0],
                [1.0, 0.0, 0.0, 0.02, 0.0, -1.0, -0.0, 0.291426, 0.0, 0.0, -1.0, -0.0, 0.0, 0.0, 0.0, 1.0]
            ]
        },
        {
            "name": "Elbow_L",
            "time": [0.0, 0.6, 0.8, 1.2, 1.5],
            "transform": [
                [-1.0, 0.0, -0.0, -0.0, 0.0, 0.34794, -0.937517, 0.329779, 0.0, -0.937517, -0.34794, -0.0, 0.0, 0.0, 0.0, 1.0],
                [-1.0, 0.0, -0.0, -0.0, 1e-06, 0.404469, -0.914551, 0.329779, -0.0, -0.914552, -0.404469, 0.0, 0.0, 0.0, 0.0, 1.0],
                [-1.0, -0.0, -0.0, -0.0, 0.0, 0.364284, -0.931288, 0.329779, 0.0, -0.931288, -0.364284, -0.0, 0.0, 0.0, 0.0, 1.0],
                [-1.0, 0.0, -0.0, 0.0, 0.0, 0.41793, -0.90848, 0.329779, 0.0, -0.90848, -0.41793, -0.0, 0.0, 0.0, 0.0, 1.0],
                [-1.0, 0.0, -1e-06, -0.0, 1e-06, 0.334012, -0.942569, 0.329779, 0.0, -0.942569, -0.334012, 0.0, 0.0, 0.0, 0.0, 1.0]
            ]
        }
    ]
}