{

    "animation": [
        {
            "name": "Root",
            "time": [0.0, 0.0667, 0.1333, 0.1667, 0.2, 0.3, 0.6, 1.0],
            "transform": [
                [0.790384, -0.018784, 0.612324, -5e-06, 0.592363, 0.278296, -0.75608, 0.000946, -0.156205, 0.960312, 0.231087, 0.545445, 0.0, 0.0, 0.0, 1.0],
                [0.971577, -0.018971, 0.235964, -5e-06, 0.227217, 0.354403, -0.907067, 0.500947, -0.066418, 0.9349, 0.34864, 0.534623, 0.0, 0.0, 0.0, 1.0],
                [0.998933, 0.006127, 0.045768, 0.004995, 0.040111, 0.375897, -0.925793, 0.700946, -0.022877, 0.926641, 0.375251, 0.492544, 0.0, 0.0, 0.0, 1.0],
                [0.998654, 0.019868, -0.047913, 0.007495, -0.051869, 0.384512, -0.921662, 0.800946, 0.000111, 0.922906, 0.385025, 0.471505, 0.0, 0.0, 0.0, 1.0],
                [0.989706, 0.034098, -0.138997, 0.009995, -0.141187, 0.391643, -0.909221, 0.900946, 0.023435, 0.919485, 0.392426, 0.450466, 0.0, 0.0, 0.0, 1.0],
                [0.918689, 0.077561, -0.387292, -5e-06, -0.384061, 0.404396, -0.830037, 1.200946, 0.09224, 0.911289, 0.401302, 0.425253, 0.0, 0.0, 0.0, 1.0],
                [0.742069, 0.060634, -0.667575, -5e-06, -0.659673, 0.242876, -0.711226, 1.200946, 0.119014, 0.968161, 0.220229, 0.442716, 0.0, 0.0, 0.0, 1.0],
                [0.742069, 0.060634, -0.667575, -5e-06, -0.659673, 0.242876, -0.711226, 1.200946, 0.119014, 0.968161, 0.220229, 0.442716, 0.0, 0.0, 0.0, 1.0]
            ]
        },
        {
            "name": "Thigh_R",
            "time": [0.0, 0.0667, 0.1333, 0.1667, 0.2, 0.3, 0.6, 1.0],
            "transform": [
                [0.889059, 0.439705, -0.127411, 0.124994, 0.432793, -0.716585, 0.546987, -0.002831, 0.149212, -0.541446, -0.827388, -1.2e-05, 0.0, 0.0, 0.0, 1.0],
                [0.977894, 0.202486, 0.052187, 0.124994, 0.117191, -0.737408, 0.665203, -0.002831, 0.173177, -0.644382, -0.744836, -1.2e-05, 0.0, 0.0, 0.0, 1.0],
                [0.959905, 0.2603, 0.104053, 0.124671, 0.151452, -0.793906, 0.588876, -0.007567, 0.235893, -0.549506, -0.801497, -0.000747, 0.0, 0.0, 0.0, 1.0],
                [0.96033, 0.262173, 0.095037, 0.124509, 0.170749, -0.82225, 0.542909, -0.009935, 0.22048, -0.505145, -0.834397, -0.001114, 0.0, 0.0, 0.0, 1.0],
                [0.954826, 0.277159, 0.107186, 0.124348, 0.189477, -0.845696, 0.498897, -0.012303, 0.22892, -0.456051, -0.860008, -0.001481, 0.0, 0.0, 0.0, 1.0],
                [0.759535, 0.481636, 0.437186, 0.123863, 0.409569, -0.876262, 0.2538, -0.019408, 0.50533, -0.013712, -0.862817, -0.002584, 0.0, 0.0, 0.0, 1.0],
                [0.779192, 0.607154, 0.155634, 0.135661, 0.534186, -0.77317, 0.341835, -0.013758, 0.327878, -0.183218, -0.926782, 0.005107, 0.0, 0.0, 0.0, 1.0],
                [0.779192, 0.607154, 0.155634, 0.135661, 0.534186, -0.77317, 0.341835, -0.013758, 0.327878, -0.183218, -0.926782, 0.005107, 0.0, 0.0, 0.0, 1.0]
            ]
        },
        {
            "name": "Leg_R",
            "time": [0.0, 0.0667, 0.1333, 0.1667, 0.2, 0.3, 0.6, 1.0],
            "transform": [
                [0.997109, 0.042405, -0.063049, 0.0, 0.035938, 0.467901, 0.88305, 0.37472, 0.066947, -0.882762, 0.465025, 0.0, 0.0, 0.0, 0.0, 1.0],
                [0.999558, -0.01904, -0.022865, 0.0, 0.026373, 0.211117, 0.977105, 0.37472, -0.013777, -0.977275, 0.211526, 0.0, 0.0, 0.0, 0.0, 1.0],
                [0.99921, 0.022729, -0.032569, 0.0, 0.027355, 0.200658, 0.979279, 0.37472, 0.028794, -0.979397, 0.199878, -0.0, 0.0, 0.0, 0.0, 1.0],
                [0.998352, 0.043644, -0.037233, 0.0, 0.028016, 0.195437, 0.980316, 0.37472, 0.050062, -0.979744, 0.193892, -0.0, 0.0, 0.0, 0.0, 1.0],
                [0.997038, 0.064559, -0.041766, 0.0, 0.02879, 0.190225, 0.981318, 0.37472, 0.071298, -0.979615, 0.187803, 0.0, 0.0, 0.0, 0.0, 1.0],
                [0.990185, 0.088255, -0.108357, 0.0, 0.008638, 0.735227, 0.677766, 0.37472, 0.139483, -0.67205, 0.72725, 0.0, 0.0, 0.0, 0.0, 1.0],
                [0.997151, 0.038836, -0.064665, 0.0, 0.017194, 0.717684, 0.696157, 0.37472, 0.073446, -0.695285, 0.714971, -0.0, 0.0, 0.0, 0.0, 1.0],
                [0.997151, 0.038836, -0.064665, 0.0, 0.017194, 0.717684, 0.696157, 0.37472, 0.073446, -0.695285, 0.714971, -0.0, 0.0, 0.0, 0.0, 1.0]
            ]
        },
        {
            "name": "Knee_R",
            "time": [0.0, 0.0667, 0.1333, 0.1667, 0.2, 0.3, 0.6, 1.0],
            "transform": [
                [0.999221, 0.012446, -0.037452, 0.0, -0.038503, 0.515759, -0.855868, 0.37472, 0.008664, 0.856644, 0.515836, 0.0, 0.0, 0.0, 0.0, 1.0],
                [0.999876, -0.013555, -0.008076, 0.0, 0.002226, 0.627902, -0.77829, 0.37472, 0.01562, 0.778175, 0.627854, 0.0, 0.0, 0.0, 0.0, 1.0],
                [0.999778, 0.005567, -0.020342, 0.0, -0.01928, 0.632211, -0.774556, 0.37472, 0.008549, 0.774776, 0.632178, -0.0, 0.0, 0.0, 0.0, 1.0],
                [0.999535, 0.015168, -0.026442, 0.0, -0.030062, 0.634157, -0.772619, 0.37472, 0.005049, 0.773055, 0.634318, -0.0, 0.0, 0.0, 0.0, 1.0],
                [0.999164, 0.02479, -0.032517, 0.0, -0.040858, 0.635963, -0.770638, 0.37472, 0.001576, 0.771322, 0.636444, 0.0, 0.0, 0.0, 0.0, 1.0],
                [0.997456, 0.033983, -0.062662, 0.0, -0.07073, 0.362479, -0.929304, 0.37472, -0.008867, 0.931372, 0.36396, 0.0, 0.0, 0.0, 0.0, 1.0],
                [0.99926, 0.013118, -0.036153, 0.0, -0.038433, 0.375553, -0.926004, 0.37472, 0.00143, 0.926708, 0.375779, -0.0, 0.0, 0.0, 0.0, 1.0],
                [0.99926, 0.013118, -0.036153, 0.0, -0.038433, 0.375553, -0.926004, 0.37472, 0.00143, 0.926708, 0.375779, -0.0, 0.0, 0.0, 0.0, 1.0]
            ]
        },
        {
            "name": "Thigh_L",
            "time": [0.0, 0.0667, 0.1333, 0.1667, 0.2, 0.3, 0.6, 1.0],
            "transform": [
                [0.960331, -0.238529, 0.144234, -0.131319, -0.271579, -0.91721, 0.291453, -0.004951, 0.062772, -0.319074, -0.945635, 0.007448, 0.0, 0.0, 0.0, 1.0],
                [0.985702, -0.142942, 0.089219, -0.125006, -0.155246, -0.976257, 0.151064, -0.002831, 0.065507, -0.162754, -0.98449, -1.2e-05, 0.0, 0.0, 0.0, 1.0],
                [0.961999, -0.190729, 0.1954, -0.124683, -0.27273, -0.706071, 0.653515, 0.001906, 0.013322, -0.681971, -0.731257, 0.000723, 0.0, 0.0, 0.0, 1.0],
                [0.951813, -0.211986, 0.221619, -0.124521, -0.297116, -0.458322, 0.837653, 0.004274, -0.075998, -0.863135, -0.499221, 0.00109, 0.0, 0.0, 0.0, 1.0],
                [0.973327, -0.228147, 0.024159, -0.12436, -0.221952, -0.909744, 0.350859, 0.006642, -0.058069, -0.346863, -0.936116, 0.001458, 0.0, 0.0, 0.0, 1.0],
                [0.821658, -0.154163, 0.548736, -0.123875, -0.557244, -0.014882, 0.830215, 0.013747, -0.119822, -0.987933, -0.098134, 0.00256, 0.0, 0.0, 0.0, 1.0],
                [0.77697, -0.475656, 0.412392, -0.12444, -0.549101, -0.191651, 0.813485, 0.005458, -0.307904, -0.858499, -0.41009, 0.001274, 0.0, 0.0, 0.0, 1.0],
                [0.77697, -0.475656, 0.412392, -0.12444, -0.549101, -0.191651, 0.813485, 0.005458, -0.307904, -0.858499, -0.41009, 0.001274, 0.0, 0.0, 0.0, 1.0]
            ]
        },
        {
            "name": "Leg_L",
            "time": [0.0, 0.0667, 0.1333, 0.1667, 0.2, 0.3, 0.6, 1.0],
            "transform": [
                [0.99951, 0.019644, 0.024396, -0.0, -0.031203, 0.69223, 0.721003, 0.37472, -0.002725, -0.72141, 0.692503, 0.0, 0.0, 0.0, 0.0, 1.0],
                [0.999285, 0.032332, 0.019635, 0.0, -0.036108, 0.660628, 0.749845, 0.37472, 0.011273, -0.750017, 0.661323, 0.0, 0.0, 0.0, 0.0, 1.0],
                [0.997924, 0.030693, 0.056625, 0.0, -0.062812, 0.269246, 0.961021, 0.37472, 0.01425, -0.962582, 0.270615, -0.0, 0.0, 0.0, 0.0, 1.0],
                [0.99697, 0.023645, 0.074116, 0.0, -0.075129, 0.045285, 0.996145, 0.37472, 0.020197, -0.998695, 0.046925, 0.0, 0.0, 0.0, 0.0, 1.0],
                [0.996648, 0.053073, 0.062267, -0.0, -0.076375, 0.330602, 0.940675, 0.37472, 0.029339, -0.942277, 0.333548, -0.0, 0.0, 0.0, 0.0, 1.0],
                [0.988928, -0.073674, 0.128824, -0.0, -0.09528, 0.350327, 0.93177, 0.37472, -0.113778, -0.933726, 0.339429, 0.0, 0.0, 0.0, 0.0, 1.0],
                [0.994779, -0.038587, 0.09448, 0.0, -0.078723, 0.299009, 0.950998, 0.37472, -0.064946, -0.95347, 0.29441, 0.0, 0.0, 0.0, 0.0, 1.0],
                [0.994779, -0.038587, 0.09448, 0.0, -0.078723, 0.299009, 0.950998, 0.37472, -0.064946, -0.95347, 0.29441, 0.0, 0.0, 0.0, 0.0, 1.0]
            ]
        },
        {
            "name": "Knee_L",
            "time": [0.0, 0.0667, 0.1333, 0.1667, 0.2, 0.3, 0.6, 1.0],
            "transform": [
                [0.999872, 0.012315, 0.010191, -0.0, 0.004547, 0.392092, -0.919914, 0.37472, -0.015325, 0.919844, 0.391987, 0.0, 0.0, 0.0, 0.0, 1.0],
                [0.999813, 0.018284, 0.006335, 0.0, -0.001751, 0.411525, -0.911397, 0.37472, -0.019271, 0.911215, 0.41148, 0.0, 0.0, 0.0, 0.0, 1.0],
                [0.999422, 0.024879, 0.023161, 0.0, 0.003435, 0.60397, -0.797, 0.37472, -0.033818, 0.796619, 0.603535, -0.0, 0.0, 0.0, 0.0, 1.0],
                [0.99912, 0.026698, 0.032337, 0.0, 0.004963, 0.690436, -0.723377, 0.37472, -0.04164, 0.722901, 0.689696, 0.0, 0.0, 0.0, 0.0, 1.0],
                [0.999077, 0.036472, 0.022705, -0.0, -0.002523, 0.577391, -0.816464, 0.37472, -0.042888, 0.815653, 0.57695, -0.0, 0.0, 0.0, 0.0, 1.0],
                [0.996956, -0.016627, 0.076181, -0.0, 0.072043, 0.570176, -0.818357, 0.37472, -0.02983, 0.821354, 0.569638, 0.0, 0.0, 0.0, 0.0, 1.0],
                [0.998553, -0.003778, 0.053639, 0.0, 0.045454, 0.592239, -0.804479, 0.37472, -0.028727, 0.805754, 0.591554, 0.0, 0.0, 0.0, 0.0, 1.0],
                [0.998553, -0.003778, 0.053639, 0.0, 0.045454, 0.592239, -0.804479, 0.37472, -0.028727, 0.805754, 0.591554, 0.0, 0.0, 0.0, 0.0, 1.0]
            ]
        },
        {
            "name": "Torso",
            "time": [0.0, 0.0667, 0.1333, 0.1667, 0.2, 0.3, 0.6, 1.0],
            "transform": [
                [0.971444, 0.235271, -0.030732, 0.0, -0.235951, 0.94427, -0.229522, 0.05, -0.024981, 0.230219, 0.972816, -0.0, 0.0, 0.0, 0.0, 1.0],
                [0.99308, -0.101426, 0.059227, -0.0, 0.116361, 0.918216, -0.378599, 0.05, -0.015984, 0.382871, 0.923661, -0.0, 0.0, 0.0, 0.0, 1.0],
                [0.983412, 0.024085, -0.179788, -0.0, -0.0082, 0.996035, 0.088579, 0.05, 0.18121, -0.085636, 0.979708, 0.0, 0.0, 0.0, 0.0, 1.0],
                [0.988186, 0.128328, -0.0838, 0.0, -0.120798, 0.988635, 0.089485, 0.05, 0.094332, -0.078305, 0.992455, -0.0, 0.0, 0.0, 0.0, 1.0],
                [0.99302, -0.022381, -0.115816, 0.0, 0.047984, 0.973571, 0.223287, 0.05, 0.107758, -0.227286, 0.967847, -0.0, 0.0, 0.0, 0.0, 1.0],
                [0.966954, -0.16035, -0.198212, 0.0, 0.202759, 0.954979, 0.216574, 0.05, 0.154561, -0.249607, 0.955933, -0.0, 0.0, 0.0, 0.0, 1.0],
                [0.977513, -0.200147, -0.066404, 0.0, 0.208562, 0.96412, 0.16424, 0.05, 0.03115, -0.174397, 0.984183, 0.0, 0.0, 0.0, 0.0, 1.0],
                [0.977513, -0.200147, -0.066404, 0.0, 0.208562, 0.96412, 0.16424, 0.05, 0.03115, -0.174397, 0.984183, 0.0, 0.0, 0.0, 0.0, 1.0]
            ]
        },
        {
            "name": "Chest",
            "time": [0.0, 0.0667, 0.1333, 0.1667, 0.2, 0.3, 0.6, 1.0],
            "transform": [
                [0.392009, -0.116392, 0.912567, -0.0, 0.122595, 0.989726, 0.073571, 0.3, -0.911758, 0.083036, 0.402249, -0.0, 0.0, 0.0, 0.0, 1.0],
                [0.527103, 0.148843, 0.836663, -0.0, 0.31491, 0.880237, -0.354986, 0.3, -0.789304, 0.450588, 0.417101, -0.0, 0.0, 0.0, 0.0, 1.0],
                [0.167134, 0.13521, 0.976617, -0.0, 0.106102, 0.982333, -0.154158, 0.3, -0.980211, 0.129386, 0.149835, -0.0, 0.0, 0.0, 0.0, 1.0],
                [0.973464, 0.228845, -0.001667, 0.0, -0.227109, 0.966922, 0.116123, 0.3, 0.028186, -0.112662, 0.993232, 0.0, 0.0, 0.0, 0.0, 1.0],
                [0.555827, 0.388336, -0.735019, -0.0, -0.059913, 0.900596, 0.430508, 0.3, 0.829139, -0.195251, 0.52384, 0.0, 0.0, 0.0, 0.0, 1.0],
                [0.875518, 0.367609, -0.313581, 0.0, -0.259776, 0.905325, 0.336012, 0.3, 0.407413, -0.212724, 0.888124, 0.0, 0.0, 0.0, 0.0, 1.0],
                [0.885667, 0.136495, -0.443806, -0.0, 0.048844, 0.923125, 0.381386, 0.3, 0.461746, -0.359458, 0.810914, 0.0, 0.0, 0.0, 0.0, 1.0],
                [0.885667, 0.136495, -0.443806, -0.0, 0.048844, 0.923125, 0.381386, 0.3, 0.461746, -0.359458, 0.810914, 0.0, 0.0, 0.0, 0.0, 1.0]
            ]
        },
        {
            "name": "Head",
            "time": [0.0, 0.0667, 0.1333, 0.1667, 0.2, 0.3, 0.6, 1.0],
            "transform": [
                [0.124373, 0.218417, -0.967896, -0.0, 0.155689, 0.959092, 0.236436, 0.4, 0.979947, -0.180097, 0.085283, 0.0, 0.0, 0.0, 0.0, 1.0],
                [0.38049, 0.653045, -0.654793, -0.0, -0.064859, 0.725149, 0.685529, 0.4, 0.92251, -0.218369, 0.318273, 0.0, 0.0, 0.0, 0.0, 1.0],
                [0.467137, 0.006441, -0.88416, 0.0, -0.000184, 0.999973, 0.007187, 0.4, 0.884186, -0.003195, 0.467127, -0.0, 0.0, 0.0, 0.0, 1.0],
                [0.946273, -0.213672, 0.242712, -0.0, 0.272848, 0.930429, -0.24465, 0.400001, -0.173553, 0.297728, 0.938745, 0.0, 0.0, 0.0, 0.0, 1.0],
                [0.358554, 0.297594, 0.884802, -0.0, 0.329544, 0.846449, -0.418239, 0.4, -0.873408, 0.441544, 0.205429, -0.0, 0.0, 0.0, 0.0, 1.0],
                [0.479029, 0.16022, 0.863053, -0.0, 0.343704, 0.870464, -0.352365, 0.4, -0.807712, 0.465428, 0.361909, 0.0, 0.0, 0.0, 0.0, 1.0],
                [0.288552, 0.244461, 0.92573, 0.0, 0.306414, 0.89243, -0.331177, 0.400001, -0.90711, 0.379219, 0.182606, 0.0, 0.0, 0.0, 0.0, 1.0],
                [0.288552, 0.244461, 0.92573, 0.0, 0.306414, 0.89243, -0.331177, 0.400001, -0.90711, 0.379219, 0.182606, 0.0, 0.0, 0.0, 0.0, 1.0]
            ]
        },
        {
            "name": "Shoulder_R",
            "time": [0.0, 0.0667, 0.1333, 0.15, 0.1667, 0.2, 0.3, 0.6, 1.0],
            "transform": [
                [0.327968, 0.939702, 0.09697, -0.0, -0.087829, -0.071873, 0.99354, 0.4, 0.940593, -0.334368, 0.058961, 0.0, 0.0, 0.0, 0.0, 1.0],
                [0.482977, 0.77893, 0.400011, -0.0, -0.129338, -0.388355, 0.912392, 0.4, 0.866017, -0.492408, -0.086821, 0.0, 0.0, 0.0, 0.0, 1.0],
                [0.426227, 0.845224, 0.322388, 0.0, -0.114141, -0.303285, 0.946042, 0.4, 0.897377, -0.440032, -0.032793, -0.0, 0.0, 0.0, 0.0, 1.0],
                [0.400678, 0.856452, 0.325506, 0.0, -0.107299, -0.308965, 0.945004, 0.4, 0.909906, -0.413574, -0.031899, -0.0, 0.0, 0.0, 0.0, 1.0],
                [0.375359, 0.891931, 0.252135, -0.0, -0.100519, -0.23125, 0.967689, 0.400001, 0.921405, -0.38858, 0.002855, 0.0, 0.0, 0.0, 0.0, 1.0],
                [0.320282, 0.853218, 0.411637, -0.0, -0.085771, -0.406626, 0.909562, 0.4, 0.943425, -0.326625, -0.057054, -0.0, 0.0, 0.0, 0.0, 1.0],
                [0.01039, 0.923058, 0.384519, -0.0, -0.002785, -0.384511, 0.923116, 0.4, 0.999942, -0.010663, -0.001424, 0.0, 0.0, 0.0, 0.0, 1.0],
                [-0.091351, 0.909646, 0.405213, 0.0, 0.02446, -0.404742, 0.914104, 0.400001, 0.995518, 0.093416, 0.014724, 0.0, 0.0, 0.0, 0.0, 1.0],
                [-0.091351, 0.909646, 0.405213, 0.0, 0.02446, -0.404742, 0.914104, 0.400001, 0.995518, 0.093416, 0.014724, 0.0, 0.0, 0.0, 0.0, 1.0]
            ]
        },
        {
            "name": "Arm_R",
            "time": [0.0, 0.0667, 0.1333, 0.1667, 0.2, 0.3, 0.6, 1.0],
            "transform": [
                [-0.771123, -0.577382, -0.268318, 0.0, 0.17264, 0.216023, -0.961001, 0.388213, 0.612828, -0.787377, -0.066901, 0.0, 0.0, 0.0, 0.0, 1.0],
                [0.13757, -0.985991, -0.094352, -0.0, -0.504681, 0.012189, -0.863211, 0.388213, 0.852274, 0.166372, -0.495927, 1e-06, 0.0, 0.0, 0.0, 1.0],
                [0.303558, -0.857763, -0.414845, -0.0, -0.57904, 0.179695, -0.795244, 0.388213, 0.75668, 0.481619, -0.442127, 1e-06, 0.0, 0.0, 0.0, 1.0],
                [0.415642, -0.355497, -0.837171, 0.0, 0.053629, 0.92843, -0.367617, 0.388213, 0.907945, 0.107901, 0.404956, 1e-06, 0.0, 0.0, 0.0, 1.0],
                [0.138728, -0.231805, -0.962815, 0.0, 0.116185, 0.969317, -0.216628, 0.388213, 0.983491, -0.081813, 0.161402, 0.0, 0.0, 0.0, 0.0, 1.0],
                [0.157554, 0.492238, -0.856083, -0.0, 0.152105, 0.844468, 0.513554, 0.388213, 0.975726, -0.211126, 0.058177, 1e-06, 0.0, 0.0, 0.0, 1.0],
                [-0.05318, 0.400145, -0.914907, 0.0, 0.16568, 0.90704, 0.387075, 0.388213, 0.984744, -0.130997, -0.114533, 1e-06, 0.0, 0.0, 0.0, 1.0],
                [-0.05318, 0.400145, -0.914907, 0.0, 0.16568, 0.90704, 0.387075, 0.388213, 0.984744, -0.130997, -0.114533, 1e-06, 0.0, 0.0, 0.0, 1.0]
            ]
        },
        {
            "name": "Hand_R",
            "time": [0.0, 0.0667, 0.1333, 0.1667, 0.2, 0.3, 0.6, 1.0],
            "transform": [
                [0.999214, -0.033943, 0.020404, 0.0, 0.036874, 0.98533, -0.166594, 0.329779, -0.01445, 0.167214, 0.985821, -0.0, 0.0, 0.0, 0.0, 1.0],
                [0.996878, -0.077568, 0.014321, 0.0, 0.075549, 0.991118, 0.109394, 0.329779, -0.022679, -0.107969, 0.993905, 0.0, 0.0, 0.0, 0.0, 1.0],
                [0.997785, -0.063632, 0.019131, -0.0, 0.062772, 0.997113, 0.04263, 0.329779, -0.021788, -0.041334, 0.998916, 0.0, 0.0, 0.0, 0.0, 1.0],
                [0.998171, -0.056543, 0.021183, -0.0, 0.05636, 0.998365, 0.009121, 0.329779, -0.021664, -0.007911, 0.999741, -0.0, 0.0, 0.0, 0.0, 1.0],
                [0.998511, -0.049391, 0.022995, -0.0, 0.049949, 0.998451, -0.024393, 0.329779, -0.021755, 0.025505, 0.999444, -0.0, 0.0, 0.0, 0.0, 1.0],
                [0.999709, -0.002968, 0.023934, -0.0, 0.011466, 0.931569, -0.363383, 0.329779, -0.021218, 0.363552, 0.931332, 0.0, 0.0, 0.0, 0.0, 1.0],
                [0.999598, -0.004068, 0.028049, 0.0, 0.012778, 0.948046, -0.317877, 0.329779, -0.025298, 0.318108, 0.947717, -0.0, 0.0, 0.0, 0.0, 1.0],
                [0.999598, -0.004068, 0.028049, 0.0, 0.012778, 0.948046, -0.317877, 0.329779, -0.025298, 0.318108, 0.947717, -0.0, 0.0, 0.0, 0.0, 1.0]
            ]
        },
        {
            "name": "Tool_R",
            "time": [0.0, 0.0667, 0.1333, 0.1667, 0.2, 0.3, 0.6, 1.0],
            "transform": [
                [0.999196, -0.037781, -0.013414, -0.019471, -0.039409, -0.864123, -0.501738, 0.278997, 0.007365, 0.501864, -0.864916, -0.138255, 0.0, 0.0, 0.0, 1.0],
                [0.997198, -0.068655, 0.029664, -0.02, -0.074317, -0.954132, 0.290027, 0.291425, 0.008392, -0.29142, -0.956557, 0.0, 0.0, 0.0, 0.0, 1.0],
                [0.997628, -0.062809, -0.028109, -0.019272, -0.068373, -0.858726, -0.507857, 0.309358, 0.00776, 0.508577, -0.860981, 0.064385, 0.0, 0.0, 0.0, 1.0],
                [0.997828, -0.065601, 0.005707, -0.018499, -0.065377, -0.997311, -0.033196, 0.323982, 0.007869, 0.032751, -0.999431, 0.076263, 0.0, 0.0, 0.0, 1.0],
                [0.998021, -0.062487, -0.006797, -0.017726, -0.062388, -0.971641, -0.228093, 0.338606, 0.007649, 0.228067, -0.973614, 0.088142, 0.0, 0.0, 0.0, 1.0],
                [0.998993, -0.044521, -0.005362, -0.020582, -0.044492, -0.969159, -0.242395, 0.265107, 0.005595, 0.242391, -0.970161, -0.105336, 0.0, 0.0, 0.0, 1.0],
                [0.998993, -0.044521, -0.005362, -0.020689, -0.044492, -0.969159, -0.242395, 0.260258, 0.005595, 0.242391, -0.970161, -0.124743, 0.0, 0.0, 0.0, 1.0],
                [0.998993, -0.044521, -0.005362, -0.020689, -0.044492, -0.969159, -0.242395, 0.260258, 0.005595, 0.242391, -0.970161, -0.124743, 0.0, 0.0, 0.0, 1.0]
            ]
        },
        {
            "name": "Elbow_R",
            "time": [0.0, 0.0667, 0.1333, 0.1667, 0.2, 0.3, 0.6, 1.0],
            "transform": [
                [-1.0, -0.0, -0.0, 0.0, 0.0, 0.09422, -0.995551, 0.329779, 0.0, -0.995551, -0.09422, -0.0, 0.0, 0.0, 0.0, 1.0],
                [-1.0, -0.0, -1e-06, 0.0, 1e-06, -0.044189, -0.999023, 0.329779, 0.0, -0.999023, 0.044189, 0.0, 0.0, 0.0, 0.0, 1.0],
                [-1.0, -0.0, -0.0, -0.0, 1e-06, -0.010195, -0.999948, 0.329779, 0.0, -0.999948, 0.010194, 0.0, 0.0, 0.0, 0.0, 1.0],
                [-1.0, -0.0, -1e-06, -0.0, 1e-06, 0.006818, -0.999977, 0.329779, 0.0, -0.999977, -0.006818, -0.0, 0.0, 0.0, 0.0, 1.0],
                [-0.999999, -0.0, -0.0, -0.0, 1e-06, 0.02382, -0.999716, 0.329779, 1e-06, -0.999715, -0.023821, -0.0, 0.0, 0.0, 0.0, 1.0],
                [-1.0, 0.0, -1e-06, -0.0, 1e-06, 0.197588, -0.980285, 0.329779, -0.0, -0.980286, -0.197588, 0.0, 0.0, 0.0, 0.0, 1.0],
                [-1.0, 0.0, -0.0, 0.0, 0.0, 0.174419, -0.984671, 0.329779, 0.0, -0.984672, -0.174419, -0.0, 0.0, 0.0, 0.0, 1.0],
                [-1.0, 0.0, -0.0, 0.0, 0.0, 0.174419, -0.984671, 0.329779, 0.0, -0.984672, -0.174419, -0.0, 0.0, 0.0, 0.0, 1.0]
            ]
        },
        {
            "name": "Shoulder_L",
            "time": [0.0, 0.0667, 0.1333, 0.1667, 0.2, 0.3, 0.6, 1.0],
            "transform": [
                [-0.001742, -0.951315, -0.308214, -0.0, -0.000467, -0.308214, 0.951317, 0.4, -0.999998, 0.001802, 9.3e-05, 0.0, 0.0, 0.0, 0.0, 1.0],
                [-0.00348, -0.950288, -0.311354, -0.0, -0.000932, -0.311353, 0.950294, 0.4, -0.999993, 0.003597, 0.000198, 0.0, 0.0, 0.0, 0.0, 1.0],
                [-0.004163, -0.94681, -0.321767, 0.0, -0.001115, -0.321765, 0.946819, 0.4, -0.99999, 0.004301, 0.000284, -0.0, 0.0, 0.0, 0.0, 1.0],
                [-0.004503, -0.945029, -0.326956, -0.0, -0.001206, -0.326953, 0.94504, 0.400001, -0.999989, 0.00465, 0.000332, 0.0, 0.0, 0.0, 0.0, 1.0],
                [-0.004842, -0.94322, -0.332133, -0.0, -0.001297, -0.332131, 0.943232, 0.4, -0.999987, 0.004998, 0.000385, -0.0, 0.0, 0.0, 0.0, 1.0],
                [-0.00685, -0.931787, -0.362941, -0.0, -0.001835, -0.362937, 0.931812, 0.4, -0.999975, 0.007049, 0.000777, 0.0, 0.0, 0.0, 0.0, 1.0],
                [-0.172958, -0.927478, -0.331466, 0.0, -0.046316, -0.328507, 0.943365, 0.400001, -0.983839, 0.178514, 0.013861, 0.0, 0.0, 0.0, 0.0, 1.0],
                [-0.172958, -0.927478, -0.331466, 0.0, -0.046316, -0.328507, 0.943365, 0.400001, -0.983839, 0.178514, 0.013861, 0.0, 0.0, 0.0, 0.0, 1.0]
            ]
        },
        {
            "name": "Arm_L",
            "time": [0.0, 0.0667, 0.1333, 0.1667, 0.2, 0.3, 0.6, 1.0],
            "transform": [
                [-0.037337, -0.138681, 0.989633, -0.0, -0.48764, 0.866937, 0.103089, 0.388212, -0.872246, -0.478736, -0.099995, 1e-06, 0.0, 0.0, 0.0, 1.0],
                [0.076218, -0.452273, 0.888617, 0.0, -0.459847, 0.774828, 0.4338, 0.388212, -0.884721, -0.441691, -0.148921, 1e-06, 0.0, 0.0, 0.0, 1.0],
                [0.125231, -0.481999, 0.867176, 0.0, -0.433719, 0.759516, 0.484793, 0.388212, -0.892304, -0.436822, -0.113937, 1e-06, 0.0, 0.0, 0.0, 1.0],
                [0.149043, -0.496454, 0.855172, -0.0, -0.419729, 0.751292, 0.509301, 0.388212, -0.895329, -0.434848, -0.096401, 1e-06, 0.0, 0.0, 0.0, 1.0],
                [0.172351, -0.767923, 0.616919, -0.0, -0.405166, 0.515592, 0.754987, 0.388212, -0.897851, -0.380078, -0.222274, 1e-06, 0.0, 0.0, 0.0, 1.0],
                [0.331978, -0.442762, 0.832919, -0.0, -0.386041, 0.741893, 0.54824, 0.388212, -0.860676, -0.503544, 0.075368, 1e-06, 0.0, 0.0, 0.0, 1.0],
                [0.12474, -0.527708, 0.840217, -0.0, -0.421418, 0.738472, 0.526371, 0.388212, -0.898247, -0.419742, -0.130268, 1e-06, 0.0, 0.0, 0.0, 1.0],
                [0.12474, -0.527708, 0.840217, -0.0, -0.421418, 0.738472, 0.526371, 0.388212, -0.898247, -0.419742, -0.130268, 1e-06, 0.0, 0.0, 0.0, 1.0]
            ]
        },
        {
            "name": "Hand_L",
            "time": [0.0, 0.0667, 0.1333, 0.1667, 0.2, 0.3, 0.6, 1.0],
            "transform": [
                [0.664475, 0.254186, -0.704581, 0.0, -0.684324, 0.592854, -0.427731, 0.329779, 0.309894, 0.764143, 0.566225, 0.0, 0.0, 0.0, 0.0, 1.0],
                [0.805722, 0.120595, -0.586346, -0.0, -0.575333, 0.443114, -0.690277, 0.329779, 0.177607, 0.888317, 0.423927, -0.0, 0.0, 0.0, 0.0, 1.0],
                [0.505691, 0.274922, -0.819222, 0.0, -0.814991, 0.477245, -0.33814, 0.329779, 0.299434, 0.834659, 0.463181, 0.0, 0.0, 0.0, 0.0, 1.0],
                [0.318759, 0.356929, -0.878551, -0.0, -0.878945, 0.466876, -0.12653, 0.329779, 0.366564, 0.809092, 0.460583, 0.0, 0.0, 0.0, 0.0, 1.0],
                [0.197954, 0.406305, -0.892199, -0.0, -0.807646, 0.58697, 0.089436, 0.329779, 0.562115, 0.700274, 0.442697, -0.0, 0.0, 0.0, 0.0, 1.0],
                [0.386385, 0.365084, -0.847097, -0.0, -0.86489, 0.463682, -0.194256, 0.329779, 0.322029, 0.807288, 0.494662, -0.0, 0.0, 0.0, 0.0, 1.0],
                [0.217722, 0.216713, -0.95166, 0.0, -0.937698, 0.317804, -0.142046, 0.329779, 0.271728, 0.923058, 0.272334, 0.0, 0.0, 0.0, 0.0, 1.0],
                [0.217722, 0.216713, -0.95166, 0.0, -0.937698, 0.317804, -0.142046, 0.329779, 0.271728, 0.923058, 0.272334, 0.0, 0.0, 0.0, 0.0, 1.0]
            ]
        },
        {
            "name": "Tool_L",
            "time": [0.0, 0.0667, 0.1333, 0.1667, 0.2, 0.3, 0.6, 1.0],
            "transform": [
                [1.0, 0.000141, -0.000359, 0.02, 0.000141, -1.0, 0.000664, 0.291426, -0.000359, -0.000664, -1.0, -0.0, 0.0, 0.0, 0.0, 1.0],
                [1.0, 0.000281, -0.000719, 0.02, 0.000282, -0.999999, 0.001329, 0.291426, -0.000718, -0.001329, -0.999999, 0.0, 0.0, 0.0, 0.0, 1.0],
                [1.0, 0.000289, -0.000739, 0.02, 0.00029, -0.999999, 0.001367, 0.291426, -0.000739, -0.001367, -0.999999, -0.0, 0.0, 0.0, 0.0, 1.0],
                [1.0, 0.000293, -0.00075, 0.02, 0.000294, -0.999999, 0.001386, 0.291426, -0.000749, -0.001386, -0.999999, -0.0, 0.0, 0.0, 0.0, 1.0],
                [1.0, 0.000297, -0.00076, 0.02, 0.000298, -0.999999, 0.001405, 0.291426, -0.00076, -0.001406, -0.999999, 0.0, 0.0, 0.0, 0.0, 1.0],
                [1.0, 0.000321, -0.000823, 0.02, 0.000323, -0.999999, 0.001521, 0.291426, -0.000822, -0.001521, -0.999999, -0.0, 0.0, 0.0, 0.0, 1.0],
                [1.0, 0.000342, -0.000875, 0.02, 0.000343, -0.999999, 0.001616, 0.291426, -0.000874, -0.001617, -0.999998, 0.0, 0.0, 0.0, 0.0, 1.0],
                [1.0, 0.000342, -0.000875, 0.02, 0.000343, -0.999999, 0.001616, 0.291426, -0.000874, -0.001617, -0.999998, 0.0, 0.0, 0.0, 0.0, 1.0]
            ]
        },
        {
            "name": "Elbow_L",
            "time": [0.0, 0.0667, 0.1333, 0.1667, 0.2, 0.3, 0.6, 1.0],
            "transform": [
                [-1.0, -0.0, -0.0, 0.0, 0.0, 0.449801, -0.893129, 0.329779, 0.0, -0.89313, -0.4498, 0.0, 0.0, 0.0, 0.0, 1.0],
                [-1.0, -0.0, -0.0, -0.0, 0.0, 0.53353, -0.845781, 0.329779, -0.0, -0.845783, -0.533528, -0.0, 0.0, 0.0, 0.0, 1.0],
                [-1.0, 0.0, -0.0, 0.0, 0.0, 0.507333, -0.861751, 0.329779, -0.0, -0.861751, -0.507332, 0.0, 0.0, 0.0, 0.0, 1.0],
                [-1.0, 0.0, -1e-06, -0.0, 0.0, 0.502635, -0.864498, 0.329779, 0.0, -0.8645, -0.502633, 0.0, 0.0, 0.0, 0.0, 1.0],
                [-1.0, 0.0, -0.0, -0.0, 0.0, 0.482517, -0.875886, 0.329779, 0.0, -0.875887, -0.482516, -0.0, 0.0, 0.0, 0.0, 1.0],
                [-1.0, 0.0, -0.0, -0.0, 0.0, 0.488638, -0.872486, 0.329779, 0.0, -0.872486, -0.488639, -0.0, 0.0, 0.0, 0.0, 1.0],
                [-1.0, 0.0, -0.0, 0.0, 1e-06, 0.598759, -0.80093, 0.329779, 0.0, -0.800929, -0.598759, 0.0, 0.0, 0.0, 0.0, 1.0],
                [-1.0, 0.0, -0.0, 0.0, 1e-06, 0.598759, -0.80093, 0.329779, 0.0, -0.800929, -0.598759, 0.0, 0.0, 0.0, 0.0, 1.0]
            ]
        }
    ]
}