{

    "animation": [
        {
            "name": "Root",
            "time": [0.0, 0.0333, 0.1],
            "transform": [
                [0.896683, -0.0, -0.442673, -5e-06, -0.442673, 0.0, -0.896683, 0.000946, 0.0, 1.0, -0.0, 0.738314, 0.0, 0.0, 0.0, 1.0],
                [0.896683, -0.0, -0.442673, -5e-06, -0.442673, 0.0, -0.896683, 0.000946, 0.0, 1.0, -0.0, 0.738314, 0.0, 0.0, 0.0, 1.0],
                [0.896683, -0.0, -0.442673, -5e-06, -0.442673, 0.0, -0.896683, 0.000946, 0.0, 1.0, -0.0, 0.738314, 0.0, 0.0, 0.0, 1.0]
            ]
        },
        {
            "name": "Thigh_R",
            "time": [0.0, 0.0333, 0.1],
            "transform": [
                [0.946384, 0.160273, 0.280482, 0.124994, 0.138458, -0.985695, 0.096073, -0.002831, 0.291868, -0.052087, -0.955039, -1.2e-05, 0.0, 0.0, 0.0, 1.0],
                [0.946384, 0.160273, 0.280482, 0.124994, 0.138458, -0.985695, 0.096073, -0.002831, 0.291868, -0.052087, -0.955039, -1.2e-05, 0.0, 0.0, 0.0, 1.0],
                [0.946384, 0.160273, 0.280482, 0.124994, 0.138458, -0.985695, 0.096073, -0.002831, 0.291868, -0.052087, -0.955039, -1.2e-05, 0.0, 0.0, 0.0, 1.0]
            ]
        },
        {
            "name": "Leg_R",
            "time": [0.0, 0.0333, 0.1],
            "transform": [
                [0.999962, -0.008474, -0.002068, 0.0, 0.008723, 0.971379, 0.237376, 0.37472, -3e-06, -0.237386, 0.971415, 0.0, 0.0, 0.0, 0.0, 1.0],
                [0.999962, -0.008474, -0.002068, 0.0, 0.008723, 0.971379, 0.237376, 0.37472, -3e-06, -0.237386, 0.971415, 0.0, 0.0, 0.0, 0.0, 1.0],
                [0.999962, -0.008474, -0.002068, 0.0, 0.008723, 0.971379, 0.237376, 0.37472, -3e-06, -0.237386, 0.971415, 0.0, 0.0, 0.0, 0.0, 1.0]
            ]
        },
        {
            "name": "Knee_R",
            "time": [0.0, 0.0333, 0.1],
            "transform": [
                [0.999991, -0.004298, -0.000785, 0.0, -0.000266, 0.119552, -0.992828, 0.37472, 0.004361, 0.992819, 0.11955, 0.0, 0.0, 0.0, 0.0, 1.0],
                [0.999991, -0.004298, -0.000785, 0.0, -0.000266, 0.119552, -0.992828, 0.37472, 0.004361, 0.992819, 0.11955, 0.0, 0.0, 0.0, 0.0, 1.0],
                [0.999991, -0.004298, -0.000785, 0.0, -0.000266, 0.119552, -0.992828, 0.37472, 0.004361, 0.992819, 0.11955, 0.0, 0.0, 0.0, 0.0, 1.0]
            ]
        },
        {
            "name": "Thigh_L",
            "time": [0.0, 0.0333, 0.1],
            "transform": [
                [0.983628, -0.118163, -0.136057, -0.125006, -0.092992, -0.979547, 0.178429, -0.002831, -0.154358, -0.162856, -0.974501, -1.2e-05, 0.0, 0.0, 0.0, 1.0],
                [0.983628, -0.118163, -0.136057, -0.125006, -0.092992, -0.979547, 0.178429, -0.002831, -0.154358, -0.162856, -0.974501, -1.2e-05, 0.0, 0.0, 0.0, 1.0],
                [0.983628, -0.118163, -0.136057, -0.125006, -0.092992, -0.979547, 0.178429, -0.002831, -0.154358, -0.162856, -0.974501, -1.2e-05, 0.0, 0.0, 0.0, 1.0]
            ]
        },
        {
            "name": "Leg_L",
            "time": [0.0, 0.0333, 0.1],
            "transform": [
                [1.0, 0.0, 2e-06, 0.0, -1e-06, 0.98458, 0.174931, 0.37472, -2e-06, -0.174931, 0.984581, 0.0, 0.0, 0.0, 0.0, 1.0],
                [1.0, 0.0, 2e-06, 0.0, -1e-06, 0.98458, 0.174931, 0.37472, -2e-06, -0.174931, 0.984581, 0.0, 0.0, 0.0, 0.0, 1.0],
                [1.0, 0.0, 2e-06, 0.0, -1e-06, 0.98458, 0.174931, 0.37472, -2e-06, -0.174931, 0.984581, 0.0, 0.0, 0.0, 0.0, 1.0]
            ]
        },
        {
            "name": "Knee_L",
            "time": [0.0, 0.0333, 0.1],
            "transform": [
                [1.0, 0.0, -1e-06, 0.0, -1e-06, 0.087806, -0.996138, 0.37472, -0.0, 0.996137, 0.087806, 0.0, 0.0, 0.0, 0.0, 1.0],
                [1.0, 0.0, -1e-06, 0.0, -1e-06, 0.087806, -0.996138, 0.37472, -0.0, 0.996137, 0.087806, 0.0, 0.0, 0.0, 0.0, 1.0],
                [1.0, 0.0, -1e-06, 0.0, -1e-06, 0.087806, -0.996138, 0.37472, -0.0, 0.996137, 0.087806, 0.0, 0.0, 0.0, 0.0, 1.0]
            ]
        },
        {
            "name": "Torso",
            "time": [0.0, 0.0333, 0.1],
            "transform": [
                [0.993362, -0.072481, 0.089328, -0.0, 0.065248, 0.994544, 0.081391, 0.05, -0.09474, -0.075022, 0.992671, -0.0, 0.0, 0.0, 0.0, 1.0],
                [0.993362, -0.072481, 0.089328, -0.0, 0.065248, 0.994544, 0.081391, 0.05, -0.09474, -0.075022, 0.992671, -0.0, 0.0, 0.0, 0.0, 1.0],
                [0.993362, -0.072481, 0.089328, -0.0, 0.065248, 0.994544, 0.081391, 0.05, -0.09474, -0.075022, 0.992671, -0.0, 0.0, 0.0, 0.0, 1.0]
            ]
        },
        {
            "name": "Chest",
            "time": [0.0, 0.0333, 0.1],
            "transform": [
                [0.317027, -0.306483, -0.897531, 0.0, 0.911749, 0.359084, 0.199432, 0.3, 0.261167, -0.881548, 0.393275, 0.0, 0.0, 0.0, 0.0, 1.0],
                [0.224766, -0.306483, -0.924958, 0.0, 0.927228, 0.359084, 0.106336, 0.3, 0.299548, -0.881548, 0.36489, 0.0, 0.0, 0.0, 0.0, 1.0],
                [0.177729, -0.306483, -0.935137, 0.0, 0.931417, 0.359084, 0.059335, 0.3, 0.317608, -0.881548, 0.349283, 0.0, 0.0, 0.0, 0.0, 1.0]
            ]
        },
        {
            "name": "Head",
            "time": [0.0, 0.0333, 0.1],
            "transform": [
                [0.108723, 0.934799, 0.338127, 0.0, -0.084939, 0.347636, -0.933774, 0.4, -0.990437, 0.072802, 0.117197, 0.0, 0.0, 0.0, 0.0, 1.0],
                [0.008145, 0.937372, 0.348234, -0.0, -0.084939, 0.347636, -0.933774, 0.400001, -0.996353, -0.021974, 0.082451, -0.0, 0.0, 0.0, 0.0, 1.0],
                [-0.042224, 0.935063, 0.351956, -0.0, -0.084939, 0.347636, -0.933774, 0.4, -0.995491, -0.069323, 0.064745, 0.0, 0.0, 0.0, 0.0, 1.0]
            ]
        },
        {
            "name": "Shoulder_R",
            "time": [0.0, 0.0333, 0.1],
            "transform": [
                [0.482982, 0.778923, 0.400009, 0.0, -0.129339, -0.388351, 0.912389, 0.4, 0.866025, -0.492404, -0.086821, 0.0, 0.0, 0.0, 0.0, 1.0],
                [0.330716, 0.848881, 0.412345, -0.0, -0.088564, -0.407086, 0.909086, 0.400001, 0.939566, -0.337168, -0.059449, -0.0, 0.0, 0.0, 0.0, 1.0],
                [0.224125, 0.880411, 0.417905, -0.0, -0.060021, -0.415529, 0.907597, 0.4, 0.97271, -0.228499, -0.040288, 0.0, 0.0, 0.0, 0.0, 1.0]
            ]
        },
        {
            "name": "Arm_R",
            "time": [0.0, 0.0333, 0.1],
            "transform": [
                [-0.487483, -0.850997, -0.195358, 0.03187, 0.842593, -0.399848, -0.360775, 0.409749, 0.228905, -0.340479, 0.911963, 0.010975, 0.0, 0.0, 0.0, 1.0],
                [0.119869, -0.973379, -0.195358, 0.031871, 0.914124, 0.18498, -0.360775, 0.409749, 0.387308, -0.135335, 0.911963, 0.010975, 0.0, 0.0, 0.0, 1.0],
                [0.417487, -0.887434, -0.195358, 0.03187, 0.810827, 0.460869, -0.360775, 0.40975, 0.410199, -0.007782, 0.911963, 0.010975, 0.0, 0.0, 0.0, 1.0]
            ]
        },
        {
            "name": "Hand_R",
            "time": [0.0, 0.0333, 0.1],
            "transform": [
                [0.873736, -0.485633, -0.027338, -0.0, 0.478039, 0.867733, -0.136083, 0.329779, 0.089808, 0.105832, 0.99032, 0.0, 0.0, 0.0, 0.0, 1.0],
                [0.353773, -0.934932, -0.027338, -0.0, 0.925257, 0.354091, -0.136083, 0.329779, 0.136908, 0.022848, 0.99032, 0.0, 0.0, 0.0, 0.0, 1.0],
                [0.016298, -0.999493, -0.027338, -0.0, 0.990498, 0.019873, -0.136083, 0.329779, 0.136557, -0.02486, 0.99032, -0.0, 0.0, 0.0, 0.0, 1.0]
            ]
        },
        {
            "name": "Tool_R",
            "time": [0.0, 0.0333, 0.1],
            "transform": [
                [1.0, 0.0, 0.0, -0.02, 0.0, -1.0, 0.0, 0.291425, 0.0, 0.0, -1.0, 0.0, 0.0, 0.0, 0.0, 1.0],
                [1.0, 0.0, 0.0, -0.02, 0.0, -1.0, -0.0, 0.291425, 0.0, 0.0, -1.0, 0.0, 0.0, 0.0, 0.0, 1.0],
                [1.0, 0.0, 0.0, -0.02, 0.0, -1.0, -0.0, 0.291425, 0.0, 0.0, -1.0, -0.0, 0.0, 0.0, 0.0, 1.0]
            ]
        },
        {
            "name": "Elbow_R",
            "time": [0.0, 0.0333, 0.1],
            "transform": [
                [-1.0, 0.0, -0.0, -0.0, 0.0, 0.053206, -0.998583, 0.329779, -0.0, -0.998583, -0.053206, 0.0, 0.0, 0.0, 0.0, 1.0],
                [-0.999957, -9e-06, 3e-05, -0.0, 3.2e-05, 0.011531, -0.999911, 0.329779, 4e-06, -0.999869, -0.011524, 0.0, 0.0, 0.0, 0.0, 1.0],
                [-0.999968, -1e-05, 3.7e-05, -0.0, 3.9e-05, -0.012556, -0.999877, 0.329779, 6e-06, -0.999845, 0.012559, -0.0, 0.0, 0.0, 0.0, 1.0]
            ]
        },
        {
            "name": "Shoulder_L",
            "time": [0.0, 0.0333, 0.1],
            "transform": [
                [0.188765, -0.922453, -0.336821, 0.0, 0.050549, -0.333406, 0.941427, 0.4, -0.980721, -0.194734, -0.016307, 0.0, 0.0, 0.0, 0.0, 1.0],
                [0.021899, -0.940907, -0.337956, -0.0, 0.005864, -0.337911, 0.94116, 0.400001, -0.999743, -0.022593, -0.001882, -0.0, 0.0, 0.0, 0.0, 1.0],
                [-0.062085, -0.939554, -0.336726, -0.0, -0.016626, -0.336356, 0.941588, 0.4, -0.997933, 0.064057, 0.005262, 0.0, 0.0, 0.0, 0.0, 1.0]
            ]
        },
        {
            "name": "Arm_L",
            "time": [0.0, 0.0333, 0.1],
            "transform": [
                [0.472018, 0.12029, 0.873344, -0.0, 0.19014, 0.953441, -0.234087, 0.388212, -0.86084, 0.276551, 0.42717, 0.0, 0.0, 0.0, 0.0, 1.0],
                [0.472018, 0.018073, 0.881404, 0.0, 0.19014, 0.974172, -0.1218, 0.388212, -0.86084, 0.225082, 0.456391, -0.0, 0.0, 0.0, 0.0, 1.0],
                [0.472018, -0.033192, 0.880964, 0.0, 0.19014, 0.979605, -0.064967, 0.388212, -0.86084, 0.198172, 0.468702, 0.0, 0.0, 0.0, 0.0, 1.0]
            ]
        },
        {
            "name": "Hand_L",
            "time": [0.0, 0.0333, 0.1],
            "transform": [
                [1.0, 0.0, 0.0, -0.0, -0.0, 1.0, 1e-06, 0.329779, -0.0, -1e-06, 1.0, -0.0, 0.0, 0.0, 0.0, 1.0],
                [1.0, 0.0, 0.0, -0.0, -0.0, 0.993237, -0.116109, 0.329779, -0.0, 0.116109, 0.993237, 0.0, 0.0, 0.0, 0.0, 1.0],
                [1.0, 0.0, 0.0, -0.0, -0.0, 0.984808, -0.173648, 0.329779, -0.0, 0.173648, 0.984808, 0.0, 0.0, 0.0, 0.0, 1.0]
            ]
        },
        {
            "name": "Tool_L",
            "time": [0.0, 0.0333, 0.1],
            "transform": [
                [0.984808, 0.173648, 0.0, 0.02, 0.173648, -0.984808, 0.0, 0.291426, 0.0, 0.0, -1.0, -0.0, 0.0, 0.0, 0.0, 1.0],
                [0.984808, 0.173648, 0.0, 0.02, 0.173648, -0.984808, 0.0, 0.291426, 0.0, 0.0, -1.0, -0.0, 0.0, 0.0, 0.0, 1.0],
                [0.984808, 0.173648, 0.0, 0.02, 0.173648, -0.984808, 0.0, 0.291426, 0.0, 0.0, -1.0, -0.0, 0.0, 0.0, 0.0, 1.0]
            ]
        },
        {
            "name": "Elbow_L",
            "time": [0.0, 0.0333, 0.1],
            "transform": [
                [-1.0, -0.0, -0.0, -0.0, 0.0, -1e-06, -1.0, 0.329779, 0.0, -1.0, 0.0, -0.0, 0.0, 0.0, 0.0, 1.0],
                [-1.0, 0.0, -0.0, -0.0, 0.0, 0.058153, -0.998308, 0.329779, -0.0, -0.998308, -0.058153, 0.0, 0.0, 0.0, 0.0, 1.0],
                [-1.0, -0.0, -0.0, -0.0, 0.0, 0.087155, -0.996194, 0.329779, 0.0, -0.996194, -0.087155, 0.0, 0.0, 0.0, 0.0, 1.0]
            ]
        }
    ]
}