{

    "animation": [
        {
            "name": "Root",
            "time": [0.0, 0.0333, 0.1],
            "transform": [
                [0.896683, -0.0, -0.442673, -5e-06, -0.442673, 0.0, -0.896683, 0.000946, 0.0, 1.0, -0.0, 0.738314, 0.0, 0.0, 0.0, 1.0],
                [0.896683, -0.0, -0.442673, -5e-06, -0.442673, 0.0, -0.896683, 0.000946, 0.0, 1.0, -0.0, 0.738314, 0.0, 0.0, 0.0, 1.0],
                [0.896683, -0.0, -0.442673, -5e-06, -0.442673, 0.0, -0.896683, 0.000946, 0.0, 1.0, -0.0, 0.738314, 0.0, 0.0, 0.0, 1.0]
            ]
        },
        {
            "name": "Thigh_R",
            "time": [0.0, 0.0333, 0.1],
            "transform": [
                [0.94592, 0.160355, 0.281995, 0.124994, 0.13839, -0.985683, 0.096294, -0.002831, 0.2934, -0.052061, -0.954571, -1.2e-05, 0.0, 0.0, 0.0, 1.0],
                [0.94592, 0.160355, 0.281995, 0.124994, 0.13839, -0.985683, 0.096294, -0.002831, 0.2934, -0.052061, -0.954571, -1.2e-05, 0.0, 0.0, 0.0, 1.0],
                [0.94592, 0.160355, 0.281995, 0.124994, 0.13839, -0.985683, 0.096294, -0.002831, 0.2934, -0.052061, -0.954571, -1.2e-05, 0.0, 0.0, 0.0, 1.0]
            ]
        },
        {
            "name": "Leg_R",
            "time": [0.0, 0.0333, 0.1],
            "transform": [
                [0.999962, -0.008474, -0.002068, 0.0, 0.008723, 0.971379, 0.237376, 0.37472, -3e-06, -0.237386, 0.971415, 0.0, 0.0, 0.0, 0.0, 1.0],
                [0.999962, -0.008474, -0.002068, 0.0, 0.008723, 0.971379, 0.237376, 0.37472, -3e-06, -0.237386, 0.971415, 0.0, 0.0, 0.0, 0.0, 1.0],
                [0.999962, -0.008474, -0.002068, 0.0, 0.008723, 0.971379, 0.237376, 0.37472, -3e-06, -0.237386, 0.971415, 0.0, 0.0, 0.0, 0.0, 1.0]
            ]
        },
        {
            "name": "Knee_R",
            "time": [0.0, 0.0333, 0.1],
            "transform": [
                [0.99999, -0.004298, -0.000785, 0.0, -0.000266, 0.119552, -0.992828, 0.37472, 0.004361, 0.992819, 0.11955, 0.0, 0.0, 0.0, 0.0, 1.0],
                [0.99999, -0.004298, -0.000785, 0.0, -0.000266, 0.119552, -0.992828, 0.37472, 0.004361, 0.992819, 0.11955, 0.0, 0.0, 0.0, 0.0, 1.0],
                [0.99999, -0.004298, -0.000785, 0.0, -0.000266, 0.119552, -0.992828, 0.37472, 0.004361, 0.992819, 0.11955, 0.0, 0.0, 0.0, 0.0, 1.0]
            ]
        },
        {
            "name": "Thigh_L",
            "time": [0.0, 0.0333, 0.1],
            "transform": [
                [0.983873, -0.117904, -0.134503, -0.125006, -0.093016, -0.979572, 0.178282, -0.002831, -0.152775, -0.162896, -0.974743, -1.2e-05, 0.0, 0.0, 0.0, 1.0],
                [0.983873, -0.117904, -0.134503, -0.125006, -0.093016, -0.979572, 0.178282, -0.002831, -0.152775, -0.162896, -0.974743, -1.2e-05, 0.0, 0.0, 0.0, 1.0],
                [0.983873, -0.117904, -0.134503, -0.125006, -0.093016, -0.979572, 0.178282, -0.002831, -0.152775, -0.162896, -0.974743, -1.2e-05, 0.0, 0.0, 0.0, 1.0]
            ]
        },
        {
            "name": "Leg_L",
            "time": [0.0, 0.0333, 0.1],
            "transform": [
                [1.0, 0.0, 2e-06, -0.0, -1e-06, 0.98458, 0.174931, 0.37472, -2e-06, -0.174931, 0.984581, 0.0, 0.0, 0.0, 0.0, 1.0],
                [1.0, 0.0, 2e-06, -0.0, -1e-06, 0.98458, 0.174931, 0.37472, -2e-06, -0.174931, 0.984581, 0.0, 0.0, 0.0, 0.0, 1.0],
                [1.0, 0.0, 2e-06, -0.0, -1e-06, 0.98458, 0.174931, 0.37472, -2e-06, -0.174931, 0.984581, 0.0, 0.0, 0.0, 0.0, 1.0]
            ]
        },
        {
            "name": "Knee_L",
            "time": [0.0, 0.0333, 0.1],
            "transform": [
                [1.0, 0.0, -1e-06, -0.0, -1e-06, 0.087806, -0.996138, 0.37472, -0.0, 0.996138, 0.087806, 0.0, 0.0, 0.0, 0.0, 1.0],
                [1.0, 0.0, -1e-06, -0.0, -1e-06, 0.087806, -0.996138, 0.37472, -0.0, 0.996138, 0.087806, 0.0, 0.0, 0.0, 0.0, 1.0],
                [1.0, 0.0, -1e-06, -0.0, -1e-06, 0.087806, -0.996138, 0.37472, -0.0, 0.996138, 0.087806, 0.0, 0.0, 0.0, 0.0, 1.0]
            ]
        },
        {
            "name": "Torso",
            "time": [0.0, 0.0333, 0.1],
            "transform": [
                [0.995083, 0.065082, 0.074656, -0.0, -0.044743, 0.967884, -0.247382, 0.05, -0.088359, 0.242826, 0.966038, -0.0, 0.0, 0.0, 0.0, 1.0],
                [0.995083, 0.065082, 0.074656, -0.0, -0.044743, 0.967884, -0.247382, 0.05, -0.088359, 0.242826, 0.966038, -0.0, 0.0, 0.0, 0.0, 1.0],
                [0.995083, 0.065082, 0.074656, -0.0, -0.044743, 0.967884, -0.247382, 0.05, -0.088359, 0.242826, 0.966038, -0.0, 0.0, 0.0, 0.0, 1.0]
            ]
        },
        {
            "name": "Chest",
            "time": [0.0, 0.0333, 0.1],
            "transform": [
                [0.556597, 0.261146, -0.788672, 0.0, -0.72283, 0.620185, -0.304773, 0.3, 0.409532, 0.739711, 0.533957, -0.0, 0.0, 0.0, 0.0, 1.0],
                [0.46126, 0.261146, -0.847963, 0.0, -0.753328, 0.620185, -0.218784, 0.3, 0.46876, 0.739711, 0.482796, -0.0, 0.0, 0.0, 0.0, 1.0],
                [0.411189, 0.261146, -0.873342, 0.0, -0.764772, 0.620185, -0.174624, 0.3, 0.496032, 0.739711, 0.454731, -0.0, 0.0, 0.0, 0.0, 1.0]
            ]
        },
        {
            "name": "Head",
            "time": [0.0, 0.0333, 0.1],
            "transform": [
                [0.483353, -0.813156, 0.324264, 0.0, -0.096278, 0.318783, 0.942925, 0.4, -0.870115, -0.486985, 0.075796, 0.0, 0.0, 0.0, 0.0, 1.0],
                [0.379056, -0.864199, 0.330871, 0.0, -0.096277, 0.318783, 0.942925, 0.4, -0.920352, -0.389277, 0.037634, -0.0, 0.0, 0.0, 0.0, 1.0],
                [0.324916, -0.885366, 0.332499, 0.0, -0.096277, 0.318783, 0.942925, 0.4, -0.94083, -0.338384, 0.018337, 0.0, 0.0, 0.0, 0.0, 1.0]
            ]
        },
        {
            "name": "Shoulder_R",
            "time": [0.0, 0.0333, 0.1],
            "transform": [
                [0.482982, 0.778923, 0.400009, 0.0, -0.129339, -0.388351, 0.912389, 0.4, 0.866025, -0.492404, -0.086821, 0.0, 0.0, 0.0, 0.0, 1.0],
                [0.330716, 0.848881, 0.412345, 0.0, -0.088564, -0.407086, 0.909086, 0.4, 0.939566, -0.337168, -0.059449, -0.0, 0.0, 0.0, 0.0, 1.0],
                [0.224125, 0.880411, 0.417905, 0.0, -0.060021, -0.415529, 0.907597, 0.4, 0.97271, -0.228499, -0.040288, 0.0, 0.0, 0.0, 0.0, 1.0]
            ]
        },
        {
            "name": "Arm_R",
            "time": [0.0, 0.0333, 0.1],
            "transform": [
                [-0.407935, -0.911302, -0.055835, 0.03187, 0.885164, -0.379764, -0.26882, 0.409749, 0.223772, -0.159084, 0.96157, 0.010975, 0.0, 0.0, 0.0, 1.0],
                [-0.012917, -0.998356, -0.055835, 0.03187, 0.963187, 0.002573, -0.26882, 0.409749, 0.268522, -0.057252, 0.96157, 0.010975, 0.0, 0.0, 0.0, 1.0],
                [0.18854, -0.980477, -0.055835, 0.03187, 0.942907, 0.196624, -0.26882, 0.409749, 0.274551, -0.001964, 0.96157, 0.010975, 0.0, 0.0, 0.0, 1.0]
            ]
        },
        {
            "name": "Hand_R",
            "time": [0.0, 0.0333, 0.1],
            "transform": [
                [0.873736, -0.485633, -0.027338, 0.0, 0.478039, 0.867733, -0.136083, 0.329779, 0.089808, 0.105832, 0.99032, -0.0, 0.0, 0.0, 0.0, 1.0],
                [0.563131, -0.826187, 0.017278, 0.0, 0.823483, 0.559297, -0.0952, 0.329779, 0.068989, 0.067839, 0.995308, 0.0, 0.0, 0.0, 0.0, 1.0],
                [0.358231, -0.933111, 0.031205, -0.0, 0.932149, 0.355578, -0.068288, 0.329779, 0.052624, 0.053551, 0.997177, -0.0, 0.0, 0.0, 0.0, 1.0]
            ]
        },
        {
            "name": "Tool_R",
            "time": [0.0, 0.0333, 0.1],
            "transform": [
                [1.0, 0.0, 0.0, -0.02, 0.0, -1.0, -0.0, 0.291425, 0.0, 0.0, -1.0, -0.0, 0.0, 0.0, 0.0, 1.0],
                [1.0, 0.0, 0.0, -0.02, 0.0, -1.0, 0.0, 0.291425, 0.0, -0.0, -1.0, 0.0, 0.0, 0.0, 0.0, 1.0],
                [1.0, 0.0, 0.0, -0.02, 0.0, -1.0, -0.0, 0.291425, 0.0, -0.0, -1.0, 0.0, 0.0, 0.0, 0.0, 1.0]
            ]
        },
        {
            "name": "Elbow_R",
            "time": [0.0, 0.0333, 0.1],
            "transform": [
                [-1.0, -0.0, -0.0, 0.0, 0.0, 0.053206, -0.998583, 0.329779, 0.0, -0.998584, -0.053206, -0.0, 0.0, 0.0, 0.0, 1.0],
                [-1.0, -0.0, -0.0, 0.0, 0.0, 0.03402, -0.999422, 0.329779, 0.0, -0.999421, -0.03402, 0.0, 0.0, 0.0, 0.0, 1.0],
                [-1.0, 0.0, -0.0, -0.0, 0.0, 0.026822, -0.99964, 0.329779, 0.0, -0.99964, -0.026822, -0.0, 0.0, 0.0, 0.0, 1.0]
            ]
        },
        {
            "name": "Shoulder_L",
            "time": [0.0, 0.0333, 0.1],
            "transform": [
                [0.188765, -0.922453, -0.336821, 0.0, 0.050549, -0.333406, 0.941427, 0.4, -0.980721, -0.194734, -0.016307, 0.0, 0.0, 0.0, 0.0, 1.0],
                [-0.090213, -0.937137, -0.337099, 0.0, -0.024158, -0.33632, 0.941438, 0.4, -0.99563, 0.093073, 0.007701, -0.0, 0.0, 0.0, 0.0, 1.0],
                [-0.228173, -0.91513, -0.332375, 0.0, -0.061102, -0.327248, 0.942961, 0.4, -0.971702, 0.235467, 0.018753, 0.0, 0.0, 0.0, 0.0, 1.0]
            ]
        },
        {
            "name": "Arm_L",
            "time": [0.0, 0.0333, 0.1],
            "transform": [
                [0.039156, 0.392108, 0.919086, -0.0, 0.5318, 0.77053, -0.351386, 0.388212, -0.845965, 0.502529, -0.178352, 0.0, 0.0, 0.0, 0.0, 1.0],
                [0.35152, 0.392108, 0.850109, 0.0, 0.379319, 0.77053, -0.51225, 0.388212, -0.855892, 0.502528, 0.122123, 0.0, 0.0, 0.0, 0.0, 1.0],
                [0.493453, 0.392108, 0.776374, 0.0, 0.284859, 0.77053, -0.570209, 0.388212, -0.821803, 0.502528, 0.268525, -0.0, 0.0, 0.0, 0.0, 1.0]
            ]
        },
        {
            "name": "Hand_L",
            "time": [0.0, 0.0333, 0.1],
            "transform": [
                [1.0, 0.0, 0.0, 0.0, -0.0, 1.0, 1e-06, 0.329779, -0.0, -1e-06, 1.0, -0.0, 0.0, 0.0, 0.0, 1.0],
                [1.0, 0.0, 0.0, -0.0, -0.0, 0.993237, -0.116109, 0.329779, -0.0, 0.116109, 0.993237, -0.0, 0.0, 0.0, 0.0, 1.0],
                [1.0, 0.0, 0.0, 0.0, -0.0, 0.984808, -0.173648, 0.329779, -0.0, 0.173648, 0.984808, 0.0, 0.0, 0.0, 0.0, 1.0]
            ]
        },
        {
            "name": "Tool_L",
            "time": [0.0, 0.0333, 0.1],
            "transform": [
                [0.984808, 0.173648, 0.0, 0.02, 0.173648, -0.984808, 0.0, 0.291426, 0.0, 0.0, -1.0, -0.0, 0.0, 0.0, 0.0, 1.0],
                [0.984808, 0.173648, 0.0, 0.02, 0.173648, -0.984807, 0.0, 0.291426, 0.0, 0.0, -1.0, -0.0, 0.0, 0.0, 0.0, 1.0],
                [0.984808, 0.173648, 0.0, 0.02, 0.173648, -0.984808, 0.0, 0.291426, 0.0, 0.0, -1.0, -0.0, 0.0, 0.0, 0.0, 1.0]
            ]
        },
        {
            "name": "Elbow_L",
            "time": [0.0, 0.0333, 0.1],
            "transform": [
                [-1.0, -0.0, -0.0, 0.0, 0.0, -1e-06, -1.0, 0.329779, 0.0, -1.0, 1e-06, -0.0, 0.0, 0.0, 0.0, 1.0],
                [-1.0, 0.0, 0.0, -0.0, -0.0, 0.058152, -0.998308, 0.329779, -0.0, -0.998308, -0.058152, -0.0, 0.0, 0.0, 0.0, 1.0],
                [-1.0, 0.0, -1e-06, 0.0, 1e-06, 0.087156, -0.996194, 0.329779, 0.0, -0.996195, -0.087156, 0.0, 0.0, 0.0, 0.0, 1.0]
            ]
        }
    ]
}