{

    "animation": [
        {
            "name": "Root",
            "time": [0.0, 0.0333, 0.1],
            "transform": [
                [0.896683, -0.0, -0.442673, -5e-06, -0.442673, 0.0, -0.896683, 0.000946, 0.0, 1.0, -0.0, 0.738314, 0.0, 0.0, 0.0, 1.0],
                [0.896683, -0.0, -0.442673, -5e-06, -0.442673, 0.0, -0.896683, 0.000946, 0.0, 1.0, -0.0, 0.738314, 0.0, 0.0, 0.0, 1.0],
                [0.896683, -0.0, -0.442673, -5e-06, -0.442673, 0.0, -0.896683, 0.000946, 0.0, 1.0, -0.0, 0.738314, 0.0, 0.0, 0.0, 1.0]
            ]
        },
        {
            "name": "Thigh_R",
            "time": [0.0, 0.0333, 0.1],
            "transform": [
                [0.945771, 0.160382, 0.28248, 0.124994, 0.138368, -0.985679, 0.096365, -0.002831, 0.29389, -0.052053, -0.954421, -1.2e-05, 0.0, 0.0, 0.0, 1.0],
                [0.945771, 0.160382, 0.28248, 0.124994, 0.138368, -0.985679, 0.096365, -0.002831, 0.29389, -0.052053, -0.954421, -1.2e-05, 0.0, 0.0, 0.0, 1.0],
                [0.945771, 0.160382, 0.28248, 0.124994, 0.138368, -0.985679, 0.096365, -0.002831, 0.29389, -0.052053, -0.954421, -1.2e-05, 0.0, 0.0, 0.0, 1.0]
            ]
        },
        {
            "name": "Leg_R",
            "time": [0.0, 0.0333, 0.1],
            "transform": [
                [0.999962, -0.008474, -0.002068, -0.0, 0.008723, 0.971379, 0.237376, 0.37472, -3e-06, -0.237386, 0.971415, -0.0, 0.0, 0.0, 0.0, 1.0],
                [0.999962, -0.008474, -0.002068, -0.0, 0.008723, 0.971379, 0.237376, 0.37472, -3e-06, -0.237386, 0.971415, -0.0, 0.0, 0.0, 0.0, 1.0],
                [0.999962, -0.008474, -0.002068, -0.0, 0.008723, 0.971379, 0.237376, 0.37472, -3e-06, -0.237386, 0.971415, -0.0, 0.0, 0.0, 0.0, 1.0]
            ]
        },
        {
            "name": "Knee_R",
            "time": [0.0, 0.0333, 0.1],
            "transform": [
                [0.999991, -0.004298, -0.000785, -0.0, -0.000266, 0.119552, -0.992828, 0.37472, 0.004361, 0.992819, 0.11955, -0.0, 0.0, 0.0, 0.0, 1.0],
                [0.999991, -0.004298, -0.000785, -0.0, -0.000266, 0.119552, -0.992828, 0.37472, 0.004361, 0.992819, 0.11955, -0.0, 0.0, 0.0, 0.0, 1.0],
                [0.999991, -0.004298, -0.000785, -0.0, -0.000266, 0.119552, -0.992828, 0.37472, 0.004361, 0.992819, 0.11955, -0.0, 0.0, 0.0, 0.0, 1.0]
            ]
        },
        {
            "name": "Thigh_L",
            "time": [0.0, 0.0333, 0.1],
            "transform": [
                [0.983951, -0.11782, -0.134005, -0.125006, -0.093023, -0.97958, 0.178235, -0.002831, -0.152268, -0.162909, -0.974821, -1.2e-05, 0.0, 0.0, 0.0, 1.0],
                [0.983951, -0.11782, -0.134005, -0.125006, -0.093023, -0.97958, 0.178235, -0.002831, -0.152268, -0.162909, -0.974821, -1.2e-05, 0.0, 0.0, 0.0, 1.0],
                [0.983951, -0.11782, -0.134005, -0.125006, -0.093023, -0.97958, 0.178235, -0.002831, -0.152268, -0.162909, -0.974821, -1.2e-05, 0.0, 0.0, 0.0, 1.0]
            ]
        },
        {
            "name": "Leg_L",
            "time": [0.0, 0.0333, 0.1],
            "transform": [
                [1.0, 0.0, 2e-06, 0.0, -1e-06, 0.98458, 0.174931, 0.37472, -2e-06, -0.174931, 0.984581, 0.0, 0.0, 0.0, 0.0, 1.0],
                [1.0, 0.0, 2e-06, 0.0, -1e-06, 0.98458, 0.174931, 0.37472, -2e-06, -0.174931, 0.984581, 0.0, 0.0, 0.0, 0.0, 1.0],
                [1.0, 0.0, 2e-06, 0.0, -1e-06, 0.98458, 0.174931, 0.37472, -2e-06, -0.174931, 0.984581, 0.0, 0.0, 0.0, 0.0, 1.0]
            ]
        },
        {
            "name": "Knee_L",
            "time": [0.0, 0.0333, 0.1],
            "transform": [
                [1.0, 0.0, -1e-06, 0.0, -1e-06, 0.087806, -0.996138, 0.37472, -0.0, 0.996137, 0.087806, 0.0, 0.0, 0.0, 0.0, 1.0],
                [1.0, 0.0, -1e-06, 0.0, -1e-06, 0.087806, -0.996138, 0.37472, -0.0, 0.996137, 0.087806, 0.0, 0.0, 0.0, 0.0, 1.0],
                [1.0, 0.0, -1e-06, 0.0, -1e-06, 0.087806, -0.996138, 0.37472, -0.0, 0.996137, 0.087806, 0.0, 0.0, 0.0, 0.0, 1.0]
            ]
        },
        {
            "name": "Torso",
            "time": [0.0, 0.0333, 0.1],
            "transform": [
                [0.996093, -0.010977, 0.087624, -0.0, 0.01867, 0.995993, -0.087466, 0.05, -0.086313, 0.08876, 0.992306, -0.0, 0.0, 0.0, 0.0, 1.0],
                [0.996093, -0.010977, 0.087624, -0.0, 0.01867, 0.995993, -0.087466, 0.05, -0.086313, 0.08876, 0.992306, -0.0, 0.0, 0.0, 0.0, 1.0],
                [0.996093, -0.010977, 0.087624, -0.0, 0.01867, 0.995993, -0.087466, 0.05, -0.086313, 0.08876, 0.992306, -0.0, 0.0, 0.0, 0.0, 1.0]
            ]
        },
        {
            "name": "Chest",
            "time": [0.0, 0.0333, 0.1],
            "transform": [
                [0.710636, -0.025152, -0.70311, 0.0, 0.053798, 0.998377, 0.018659, 0.3, 0.7015, -0.051085, 0.710836, -0.0, 0.0, 0.0, 0.0, 1.0],
                [0.624192, -0.025152, -0.780866, 0.0, 0.0556, 0.998377, 0.012286, 0.3, 0.77929, -0.051085, 0.624578, -0.0, 0.0, 0.0, 0.0, 1.0],
                [0.577747, -0.025152, -0.815829, 0.0, 0.056221, 0.998377, 0.009033, 0.3, 0.814278, -0.051085, 0.578223, -0.0, 0.0, 0.0, 0.0, 1.0]
            ]
        },
        {
            "name": "Head",
            "time": [0.0, 0.0333, 0.1],
            "transform": [
                [0.479002, -0.033579, 0.877171, 0.0, -0.141537, 0.983239, 0.11493, 0.400001, -0.866328, -0.179204, 0.466221, 0.0, 0.0, 0.0, 0.0, 1.0],
                [0.375174, -0.054159, 0.925371, -0.0, -0.141537, 0.983239, 0.11493, 0.4, -0.916085, -0.174093, 0.36122, 0.0, 0.0, 0.0, 0.0, 1.0],
                [0.321289, -0.064187, 0.944803, 0.0, -0.141537, 0.983238, 0.114929, 0.4, -0.936344, -0.170651, 0.306819, 0.0, 0.0, 0.0, 0.0, 1.0]
            ]
        },
        {
            "name": "Shoulder_R",
            "time": [0.0, 0.0333, 0.1],
            "transform": [
                [0.482982, 0.778923, 0.400009, 0.0, -0.129339, -0.388351, 0.912389, 0.400001, 0.866026, -0.492404, -0.086821, 0.0, 0.0, 0.0, 0.0, 1.0],
                [0.331971, 0.856082, 0.396129, -0.0, -0.088901, -0.389681, 0.916649, 0.4, 0.939091, -0.339517, -0.053257, 0.0, 0.0, 0.0, 0.0, 1.0],
                [0.227652, 0.893317, 0.387504, 0.0, -0.060965, -0.384096, 0.921278, 0.4, 0.971832, -0.233355, -0.032979, 0.0, 0.0, 0.0, 0.0, 1.0]
            ]
        },
        {
            "name": "Arm_R",
            "time": [0.0, 0.0333, 0.1],
            "transform": [
                [-0.250618, -0.94817, -0.195358, 0.03187, 0.917371, -0.168144, -0.360775, 0.409749, 0.309228, -0.269632, 0.911963, 0.010976, 0.0, 0.0, 0.0, 1.0],
                [0.176359, -0.965524, -0.191472, 0.031871, 0.90825, 0.234606, -0.34647, 0.409749, 0.379446, -0.112801, 0.918312, 0.010975, 0.0, 0.0, 0.0, 1.0],
                [0.176303, -0.965381, -0.192243, 0.03187, 0.908609, 0.234726, -0.345446, 0.409749, 0.378611, -0.113771, 0.918537, 0.010975, 0.0, 0.0, 0.0, 1.0]
            ]
        },
        {
            "name": "Hand_R",
            "time": [0.0, 0.0333, 0.1],
            "transform": [
                [0.718273, -0.695224, -0.027338, 0.0, 0.686336, 0.71444, -0.136083, 0.329779, 0.11414, 0.078982, 0.99032, -0.0, 0.0, 0.0, 0.0, 1.0],
                [0.437796, -0.898986, -0.012608, -0.0, 0.889795, 0.435244, -0.137218, 0.329779, 0.128845, 0.048855, 0.990461, 0.0, 0.0, 0.0, 0.0, 1.0],
                [0.357488, -0.933759, -0.01722, 0.0, 0.924133, 0.356344, -0.137832, 0.329779, 0.134838, 0.03336, 0.990306, 0.0, 0.0, 0.0, 0.0, 1.0]
            ]
        },
        {
            "name": "Tool_R",
            "time": [0.0, 0.0333, 0.1],
            "transform": [
                [1.0, 0.0, 0.0, -0.02, 0.0, -1.0, -0.0, 0.291425, 0.0, 0.0, -1.0, 0.0, 0.0, 0.0, 0.0, 1.0],
                [1.0, 0.0, 0.0, -0.02, 0.0, -1.0, 0.0, 0.291425, 0.0, -0.0, -1.0, -0.0, 0.0, 0.0, 0.0, 1.0],
                [1.0, 0.0, 0.0, -0.02, 0.0, -1.0, 0.0, 0.291425, 0.0, 0.0, -1.0, 0.0, 0.0, 0.0, 0.0, 1.0]
            ]
        },
        {
            "name": "Elbow_R",
            "time": [0.0, 0.0333, 0.1],
            "transform": [
                [-1.0, 0.0, -0.0, 0.0, 0.0, 0.039782, -0.999209, 0.329779, -0.0, -0.999209, -0.039782, -0.0, 0.0, 0.0, 0.0, 1.0],
                [-1.0, 0.0, -1e-06, -0.0, 0.0, 0.024641, -0.999697, 0.329779, 0.0, -0.999696, -0.024641, 0.0, 0.0, 0.0, 0.0, 1.0],
                [-1.0, -0.0, -0.0, 0.0, 0.0, 0.016836, -0.999858, 0.329779, 0.0, -0.999858, -0.016836, 0.0, 0.0, 0.0, 0.0, 1.0]
            ]
        },
        {
            "name": "Shoulder_L",
            "time": [0.0, 0.0333, 0.1],
            "transform": [
                [0.188765, -0.922453, -0.336821, 0.0, 0.050549, -0.333406, 0.941427, 0.400001, -0.980721, -0.194734, -0.016307, 0.0, 0.0, 0.0, 0.0, 1.0],
                [0.0219, -0.940906, -0.337958, -0.0, 0.005864, -0.337912, 0.941159, 0.4, -0.999743, -0.022593, -0.001882, 0.0, 0.0, 0.0, 0.0, 1.0],
                [-0.062085, -0.939554, -0.336725, 0.0, -0.016626, -0.336356, 0.941588, 0.4, -0.997932, 0.064057, 0.005262, 0.0, 0.0, 0.0, 0.0, 1.0]
            ]
        },
        {
            "name": "Arm_L",
            "time": [0.0, 0.0333, 0.1],
            "transform": [
                [0.909738, 0.372681, 0.18299, 0.0, -0.291124, 0.886842, -0.358829, 0.388212, -0.296012, 0.273168, 0.91529, -0.0, 0.0, 0.0, 0.0, 1.0],
                [0.900447, 0.263492, 0.346074, 0.0, -0.121705, 0.916479, -0.381123, 0.388212, -0.417592, 0.301062, 0.857309, 0.0, 0.0, 0.0, 0.0, 1.0],
                [0.880538, 0.209045, 0.425385, 0.0, -0.035309, 0.923922, -0.380949, 0.388212, -0.472658, 0.32042, 0.82093, -0.0, 0.0, 0.0, 0.0, 1.0]
            ]
        },
        {
            "name": "Hand_L",
            "time": [0.0, 0.0333, 0.1],
            "transform": [
                [1.0, 0.0, 0.0, 0.0, -0.0, 1.0, 1e-06, 0.329779, -0.0, -1e-06, 1.0, -0.0, 0.0, 0.0, 0.0, 1.0],
                [0.993236, 0.11611, 0.0, 0.0, -0.11611, 0.993237, 1e-06, 0.329779, -0.0, -1e-06, 1.0, -0.0, 0.0, 0.0, 0.0, 1.0],
                [0.984808, 0.173649, 0.0, 0.0, -0.173649, 0.984808, 1e-06, 0.329779, -0.0, -1e-06, 1.0, -0.0, 0.0, 0.0, 0.0, 1.0]
            ]
        },
        {
            "name": "Tool_L",
            "time": [0.0, 0.0333, 0.1],
            "transform": [
                [0.984808, 0.173648, 0.0, 0.02, 0.173648, -0.984808, 0.0, 0.291426, 0.0, 0.0, -1.0, 0.0, 0.0, 0.0, 0.0, 1.0],
                [0.984808, 0.173648, 0.0, 0.02, 0.173648, -0.984808, 0.0, 0.291426, 0.0, 0.0, -1.0, -0.0, 0.0, 0.0, 0.0, 1.0],
                [0.984808, 0.173648, 0.0, 0.02, 0.173648, -0.984807, 0.0, 0.291426, 0.0, 0.0, -1.0, -0.0, 0.0, 0.0, 0.0, 1.0]
            ]
        },
        {
            "name": "Elbow_L",
            "time": [0.0, 0.0333, 0.1],
            "transform": [
                [-1.0, 0.0, 0.0, 0.0, -0.0, -1e-06, -1.0, 0.329779, -0.0, -1.0, 0.0, -0.0, 0.0, 0.0, 0.0, 1.0],
                [-1.0, 0.0, -0.0, 0.0, 0.0, -0.0, -1.0, 0.329779, -0.0, -1.0, 0.0, -0.0, 0.0, 0.0, 0.0, 1.0],
                [-1.0, -0.0, 0.0, 0.0, -0.0, -1e-06, -1.0, 0.329779, 0.0, -1.0, 1e-06, -0.0, 0.0, 0.0, 0.0, 1.0]
            ]
        }
    ]
}