{

    "animation": [
        {
            "name": "Root",
            "time": [0.0, 0.2, 0.4, 0.6833],
            "transform": [
                [0.896683, -0.0, -0.442673, -5e-06, -0.442673, 0.0, -0.896683, 0.000946, 0.0, 1.0, -0.0, 0.738314, 0.0, 0.0, 0.0, 1.0],
                [0.931852, -0.0, -0.362838, -5e-06, -0.362838, 0.0, -0.931852, 0.000946, 0.0, 1.0, -0.0, 0.738314, 0.0, 0.0, 0.0, 1.0],
                [0.910841, -0.0, -0.412756, -5e-06, -0.412756, 0.0, -0.910841, 0.000946, 0.0, 1.0, -0.0, 0.738314, 0.0, 0.0, 0.0, 1.0],
                [0.896683, -0.0, -0.442673, -5e-06, -0.442673, 0.0, -0.896683, 0.000946, 0.0, 1.0, -0.0, 0.738314, 0.0, 0.0, 0.0, 1.0]
            ]
        },
        {
            "name": "Thigh_R",
            "time": [0.0, 0.2, 0.4, 0.6833],
            "transform": [
                [0.939498, 0.161453, 0.30212, 0.124994, 0.13745, -0.985522, 0.099239, -0.002831, 0.313769, -0.051708, -0.94809, -1.2e-05, 0.0, 0.0, 0.0, 1.0],
                [0.939099, 0.161518, 0.303323, 0.124994, 0.137392, -0.985513, 0.099414, -0.002831, 0.314987, -0.051686, -0.947688, -1.2e-05, 0.0, 0.0, 0.0, 1.0],
                [0.943317, 0.16081, 0.290334, 0.124994, 0.138009, -0.985617, 0.097514, -0.002831, 0.30184, -0.051918, -0.951944, -1.2e-05, 0.0, 0.0, 0.0, 1.0],
                [0.94592, 0.160355, 0.281995, 0.124994, 0.13839, -0.985683, 0.096294, -0.002831, 0.2934, -0.052061, -0.954571, -1.2e-05, 0.0, 0.0, 0.0, 1.0]
            ]
        },
        {
            "name": "Leg_R",
            "time": [0.0, 0.2, 0.4, 0.6833],
            "transform": [
                [0.999962, -0.008474, -0.002068, 0.0, 0.008723, 0.971379, 0.237376, 0.37472, -3e-06, -0.237386, 0.971415, -0.0, 0.0, 0.0, 0.0, 1.0],
                [0.999962, -0.008474, -0.002068, 0.0, 0.008723, 0.971379, 0.237376, 0.37472, -3e-06, -0.237386, 0.971415, 0.0, 0.0, 0.0, 0.0, 1.0],
                [0.999962, -0.008474, -0.002068, -0.0, 0.008723, 0.971379, 0.237376, 0.37472, -3e-06, -0.237386, 0.971415, 0.0, 0.0, 0.0, 0.0, 1.0],
                [0.999962, -0.008474, -0.002068, 0.0, 0.008723, 0.971379, 0.237376, 0.37472, -3e-06, -0.237386, 0.971415, 0.0, 0.0, 0.0, 0.0, 1.0]
            ]
        },
        {
            "name": "Knee_R",
            "time": [0.0, 0.2, 0.4, 0.6833],
            "transform": [
                [0.999991, -0.004298, -0.000785, 0.0, -0.000266, 0.119552, -0.992828, 0.37472, 0.004361, 0.992819, 0.11955, -0.0, 0.0, 0.0, 0.0, 1.0],
                [0.999991, -0.004298, -0.000785, 0.0, -0.000266, 0.119552, -0.992828, 0.37472, 0.004362, 0.992819, 0.11955, 0.0, 0.0, 0.0, 0.0, 1.0],
                [0.999991, -0.004298, -0.000785, -0.0, -0.000266, 0.119552, -0.992828, 0.37472, 0.004361, 0.992819, 0.119549, 0.0, 0.0, 0.0, 0.0, 1.0],
                [0.99999, -0.004298, -0.000785, 0.0, -0.000266, 0.119552, -0.992828, 0.37472, 0.004361, 0.992819, 0.11955, 0.0, 0.0, 0.0, 0.0, 1.0]
            ]
        },
        {
            "name": "Thigh_L",
            "time": [0.0, 0.2, 0.4, 0.6833],
            "transform": [
                [0.9869, -0.114431, -0.113724, -0.125006, -0.093302, -0.9799, 0.176318, -0.002831, -0.131614, -0.163397, -0.977742, -1.2e-05, 0.0, 0.0, 0.0, 1.0],
                [0.987067, -0.114222, -0.112475, -0.125006, -0.093318, -0.97992, 0.1762, -0.002831, -0.130343, -0.163425, -0.977908, -1.2e-05, 0.0, 0.0, 0.0, 1.0],
                [0.985179, -0.116469, -0.125918, -0.125006, -0.093139, -0.979708, 0.177471, -0.002831, -0.144032, -0.163112, -0.976038, -1.2e-05, 0.0, 0.0, 0.0, 1.0],
                [0.983873, -0.117904, -0.134503, -0.125006, -0.093016, -0.979572, 0.178282, -0.002831, -0.152775, -0.162896, -0.974743, -1.2e-05, 0.0, 0.0, 0.0, 1.0]
            ]
        },
        {
            "name": "Leg_L",
            "time": [0.0, 0.2, 0.4, 0.6833],
            "transform": [
                [1.0, 0.0, 2e-06, -0.0, -1e-06, 0.98458, 0.174931, 0.37472, -2e-06, -0.174931, 0.984581, 0.0, 0.0, 0.0, 0.0, 1.0],
                [1.0, 0.0, 2e-06, 0.0, -1e-06, 0.98458, 0.174931, 0.37472, -2e-06, -0.174931, 0.984581, 0.0, 0.0, 0.0, 0.0, 1.0],
                [1.0, 0.0, 2e-06, 0.0, -1e-06, 0.98458, 0.174931, 0.37472, -2e-06, -0.174931, 0.984581, -0.0, 0.0, 0.0, 0.0, 1.0],
                [1.0, 0.0, 2e-06, -0.0, -1e-06, 0.98458, 0.174931, 0.37472, -2e-06, -0.174931, 0.984581, 0.0, 0.0, 0.0, 0.0, 1.0]
            ]
        },
        {
            "name": "Knee_L",
            "time": [0.0, 0.2, 0.4, 0.6833],
            "transform": [
                [1.0, 0.0, -1e-06, -0.0, -1e-06, 0.087806, -0.996137, 0.37472, -0.0, 0.996137, 0.087806, 0.0, 0.0, 0.0, 0.0, 1.0],
                [1.0, 0.0, -1e-06, 0.0, -1e-06, 0.087806, -0.996137, 0.37472, -0.0, 0.996137, 0.087806, 0.0, 0.0, 0.0, 0.0, 1.0],
                [1.0, 0.0, -1e-06, 0.0, -1e-06, 0.087806, -0.996138, 0.37472, -0.0, 0.996137, 0.087806, -0.0, 0.0, 0.0, 0.0, 1.0],
                [1.0, 0.0, -1e-06, -0.0, -1e-06, 0.087806, -0.996138, 0.37472, -0.0, 0.996138, 0.087806, 0.0, 0.0, 0.0, 0.0, 1.0]
            ]
        },
        {
            "name": "Torso",
            "time": [0.0, 0.2, 0.4, 0.6833],
            "transform": [
                [0.998417, 0.056044, -0.004779, -0.0, -0.056169, 0.988961, -0.137118, 0.05, -0.002959, 0.137169, 0.990543, -0.0, 0.0, 0.0, 0.0, 1.0],
                [0.999994, -0.002942, -0.001972, -0.0, 0.002798, 0.997604, -0.069123, 0.05, 0.002171, 0.069117, 0.997606, 0.0, 0.0, 0.0, 0.0, 1.0],
                [0.998179, 0.037712, 0.047087, -0.0, -0.028659, 0.983255, -0.179967, 0.05, -0.053085, 0.17829, 0.982545, 0.0, 0.0, 0.0, 0.0, 1.0],
                [0.995083, 0.065082, 0.074656, -0.0, -0.044743, 0.967884, -0.247382, 0.05, -0.088359, 0.242826, 0.966038, -0.0, 0.0, 0.0, 0.0, 1.0]
            ]
        },
        {
            "name": "Chest",
            "time": [0.0, 0.2, 0.4, 0.6833],
            "transform": [
                [0.996141, 0.003416, 0.087703, -0.0, -0.013256, 0.993636, 0.111857, 0.3, -0.086762, -0.112588, 0.989847, 0.0, 0.0, 0.0, 0.0, 1.0],
                [0.98764, 0.1552, 0.021935, 0.0, -0.14092, 0.940479, -0.309258, 0.3, -0.068626, 0.302345, 0.950725, -0.0, 0.0, 0.0, 0.0, 1.0],
                [0.803495, 0.284247, -0.523068, 0.0, -0.519298, 0.764275, -0.382379, 0.3, 0.291078, 0.578867, 0.7617, 0.0, 0.0, 0.0, 0.0, 1.0],
                [0.556597, 0.261146, -0.788672, 0.0, -0.72283, 0.620185, -0.304773, 0.3, 0.409532, 0.739711, 0.533957, -0.0, 0.0, 0.0, 0.0, 1.0]
            ]
        },
        {
            "name": "Head",
            "time": [0.0, 0.2, 0.4, 0.6833],
            "transform": [
                [0.931668, -0.088217, 0.352438, 0.0, 0.042512, 0.989879, 0.135392, 0.4, -0.360815, -0.111158, 0.925989, 0.0, 0.0, 0.0, 0.0, 1.0],
                [0.948438, -0.133075, 0.287676, 0.0, 0.008341, 0.917761, 0.397045, 0.400001, -0.316855, -0.374173, 0.871549, -0.0, 0.0, 0.0, 0.0, 1.0],
                [0.680356, -0.570055, 0.460602, 0.0, -0.042276, 0.596907, 0.801196, 0.4, -0.731662, -0.56457, 0.382009, 0.0, 0.0, 0.0, 0.0, 1.0],
                [0.483353, -0.813156, 0.324264, 0.0, -0.096278, 0.318783, 0.942925, 0.4, -0.870115, -0.486985, 0.075796, 0.0, 0.0, 0.0, 0.0, 1.0]
            ]
        },
        {
            "name": "Shoulder_R",
            "time": [0.0, 0.2, 0.4, 0.6833],
            "transform": [
                [0.482982, 0.778923, 0.400009, 0.0, -0.129339, -0.388351, 0.912389, 0.4, 0.866025, -0.492404, -0.086821, 0.0, 0.0, 0.0, 0.0, 1.0],
                [0.456344, 0.82352, 0.336993, 0.0, -0.122206, -0.317133, 0.940475, 0.400001, 0.881371, -0.470363, -0.044082, -0.0, 0.0, 0.0, 0.0, 1.0],
                [0.482982, 0.786069, 0.385778, 0.0, -0.129339, -0.371695, 0.919301, 0.4, 0.866025, -0.493902, -0.077852, 0.0, 0.0, 0.0, 0.0, 1.0],
                [0.482982, 0.778923, 0.400009, 0.0, -0.129339, -0.388351, 0.912389, 0.4, 0.866025, -0.492404, -0.086821, 0.0, 0.0, 0.0, 0.0, 1.0]
            ]
        },
        {
            "name": "Arm_R",
            "time": [0.0, 0.2, 0.4, 0.6833],
            "transform": [
                [-0.512123, -0.842446, 0.167374, -0.0, -0.163143, -0.095912, -0.981929, 0.388213, 0.843276, -0.530174, -0.088321, 0.0, 0.0, 0.0, 0.0, 1.0],
                [-0.242376, -0.969233, -0.042916, 0.0, 0.922879, -0.216689, -0.318341, 0.388213, 0.299247, -0.116764, 0.947004, -0.0, 0.0, 0.0, 0.0, 1.0],
                [-0.346467, -0.936736, -0.04987, 0.019782, 0.903198, -0.318759, -0.287448, 0.401581, 0.253366, -0.144634, 0.956497, 0.006812, 0.0, 0.0, 0.0, 1.0],
                [-0.407935, -0.911302, -0.055835, 0.03187, 0.885164, -0.379764, -0.26882, 0.409749, 0.223772, -0.159085, 0.96157, 0.010975, 0.0, 0.0, 0.0, 1.0]
            ]
        },
        {
            "name": "Hand_R",
            "time": [0.0, 0.2, 0.4, 0.6833],
            "transform": [
                [0.998519, -0.052616, -0.013818, -0.0, 0.052149, 0.998119, -0.032218, 0.329779, 0.015488, 0.03145, 0.999385, 0.0, 0.0, 0.0, 0.0, 1.0],
                [0.998565, -0.052314, -0.01145, 0.0, 0.050084, 0.987994, -0.14615, 0.329779, 0.018959, 0.145366, 0.989196, 0.0, 0.0, 0.0, 0.0, 1.0],
                [0.943962, -0.329398, -0.020821, -0.0, 0.323534, 0.935946, -0.139032, 0.329779, 0.065284, 0.124504, 0.990069, 0.0, 0.0, 0.0, 0.0, 1.0],
                [0.873736, -0.485633, -0.027338, 0.0, 0.478039, 0.867733, -0.136083, 0.329779, 0.089808, 0.105832, 0.99032, -0.0, 0.0, 0.0, 0.0, 1.0]
            ]
        },
        {
            "name": "Tool_R",
            "time": [0.0, 0.2, 0.4, 0.6833],
            "transform": [
                [1.0, 0.0, 0.0, -0.02, 0.0, -1.0, 0.0, 0.291425, 0.0, -0.0, -1.0, 0.0, 0.0, 0.0, 0.0, 1.0],
                [1.0, 0.0, 0.0, -0.02, 0.0, -1.0, -0.0, 0.291426, 0.0, 0.0, -1.0, 0.0, 0.0, 0.0, 0.0, 1.0],
                [1.0, 0.0, 0.0, -0.02, 0.0, -1.0, -0.0, 0.291425, 0.0, -0.0, -1.0, -0.0, 0.0, 0.0, 0.0, 1.0],
                [1.0, 0.0, 0.0, -0.02, 0.0, -1.0, -0.0, 0.291425, 0.0, 0.0, -1.0, -0.0, 0.0, 0.0, 0.0, 1.0]
            ]
        },
        {
            "name": "Elbow_R",
            "time": [0.0, 0.2, 0.4, 0.6833],
            "transform": [
                [-1.0, -0.0, -0.0, -0.0, 0.0, 0.015729, -0.999876, 0.329779, 0.0, -0.999876, -0.015729, 0.0, 0.0, 0.0, 0.0, 1.0],
                [-1.0, -0.0, -0.0, 0.0, 0.0, 0.07289, -0.997341, 0.329779, 0.0, -0.997341, -0.07289, 0.0, 0.0, 0.0, 0.0, 1.0],
                [-1.0, -0.0, -0.0, -0.0, 0.0, 0.062507, -0.998045, 0.329779, 0.0, -0.998044, -0.062508, 0.0, 0.0, 0.0, 0.0, 1.0],
                [-1.0, -0.0, 0.0, 0.0, -0.0, 0.053206, -0.998583, 0.329779, 0.0, -0.998583, -0.053206, -0.0, 0.0, 0.0, 0.0, 1.0]
            ]
        },
        {
            "name": "Shoulder_L",
            "time": [0.0, 0.2, 0.4, 0.6833],
            "transform": [
                [0.482983, -0.813818, -0.323153, 0.0, 0.129337, -0.2987, 0.945542, 0.4, -0.866025, -0.498476, -0.039011, 0.0, 0.0, 0.0, 0.0, 1.0],
                [0.482983, -0.784096, -0.389771, 0.0, 0.129337, -0.376367, 0.917398, 0.400001, -0.866025, -0.493499, -0.080366, -0.0, 0.0, 0.0, 0.0, 1.0],
                [0.346912, -0.90182, -0.257629, 0.0, 0.092899, -0.240297, 0.966244, 0.4, -0.933285, -0.359135, 0.000416, 0.0, 0.0, 0.0, 0.0, 1.0],
                [0.20877, -0.961859, -0.176752, 0.0, 0.055906, -0.168701, 0.98408, 0.4, -0.976365, -0.215328, 0.018554, 0.0, 0.0, 0.0, 0.0, 1.0]
            ]
        },
        {
            "name": "Arm_L",
            "time": [0.0, 0.2, 0.4, 0.6833],
            "transform": [
                [0.037871, 0.7105, 0.702678, 0.0, -0.704121, 0.517936, -0.485752, 0.388212, -0.709069, -0.476374, 0.519893, 0.0, 0.0, 0.0, 0.0, 1.0],
                [0.283781, 0.806439, 0.518772, -0.03735, 0.033219, 0.53242, -0.845828, 0.356185, -0.958314, 0.257262, 0.124301, -0.008902, 0.0, 0.0, 0.0, 1.0],
                [0.417712, 0.567269, 0.709734, -0.014167, 0.139466, 0.731857, -0.667034, 0.376064, -0.897812, 0.377612, 0.226591, -0.003376, 0.0, 0.0, 0.0, 1.0],
                [0.47659, 0.388692, 0.788531, 0.0, 0.220638, 0.815356, -0.535269, 0.388212, -0.850989, 0.429084, 0.302831, 0.0, 0.0, 0.0, 0.0, 1.0]
            ]
        },
        {
            "name": "Hand_L",
            "time": [0.0, 0.2, 0.4, 0.6833],
            "transform": [
                [1.0, 0.0, 0.0, 0.0, -0.0, 1.0, 1e-06, 0.329779, -0.0, -1e-06, 1.0, -0.0, 0.0, 0.0, 0.0, 1.0],
                [1.0, 0.0, 0.0, 0.0, -0.0, 1.0, 1e-06, 0.329779, -0.0, -1e-06, 1.0, -0.0, 0.0, 0.0, 0.0, 1.0],
                [1.0, 0.0, 0.0, -0.0, -0.0, 1.0, 1e-06, 0.329779, -0.0, -1e-06, 1.0, 0.0, 0.0, 0.0, 0.0, 1.0],
                [1.0, 0.0, 0.0, 0.0, -0.0, 1.0, 1e-06, 0.329779, -0.0, -1e-06, 1.0, -0.0, 0.0, 0.0, 0.0, 1.0]
            ]
        },
        {
            "name": "Tool_L",
            "time": [0.0, 0.2, 0.4, 0.6833],
            "transform": [
                [1.0, 0.0, 0.0, 0.02, 0.0, -1.0, -0.0, 0.291426, 0.0, -0.0, -1.0, -0.0, 0.0, 0.0, 0.0, 1.0],
                [1.0, 0.0, 0.0, 0.02, 0.0, -1.0, 0.0, 0.291426, 0.0, 0.0, -1.0, -0.0, 0.0, 0.0, 0.0, 1.0],
                [0.994137, 0.108132, 0.0, 0.02, 0.108132, -0.994136, 0.0, 0.291426, 0.0, 0.0, -1.0, -0.0, 0.0, 0.0, 0.0, 1.0],
                [0.984808, 0.173648, 0.0, 0.02, 0.173648, -0.984808, 0.0, 0.291426, 0.0, 0.0, -1.0, -0.0, 0.0, 0.0, 0.0, 1.0]
            ]
        },
        {
            "name": "Elbow_L",
            "time": [0.0, 0.2, 0.4, 0.6833],
            "transform": [
                [-1.0, -0.0, -0.0, 0.0, 0.0, -0.0, -1.0, 0.329779, 0.0, -1.0, 0.0, -0.0, 0.0, 0.0, 0.0, 1.0],
                [-1.0, -0.0, -0.0, 0.0, 0.0, -0.0, -1.0, 0.329779, 0.0, -1.0, 0.0, -0.0, 0.0, 0.0, 0.0, 1.0],
                [-1.0, -0.0, -0.0, -0.0, 0.0, -1e-06, -1.0, 0.329779, -0.0, -1.0, 0.0, 0.0, 0.0, 0.0, 0.0, 1.0],
                [-1.0, -0.0, 0.0, 0.0, -0.0, -1e-06, -1.0, 0.329779, -0.0, -1.0, 1e-06, -0.0, 0.0, 0.0, 0.0, 1.0]
            ]
        }
    ]
}