{

    "animation": [
        {
            "name": "Root",
            "time": [0.0, 0.05, 0.1, 0.2, 0.4],
            "transform": [
                [-0.555604, 0.020512, 0.831194, -5e-06, 0.799946, 0.285756, 0.527664, 0.000946, -0.226695, 0.958083, -0.175175, 0.562498, 0.0, 0.0, 0.0, 1.0],
                [-0.991217, -0.024571, -0.129945, -5e-06, -0.12766, 0.434334, 0.89166, 0.531916, 0.034531, 0.900417, -0.433656, 0.386029, 0.0, 0.0, 0.0, 1.0],
                [-0.040142, -0.011551, -0.999127, -5e-06, -0.985818, 0.163523, 0.037717, 1.600946, 0.162944, 0.986472, -0.017951, 0.416389, 0.0, 0.0, 0.0, 1.0],
                [0.555538, 0.001785, -0.831489, -5e-06, -0.822104, 0.151014, -0.548944, 1.600946, 0.124586, 0.98853, 0.085362, 0.409963, 0.0, 0.0, 0.0, 1.0],
                [0.848196, 0.007367, -0.529631, -5e-06, -0.524662, 0.149023, -0.838166, 1.600946, 0.072752, 0.988806, 0.130266, 0.41175, 0.0, 0.0, 0.0, 1.0]
            ]
        },
        {
            "name": "Thigh_R",
            "time": [0.0, 0.05, 0.1, 0.2, 0.4],
            "transform": [
                [0.975146, 0.192645, -0.109057, 0.124994, 0.203876, -0.973431, 0.10329, -0.00283, -0.086271, -0.122952, -0.988535, -1.2e-05, 0.0, 0.0, 0.0, 1.0],
                [0.933275, 0.247333, -0.259742, 0.124994, 0.35388, -0.752848, 0.554742, -0.00283, -0.058361, -0.609704, -0.790304, -1.2e-05, 0.0, 0.0, 0.0, 1.0],
                [0.816297, 0.571346, -0.084524, 0.124994, 0.575074, -0.817603, 0.0272, -0.002831, -0.053569, -0.070814, -0.996007, -1.2e-05, 0.0, 0.0, 0.0, 1.0],
                [0.912604, 0.393554, 0.110263, 0.124994, 0.406812, -0.900738, -0.151773, -0.00283, 0.039544, 0.183384, -0.982172, -1.2e-05, 0.0, 0.0, 0.0, 1.0],
                [0.940712, 0.266324, 0.210083, 0.124994, 0.309228, -0.927878, -0.208386, -0.002831, 0.139433, 0.260995, -0.95522, -1.2e-05, 0.0, 0.0, 0.0, 1.0]
            ]
        },
        {
            "name": "Leg_R",
            "time": [0.0, 0.05, 0.1, 0.2, 0.4],
            "transform": [
                [0.992405, -0.100073, -0.072143, -0.0, 0.091043, 0.199375, 0.975662, 0.37472, -0.083261, -0.974778, 0.206962, -0.0, 0.0, 0.0, 0.0, 1.0],
                [0.993057, -0.086661, -0.079895, 0.0, 0.061463, -0.197725, 0.978275, 0.37472, -0.100583, -0.976431, -0.191007, -0.0, 0.0, 0.0, 0.0, 1.0],
                [0.99867, -0.049918, -0.013989, 0.0, 0.037429, 0.507551, 0.860798, 0.37472, -0.03587, -0.860172, 0.508732, -0.0, 0.0, 0.0, 0.0, 1.0],
                [0.991895, -0.127076, -0.001826, -0.0, 0.070866, 0.541104, 0.837961, 0.37472, -0.105498, -0.831298, 0.54572, 0.0, 0.0, 0.0, 0.0, 1.0],
                [0.988936, -0.148221, 0.005669, -0.0, 0.074851, 0.531671, 0.843637, 0.37472, -0.128059, -0.83388, 0.536884, 0.0, 0.0, 0.0, 0.0, 1.0]
            ]
        },
        {
            "name": "Knee_R",
            "time": [0.0, 0.1, 0.2, 0.4],
            "transform": [
                [0.997848, -0.062966, -0.018313, -0.0, 0.025478, 0.629562, -0.776524, 0.37472, 0.060426, 0.774403, 0.629812, -0.0, 0.0, 0.0, 0.0, 1.0],
                [0.99964, -0.02682, -0.000377, 0.0, 0.012967, 0.495488, -0.868517, 0.37472, 0.023481, 0.868201, 0.495659, -0.0, 0.0, 0.0, 0.0, 1.0],
                [0.99784, -0.063891, 0.015242, -0.0, 0.04383, 0.474793, -0.879008, 0.37472, 0.048917, 0.877779, 0.47656, 0.0, 0.0, 0.0, 0.0, 1.0],
                [0.997049, -0.073571, 0.021909, -0.0, 0.054558, 0.478384, -0.876455, 0.37472, 0.054, 0.875064, 0.480986, 0.0, 0.0, 0.0, 0.0, 1.0]
            ]
        },
        {
            "name": "Thigh_L",
            "time": [0.0, 0.05, 0.1, 0.2, 0.4],
            "transform": [
                [0.982616, -0.156006, -0.100415, -0.125006, -0.075152, -0.829532, 0.553353, -0.00283, -0.169625, -0.536199, -0.826854, -1.2e-05, 0.0, 0.0, 0.0, 1.0],
                [0.972946, -0.174828, 0.150526, -0.125006, -0.229778, -0.676221, 0.699899, -0.002831, -0.02057, -0.715561, -0.698173, -1.2e-05, 0.0, 0.0, 0.0, 1.0],
                [0.917606, -0.195591, 0.34601, -0.125006, -0.370552, -0.106102, 0.922724, -0.002831, -0.143765, -0.974918, -0.169837, -1.2e-05, 0.0, 0.0, 0.0, 1.0],
                [0.990985, -0.099961, 0.089166, -0.125006, -0.093657, -0.041173, 0.99475, -0.002831, -0.095765, -0.994137, -0.050164, -1.2e-05, 0.0, 0.0, 0.0, 1.0],
                [0.998437, -0.055811, 0.002032, -0.125006, -0.003147, -0.019898, 0.999797, -0.002831, -0.055759, -0.998243, -0.020043, -1.2e-05, 0.0, 0.0, 0.0, 1.0]
            ]
        },
        {
            "name": "Leg_L",
            "time": [0.0, 0.05, 0.1, 0.2, 0.4],
            "transform": [
                [0.999899, -0.011389, 0.008631, -0.0, 0.008725, 0.964914, 0.262432, 0.37472, -0.011317, -0.26233, 0.964912, 0.0, 0.0, 0.0, 0.0, 1.0],
                [0.999504, -0.017696, 0.026081, -0.0, -0.004232, 0.744657, 0.667433, 0.37472, -0.031232, -0.667204, 0.74422, -0.0, 0.0, 0.0, 0.0, 1.0],
                [0.996667, -0.051127, 0.063569, 0.0, -0.065584, -0.038758, 0.997094, 0.37472, -0.048515, -0.997939, -0.041982, 0.0, 0.0, 0.0, 0.0, 1.0],
                [0.993686, 0.022131, 0.109996, -0.0, -0.110132, 0.004995, 0.993903, 0.37472, 0.021447, -0.999742, 0.007401, 0.0, 0.0, 0.0, 0.0, 1.0],
                [0.982043, 0.113958, 0.150342, -0.0, -0.162577, 0.106968, 0.980879, 0.37472, 0.095697, -0.987708, 0.123574, 0.0, 0.0, 0.0, 0.0, 1.0]
            ]
        },
        {
            "name": "Knee_L",
            "time": [0.0, 0.1, 0.2, 0.4],
            "transform": [
                [0.999974, -0.005408, 0.004692, -0.0, 0.005367, 0.132347, -0.991189, 0.37472, 0.004739, 0.991189, 0.132372, 0.0, 0.0, 0.0, 0.0, 1.0],
                [0.999015, -0.01202, 0.04271, 0.0, 0.038261, 0.720789, -0.692101, 0.37472, -0.022466, 0.693052, 0.720535, 0.0, 0.0, 0.0, 0.0, 1.0],
                [0.998152, 0.033813, 0.050495, -0.0, 0.01202, 0.704647, -0.709457, 0.37472, -0.059571, 0.708752, 0.702938, 0.0, 0.0, 0.0, 0.0, 1.0],
                [0.994851, 0.085985, 0.053642, -0.0, -0.016908, 0.662701, -0.748693, 0.37472, -0.099925, 0.743931, 0.660744, 0.0, 0.0, 0.0, 0.0, 1.0]
            ]
        },
        {
            "name": "Torso",
            "time": [0.0, 0.05, 0.1, 0.2, 0.4],
            "transform": [
                [0.994881, 0.055173, 0.084665, 0.0, -0.030272, 0.962046, -0.271204, 0.05, -0.096414, 0.267253, 0.958791, 0.0, 0.0, 0.0, 0.0, 1.0],
                [0.999229, 0.016234, 0.035742, 0.0, -0.007979, 0.975471, -0.219982, 0.05, -0.038437, 0.219528, 0.974849, 0.0, 0.0, 0.0, 0.0, 1.0],
                [0.979516, -0.197531, 0.039126, 0.0, 0.133565, 0.782725, 0.607867, 0.05, -0.150698, -0.590189, 0.793074, -0.0, 0.0, 0.0, 0.0, 1.0],
                [0.988589, -0.136651, -0.06339, -0.0, 0.149312, 0.944615, 0.292247, 0.05, 0.019943, -0.298377, 0.95424, 0.0, 0.0, 0.0, 0.0, 1.0],
                [0.983223, -0.177065, 0.043828, -0.0, 0.112942, 0.779625, 0.615978, 0.05, -0.143238, -0.600693, 0.786544, 0.0, 0.0, 0.0, 0.0, 1.0]
            ]
        },
        {
            "name": "Chest",
            "time": [0.0, 0.05, 0.1, 0.2, 0.4],
            "transform": [
                [0.774727, -0.051524, 0.630193, 0.0, -0.235756, 0.901264, 0.363514, 0.3, -0.5867, -0.430196, 0.686086, 0.0, 0.0, 0.0, 0.0, 1.0],
                [0.88804, -0.03766, -0.458221, -0.0, 0.305437, 0.79325, 0.526747, 0.3, 0.343646, -0.60773, 0.715941, -0.0, 0.0, 0.0, 0.0, 1.0],
                [0.807383, 0.07438, 0.585319, -0.0, -0.137619, 0.9884, 0.064229, 0.3, -0.573753, -0.132409, 0.808254, -0.0, 0.0, 0.0, 0.0, 1.0],
                [0.899762, 0.014269, 0.436147, 0.0, -0.242227, 0.847681, 0.471976, 0.3, -0.362979, -0.530314, 0.766167, 0.0, 0.0, 0.0, 0.0, 1.0],
                [0.889719, 0.115439, 0.441671, 0.0, -0.179524, 0.978024, 0.106016, 0.3, -0.419727, -0.173616, 0.89089, 0.0, 0.0, 0.0, 0.0, 1.0]
            ]
        },
        {
            "name": "Head",
            "time": [0.0, 0.1, 0.2, 0.4],
            "transform": [
                [0.722087, 0.072485, -0.687994, -0.0, -0.034402, 0.997028, 0.068937, 0.4, 0.690946, -0.026111, 0.722435, 0.0, 0.0, 0.0, 0.0, 1.0],
                [0.746097, -0.247931, 0.617956, -0.0, 0.529586, 0.783505, -0.32505, 0.4, -0.403582, 0.56978, 0.715872, -0.0, 0.0, 0.0, 0.0, 1.0],
                [0.837566, -0.191054, 0.511843, 0.0, 0.477631, 0.7109, -0.516227, 0.4, -0.265242, 0.676845, 0.686679, 0.0, 0.0, 0.0, 0.0, 1.0],
                [0.952963, -0.288219, 0.093764, -0.0, 0.275858, 0.696641, -0.662264, 0.400001, 0.125557, 0.656979, 0.743381, -0.0, 0.0, 0.0, 0.0, 1.0]
            ]
        },
        {
            "name": "Shoulder_R",
            "time": [0.0, 0.05, 0.1, 0.2, 0.4],
            "transform": [
                [-0.02874, 0.923897, 0.38156, 0.0, 0.007693, -0.381502, 0.924336, 0.4, 0.999557, 0.0295, 0.003857, 0.0, 0.0, 0.0, 0.0, 1.0],
                [0.157235, 0.923624, 0.349567, -0.0, -0.042109, -0.347378, 0.93678, 0.4, 0.986663, -0.162015, -0.015727, 0.0, 0.0, 0.0, 0.0, 1.0],
                [-0.040921, 0.945891, 0.321901, 0.0, 0.010955, -0.321727, 0.94677, 0.4, 0.999102, 0.04227, 0.002803, -0.0, 0.0, 0.0, 0.0, 1.0],
                [-0.040921, 0.945891, 0.321901, 0.0, 0.010955, -0.321727, 0.94677, 0.4, 0.999102, 0.04227, 0.002803, 0.0, 0.0, 0.0, 0.0, 1.0],
                [-0.040921, 0.945891, 0.321901, -0.0, 0.010955, -0.321727, 0.94677, 0.400001, 0.999102, 0.04227, 0.002803, -0.0, 0.0, 0.0, 0.0, 1.0]
            ]
        },
        {
            "name": "Arm_R",
            "time": [0.0, 0.05, 0.1, 0.2, 0.4],
            "transform": [
                [0.14485, -0.718861, -0.679895, 0.0, -0.97785, 0.000923, -0.209304, 0.388213, 0.151088, 0.695153, -0.702804, -0.0, 0.0, 0.0, 0.0, 1.0],
                [0.408576, -0.812568, -0.415689, -0.0, -0.751243, -0.04073, -0.658766, 0.388213, 0.518363, 0.581441, -0.627076, 0.0, 0.0, 0.0, 0.0, 1.0],
                [0.399236, 0.491313, -0.77409, -0.0, 0.017572, 0.840043, 0.542231, 0.388213, 0.916681, -0.230081, 0.32674, 0.0, 0.0, 0.0, 0.0, 1.0],
                [0.425222, 0.395542, -0.814079, -0.0, 0.067794, 0.883005, 0.464438, 0.388213, 0.902547, -0.25268, 0.348656, 0.0, 0.0, 0.0, 0.0, 1.0],
                [0.568689, 0.413795, -0.710888, -0.0, 0.057886, 0.841974, 0.536399, 0.388213, 0.820514, -0.346196, 0.454866, 0.0, 0.0, 0.0, 0.0, 1.0]
            ]
        },
        {
            "name": "Hand_R",
            "time": [0.0, 0.05, 0.1, 0.2, 0.4],
            "transform": [
                [0.99803, 0.050429, -0.037334, -0.0, -0.062171, 0.714497, -0.696871, 0.329779, -0.008467, 0.697819, 0.716224, 0.0, 0.0, 0.0, 0.0, 1.0],
                [0.999159, -0.038337, -0.014455, -0.0, 0.010869, 0.588195, -0.808645, 0.329779, 0.039503, 0.807813, 0.588115, 0.0, 0.0, 0.0, 0.0, 1.0],
                [0.9999, -0.009686, 0.010058, 0.0, 0.01265, 0.933351, -0.358753, 0.329779, -0.005913, 0.358849, 0.933374, -0.0, 0.0, 0.0, 0.0, 1.0],
                [0.999278, -4.9e-05, 0.037915, 0.0, 0.010294, 0.962793, -0.270065, 0.329779, -0.036491, 0.270265, 0.962089, 0.0, 0.0, 0.0, 0.0, 1.0],
                [0.998626, 0.000336, 0.052325, 0.0, 0.008038, 0.987134, -0.159742, 0.329779, -0.051705, 0.159946, 0.985764, -0.0, 0.0, 0.0, 0.0, 1.0]
            ]
        },
        {
            "name": "Tool_R",
            "time": [0.0, 0.1, 0.2, 0.4],
            "transform": [
                [-1.0, -0.0, 0.0, -0.02, 0.0, -1.000001, 0.0, 0.291425, 0.0, 0.0, 1.000016, -0.0, 0.0, 0.0, 0.0, 1.0],
                [-1.0, -0.0, 0.0, -0.02, 0.0, -1.000001, 0.0, 0.291425, -0.0, 0.0, 1.000015, -0.0, 0.0, 0.0, 0.0, 1.0],
                [-1.0, -0.0, 0.0, -0.02, 0.0, -1.0, 0.0, 0.291425, 0.0, 0.0, 1.000015, -0.0, 0.0, 0.0, 0.0, 1.0],
                [-1.0, -0.0, 0.0, -0.02, -0.0, -1.0, 0.0, 0.291426, -0.0, 0.0, 1.000015, 0.0, 0.0, 0.0, 0.0, 1.0]
            ]
        },
        {
            "name": "Elbow_R",
            "time": [0.0, 0.1, 0.2, 0.4],
            "transform": [
                [-0.999488, 0.024162, 0.020952, -0.0, -0.010315, 0.376577, -0.926328, 0.329779, -0.030272, -0.92607, -0.376135, 0.0, 0.0, 0.0, 0.0, 1.0],
                [-0.999975, -0.006922, 0.001104, 0.0, -0.002397, 0.189572, -0.981864, 0.329779, 0.006587, -0.981843, -0.189584, -0.0, 0.0, 0.0, 0.0, 1.0],
                [-0.999819, -0.008863, 0.016805, 0.0, -0.01792, 0.146003, -0.989122, 0.329779, 0.006313, -0.989245, -0.146136, 0.0, 0.0, 0.0, 0.0, 1.0],
                [-0.999657, -0.007248, 0.025164, 0.0, -0.02572, 0.091096, -0.99551, 0.329779, 0.004923, -0.995816, -0.091251, -0.0, 0.0, 0.0, 0.0, 1.0]
            ]
        },
        {
            "name": "Shoulder_L",
            "time": [0.0, 0.1, 0.2, 0.4],
            "transform": [
                [0.037865, -0.927628, -0.371581, -0.0, 0.010139, -0.371472, 0.928388, 0.400001, -0.999231, -0.038921, -0.00466, -0.0, 0.0, 0.0, 0.0, 1.0],
                [-0.120481, -0.938634, -0.323187, 0.0, -0.032264, -0.321684, 0.946297, 0.4, -0.992191, 0.124438, 0.008473, -0.0, 0.0, 0.0, 0.0, 1.0],
                [-0.168497, -0.932805, -0.318565, 0.0, -0.045122, -0.315547, 0.947836, 0.4, -0.984669, 0.174082, 0.011079, -0.0, 0.0, 0.0, 0.0, 1.0],
                [-0.109012, -0.941523, -0.318827, 0.0, -0.029192, -0.317568, 0.947786, 0.4, -0.993612, 0.112627, 0.007133, -0.0, 0.0, 0.0, 0.0, 1.0]
            ]
        },
        {
            "name": "Arm_L",
            "time": [0.0, 0.05, 0.1, 0.2, 0.4],
            "transform": [
                [-0.251069, 0.873701, -0.416664, 0.0, 0.395889, -0.30012, -0.867871, 0.388212, -0.88331, -0.382849, -0.270538, -0.0, 0.0, 0.0, 0.0, 1.0],
                [-0.366764, 0.837043, 0.406009, -0.0, 0.34311, 0.52736, -0.777281, 0.388212, -0.864731, -0.145773, -0.480614, 0.0, 0.0, 0.0, 0.0, 1.0],
                [0.542949, 0.243596, 0.803658, -0.0, 0.128195, 0.921744, -0.365997, 0.388212, -0.829923, 0.301743, 0.469232, 0.0, 0.0, 0.0, 0.0, 1.0],
                [0.679224, -0.252199, 0.689239, 0.0, 0.242689, 0.963456, 0.113375, 0.388212, -0.692644, 0.090263, 0.715609, 1e-06, 0.0, 0.0, 0.0, 1.0],
                [0.737351, -0.387448, 0.553352, 0.0, 0.190481, 0.905174, 0.37997, 0.388212, -0.648099, -0.174768, 0.741232, 1e-06, 0.0, 0.0, 0.0, 1.0]
            ]
        },
        {
            "name": "Hand_L",
            "time": [0.0, 0.05, 0.1, 0.2, 0.4],
            "transform": [
                [0.999971, 0.004971, -0.005775, -0.0, -0.005759, 0.989303, -0.145761, 0.329779, 0.004989, 0.14579, 0.989303, 0.0, 0.0, 0.0, 0.0, 1.0],
                [0.999979, 0.001413, -0.006336, 0.0, -0.002326, 0.989208, -0.146498, 0.329779, 0.006061, 0.14651, 0.989191, 0.0, 0.0, 0.0, 0.0, 1.0],
                [0.999969, -0.003157, -0.007213, 0.0, 0.001807, 0.98366, -0.180028, 0.329779, 0.007664, 0.180009, 0.983635, 0.0, 0.0, 0.0, 0.0, 1.0],
                [0.999955, -0.005947, -0.007432, -0.0, 0.004528, 0.983976, -0.178243, 0.329779, 0.008373, 0.178202, 0.983958, 0.0, 0.0, 0.0, 0.0, 1.0],
                [0.999946, -0.008402, -0.006184, 0.0, 0.005864, 0.94292, -0.332967, 0.329779, 0.008629, 0.332912, 0.942918, 0.0, 0.0, 0.0, 0.0, 1.0]
            ]
        },
        {
            "name": "Tool_L",
            "time": [0.0, 0.05, 0.1, 0.2, 0.4],
            "transform": [
                [1.0, -0.0, 0.0, 0.02, 0.0, -0.973964, -0.226709, 0.291426, 0.0, 0.226704, -0.973983, -0.0, 0.0, 0.0, 0.0, 1.0],
                [1.0, 5e-06, -0.0, 0.02, 3e-06, -0.598714, -0.800974, 0.291426, -4e-06, 0.800963, -0.598722, -0.0, 0.0, 0.0, 0.0, 1.0],
                [1.0, 1.1e-05, -6e-06, 0.02, 6e-06, -0.810272, -0.586058, 0.291426, -1.1e-05, 0.586054, -0.810278, -0.0, 0.0, 0.0, 0.0, 1.0],
                [1.0, 1e-05, -1.4e-05, 0.02, 7e-06, -0.972704, -0.232051, 0.291426, -1.6e-05, 0.23205, -0.972706, 0.0, 0.0, 0.0, 0.0, 1.0],
                [1.0, 8e-06, -1.8e-05, 0.02, 7e-06, -0.999844, -0.017676, 0.291426, -1.8e-05, 0.017676, -0.999844, -0.0, 0.0, 0.0, 0.0, 1.0]
            ]
        },
        {
            "name": "Elbow_L",
            "time": [0.0, 0.1, 0.2, 0.4],
            "transform": [
                [-0.999992, 0.003137, -0.002166, -0.0, 0.00239, 0.073094, -0.997322, 0.329779, -0.002971, -0.99732, -0.073101, 0.0, 0.0, 0.0, 0.0, 1.0],
                [-0.999993, -0.000377, -0.003923, 0.0, 0.003873, 0.090373, -0.995901, 0.329779, 0.00073, -0.995908, -0.090372, 0.0, 0.0, 0.0, 0.0, 1.0],
                [-0.999989, -0.001684, -0.004457, -0.0, 0.004289, 0.089456, -0.995982, 0.329779, 0.002076, -0.99599, -0.089448, 0.0, 0.0, 0.0, 0.0, 1.0],
                [-0.999986, -0.001758, -0.004932, 0.0, 0.004564, 0.168878, -0.985626, 0.329779, 0.002565, -0.985636, -0.168868, 0.0, 0.0, 0.0, 0.0, 1.0]
            ]
        }
    ]
}