{

    "animation": [
        {
            "name": "Root",
            "time": [0.0, 0.05, 0.1, 0.2, 0.4],
            "transform": [
                [0.160882, -0.007623, -0.986944, -5e-06, -0.939361, 0.305654, -0.155487, -0.000581, 0.302848, 0.952112, 0.042013, 0.435077, 0.0, 0.0, 0.0, 1.0],
                [0.672612, -0.097551, -0.733538, -5e-06, -0.63913, 0.423036, -0.642303, 0.200295, 0.37297, 0.900846, 0.222191, 0.406314, 0.0, 0.0, 0.0, 1.0],
                [0.994124, -0.050686, -0.095646, -5e-06, -0.07021, 0.370602, -0.926134, 0.800946, 0.082389, 0.927408, 0.364866, 0.513346, 0.0, 0.0, 0.0, 1.0],
                [0.793311, -0.156016, 0.588487, -5e-06, 0.603672, 0.326981, -0.727093, 0.800946, -0.078986, 0.932064, 0.35358, 0.716653, 0.0, 0.0, 0.0, 1.0],
                [0.312092, 0.003757, 0.950044, -5e-06, 0.934933, 0.176478, -0.307826, 0.800946, -0.168818, 0.984297, 0.051565, 0.596428, 0.0, 0.0, 0.0, 1.0]
            ]
        },
        {
            "name": "Thigh_R",
            "time": [0.0, 0.05, 0.1, 0.2, 0.4],
            "transform": [
                [0.974668, 0.193826, -0.111208, 0.124994, 0.187474, -0.438459, 0.878945, -0.00283, 0.121605, -0.877568, -0.463709, -1.2e-05, 0.0, 0.0, 0.0, 1.0],
                [0.861771, 0.431942, -0.265891, 0.124994, 0.501755, -0.802721, 0.322175, -0.00283, -0.07428, -0.41107, -0.908523, -1.2e-05, 0.0, 0.0, 0.0, 1.0],
                [0.979602, 0.184052, -0.080365, 0.124994, 0.183484, -0.982853, -0.014551, -0.00283, -0.081674, -0.000492, -0.996598, -1.2e-05, 0.0, 0.0, 0.0, 1.0],
                [0.993577, 0.007098, -0.112922, 0.126574, 0.013894, -0.998011, 0.059511, -0.021472, -0.1123, -0.060697, -0.991698, -0.007084, 0.0, 0.0, 0.0, 1.0],
                [0.996376, -0.026892, -0.080665, 0.124994, -0.027344, -0.999522, -0.004474, -0.00283, -0.080521, 0.006663, -0.996637, -1.2e-05, 0.0, 0.0, 0.0, 1.0]
            ]
        },
        {
            "name": "Leg_R",
            "time": [0.0, 0.05, 0.1, 0.2, 0.4],
            "transform": [
                [0.99689, -0.068834, 0.038269, 0.0, 0.010395, 0.596665, 0.802437, 0.37472, -0.078067, -0.799539, 0.595534, -0.0, 0.0, 0.0, 0.0, 1.0],
                [0.998546, -0.052423, 0.012709, 0.0, 0.033342, 0.785041, 0.618554, 0.37472, -0.042403, -0.617227, 0.785649, -0.0, 0.0, 0.0, 0.0, 1.0],
                [0.999613, -0.006536, -0.027365, -0.0, 0.020877, 0.824336, 0.565718, 0.37472, 0.018861, -0.566065, 0.824145, -0.0, 0.0, 0.0, 0.0, 1.0],
                [0.99713, 0.018608, -0.073627, 0.0, 0.01813, 0.883157, 0.468722, 0.37472, 0.073748, -0.468707, 0.880262, 0.0, 0.0, 0.0, 0.0, 1.0],
                [0.998142, -0.001346, -0.061172, 0.0, 0.052306, 0.537542, 0.841608, 0.37472, 0.03175, -0.84323, 0.536606, 0.0, 0.0, 0.0, 0.0, 1.0]
            ]
        },
        {
            "name": "Knee_R",
            "time": [0.0, 0.1, 0.2, 0.4],
            "transform": [
                [0.99918, -0.029899, 0.027311, 0.0, 0.037823, 0.448147, -0.893159, 0.37472, 0.014465, 0.89346, 0.448911, -0.0, 0.0, 0.0, 0.0, 1.0],
                [0.999898, -0.00534, -0.013194, -0.0, -0.011019, 0.296325, -0.955024, 0.37472, 0.00901, 0.955072, 0.296236, -0.0, 0.0, 0.0, 0.0, 1.0],
                [0.999267, 0.004788, -0.037989, 0.0, -0.038019, 0.241704, -0.969605, 0.37472, 0.00454, 0.970338, 0.241709, 0.0, 0.0, 0.0, 0.0, 1.0],
                [0.999501, -0.008512, -0.030432, 0.0, -0.022592, 0.480835, -0.87652, 0.37472, 0.022095, 0.87677, 0.480403, 0.0, 0.0, 0.0, 0.0, 1.0]
            ]
        },
        {
            "name": "Thigh_L",
            "time": [0.0, 0.05, 0.1, 0.2, 0.4],
            "transform": [
                [0.799267, -0.520375, 0.300578, -0.125006, -0.599816, -0.721471, 0.345926, -0.00283, 0.036847, -0.456787, -0.888794, -1.2e-05, 0.0, 0.0, 0.0, 1.0],
                [0.514684, -0.380711, 0.768195, -0.125006, -0.84218, -0.056653, 0.536177, -0.00283, -0.16061, -0.922937, -0.349792, -1.2e-05, 0.0, 0.0, 0.0, 1.0],
                [0.989739, -0.120356, -0.076737, -0.125006, 0.019665, -0.417497, 0.908447, -0.00283, -0.141376, -0.900654, -0.410855, -1.2e-05, 0.0, 0.0, 0.0, 1.0],
                [0.991942, -0.073062, -0.103283, -0.123426, 0.040483, -0.59014, 0.806266, -0.021472, -0.11986, -0.803968, -0.58244, -0.007083, 0.0, 0.0, 0.0, 1.0],
                [0.993035, -0.103546, 0.055596, -0.125006, -0.112373, -0.697878, 0.707303, -0.00283, -0.034437, -0.708643, -0.704678, -1.2e-05, 0.0, 0.0, 0.0, 1.0]
            ]
        },
        {
            "name": "Leg_L",
            "time": [0.0, 0.05, 0.1, 0.2, 0.4],
            "transform": [
                [0.990781, -0.133086, 0.025323, -0.0, -0.035975, -0.07825, 0.996288, 0.37472, -0.13061, -0.98801, -0.082317, -0.0, 0.0, 0.0, 0.0, 1.0],
                [0.986303, -0.163599, 0.021047, 0.0, -0.005344, 0.095839, 0.995384, 0.37472, -0.16486, -0.981863, 0.093652, 0.0, 0.0, 0.0, 0.0, 1.0],
                [0.998936, -0.045847, -0.005316, 0.0, 0.006395, 0.023423, 0.999706, 0.37472, -0.045709, -0.998677, 0.023691, -0.0, 0.0, 0.0, 0.0, 1.0],
                [0.997315, 0.057074, -0.0459, 0.0, -0.007907, 0.706943, 0.707229, 0.37472, 0.072813, -0.704967, 0.705496, -0.0, 0.0, 0.0, 0.0, 1.0],
                [0.994807, 0.096829, -0.031411, -0.0, -0.028089, 0.557691, 0.829577, 0.37472, 0.097844, -0.824381, 0.557516, 0.0, 0.0, 0.0, 0.0, 1.0]
            ]
        },
        {
            "name": "Knee_L",
            "time": [0.0, 0.1, 0.2, 0.4],
            "transform": [
                [0.997251, -0.061101, 0.041929, -0.0, 0.07333, 0.732141, -0.677195, 0.37472, 0.01068, 0.678407, 0.734608, -0.0, 0.0, 0.0, 0.0, 1.0],
                [0.999689, -0.02401, 0.006681, 0.0, 0.021554, 0.698388, -0.715394, 0.37472, 0.012511, 0.715316, 0.698689, -0.0, 0.0, 0.0, 0.0, 1.0],
                [0.999302, 0.023987, -0.028648, 0.0, -0.035645, 0.382094, -0.923436, 0.37472, -0.011204, 0.923812, 0.382682, -0.0, 0.0, 0.0, 0.0, 1.0],
                [0.99862, 0.044551, -0.027823, -0.0, -0.045475, 0.468247, -0.882428, 0.37472, -0.026285, 0.882474, 0.469625, 0.0, 0.0, 0.0, 0.0, 1.0]
            ]
        },
        {
            "name": "Torso",
            "time": [0.0, 0.05, 0.1, 0.2, 0.4],
            "transform": [
                [0.989477, -0.132787, -0.05747, -0.0, 0.116071, 0.965609, -0.232651, 0.05, 0.086387, 0.223532, 0.970861, 0.0, 0.0, 0.0, 0.0, 1.0],
                [0.997947, 0.046128, 0.044424, -0.0, -0.06356, 0.798221, 0.599002, 0.05, -0.007829, -0.600596, 0.799514, 0.0, 0.0, 0.0, 0.0, 1.0],
                [0.997254, -0.072181, -0.016561, -0.0, 0.072054, 0.997368, -0.00812, 0.05, 0.017104, 0.006904, 0.99983, 0.0, 0.0, 0.0, 0.0, 1.0],
                [0.992056, -0.039566, 0.119413, -0.0, 0.043781, 0.9985, -0.032885, 0.05, -0.117933, 0.037852, 0.9923, 0.0, 0.0, 0.0, 0.0, 1.0],
                [0.998862, -0.042541, 0.021554, -0.0, 0.040532, 0.995441, 0.086336, 0.05, -0.025129, -0.085364, 0.996033, -0.0, 0.0, 0.0, 0.0, 1.0]
            ]
        },
        {
            "name": "Chest",
            "time": [0.0, 0.05, 0.1, 0.2, 0.4],
            "transform": [
                [0.982672, 0.038446, -0.181324, 0.0, 0.13956, 0.490318, 0.860297, 0.3, 0.121981, -0.870695, 0.476456, -0.0, 0.0, 0.0, 0.0, 1.0],
                [0.965964, 0.030447, 0.256877, 0.0, -0.062334, 0.991183, 0.116919, 0.3, -0.251052, -0.128952, 0.959346, -0.0, 0.0, 0.0, 0.0, 1.0],
                [0.51587, -0.00036, 0.856667, -0.0, 0.032635, 0.999282, -0.019233, 0.3, -0.856045, 0.037879, 0.515511, 0.0, 0.0, 0.0, 0.0, 1.0],
                [0.807134, -0.087729, 0.583813, 0.0, 0.093679, 0.9954, 0.020065, 0.3, -0.582888, 0.038496, 0.81164, -0.0, 0.0, 0.0, 0.0, 1.0],
                [0.808019, -0.036493, 0.588025, -0.0, 0.03634, 0.999266, 0.012079, 0.3, -0.588034, 0.011609, 0.808753, -0.0, 0.0, 0.0, 0.0, 1.0]
            ]
        },
        {
            "name": "Head",
            "time": [0.0, 0.1, 0.2, 0.4],
            "transform": [
                [-0.00142, 0.293571, 0.955936, -0.0, 0.618025, 0.751775, -0.229954, 0.4, -0.786157, 0.590466, -0.182501, 0.0, 0.0, 0.0, 0.0, 1.0],
                [0.589873, -0.041871, -0.806409, -0.0, -0.159893, 0.972825, -0.167471, 0.4, 0.791507, 0.227726, 0.567148, -0.0, 0.0, 0.0, 0.0, 1.0],
                [0.287134, 0.034312, -0.957276, 0.0, -0.173162, 0.984753, -0.016643, 0.4, 0.942108, 0.170543, 0.288697, -0.0, 0.0, 0.0, 0.0, 1.0],
                [-0.205493, 0.050937, -0.977332, -0.0, -0.080606, 0.994371, 0.068773, 0.400001, 0.975333, 0.092912, -0.200231, -0.0, 0.0, 0.0, 0.0, 1.0]
            ]
        },
        {
            "name": "Shoulder_R",
            "time": [0.0, 0.1, 0.2, 0.4],
            "transform": [
                [0.028129, 0.905968, 0.422411, -0.0, -0.007536, -0.422374, 0.90639, 0.4, 0.999576, -0.028679, -0.005054, -0.0, 0.0, 0.0, 0.0, 1.0],
                [0.100561, 0.905778, 0.411648, -0.0, -0.026932, -0.411115, 0.911186, 0.4, 0.994566, -0.102717, -0.016948, -0.0, 0.0, 0.0, 0.0, 1.0],
                [0.13674, 0.915556, 0.378232, 0.0, -0.03662, -0.376885, 0.925536, 0.4, 0.98993, -0.140408, -0.018007, -0.0, 0.0, 0.0, 0.0, 1.0],
                [0.13674, 0.915556, 0.378232, 0.0, -0.03662, -0.376885, 0.925536, 0.400001, 0.98993, -0.140408, -0.018007, -0.0, 0.0, 0.0, 0.0, 1.0]
            ]
        },
        {
            "name": "Arm_R",
            "time": [0.0, 0.05, 0.1, 0.2, 0.4],
            "transform": [
                [0.064556, 0.126872, -0.989816, 0.0, 0.229713, 0.963359, 0.138462, 0.388213, 0.971116, -0.236312, 0.033046, -0.0, 0.0, 0.0, 0.0, 1.0],
                [0.490344, -0.355301, -0.795816, 0.0, 0.079278, 0.927526, -0.365256, 0.388213, 0.867916, 0.116011, 0.482974, -0.0, 0.0, 0.0, 0.0, 1.0],
                [0.787588, -0.603828, 0.122875, -0.0, 0.00231, -0.196511, -0.980498, 0.388213, 0.616199, 0.772513, -0.153375, 0.0, 0.0, 0.0, 0.0, 1.0],
                [0.774493, -0.631434, -0.0381, -0.0, -0.261999, -0.265372, -0.927865, 0.388213, 0.575776, 0.728608, -0.370964, 0.0, 0.0, 0.0, 0.0, 1.0],
                [0.652387, -0.730431, 0.202145, 0.0, -0.606627, -0.66315, -0.438448, 0.388213, 0.454308, 0.163411, -0.875729, -0.0, 0.0, 0.0, 0.0, 1.0]
            ]
        },
        {
            "name": "Hand_R",
            "time": [0.0, 0.05, 0.1, 0.2, 0.4],
            "transform": [
                [0.999424, -0.017079, -0.02934, 0.0, 0.0092, 0.968153, -0.250192, 0.329779, 0.032678, 0.249778, 0.967752, 0.0, 0.0, 0.0, 0.0, 1.0],
                [0.999424, -0.006015, -0.033412, 0.0, 0.0092, 0.995337, 0.096025, 0.329779, 0.032678, -0.096277, 0.994818, -0.0, 0.0, 0.0, 0.0, 1.0],
                [0.999424, -0.022229, -0.025659, 0.0, 0.0092, 0.904872, -0.425585, 0.329779, 0.032678, 0.425103, 0.904555, 0.0, 0.0, 0.0, 0.0, 1.0],
                [0.999424, -0.033025, -0.007866, 0.0, 0.0092, 0.486495, -0.873635, 0.329779, 0.032678, 0.873059, 0.486519, -0.0, 0.0, 0.0, 0.0, 1.0],
                [0.999424, -0.020586, -0.026995, 0.0, 0.0092, 0.929653, -0.368322, 0.329779, 0.032678, 0.367861, 0.929306, 0.0, 0.0, 0.0, 0.0, 1.0]
            ]
        },
        {
            "name": "Tool_R",
            "time": [0.0, 0.1, 0.2, 0.4],
            "transform": [
                [-1.0, 0.0, 0.0, -0.02, -0.0, -1.000001, 0.0, 0.291425, 0.0, 0.0, 1.000015, -0.0, 0.0, 0.0, 0.0, 1.0],
                [-1.0, 0.0, 0.0, -0.02, -0.0, -1.0, 1e-06, 0.291425, 0.0, 0.0, 1.000015, 0.0, 0.0, 0.0, 0.0, 1.0],
                [-0.996195, -0.015142, -0.08583, -0.02, 9e-06, -0.984809, 0.173647, 0.291425, -0.087154, 0.172983, 0.981077, -0.0, 0.0, 0.0, 0.0, 1.0],
                [-0.996195, -0.015142, -0.085829, -0.02, 9e-06, -0.984809, 0.173647, 0.291425, -0.087153, 0.172983, 0.981077, 0.0, 0.0, 0.0, 0.0, 1.0]
            ]
        },
        {
            "name": "Elbow_R",
            "time": [0.0, 0.1, 0.2, 0.4],
            "transform": [
                [-0.999855, -0.001446, -0.01695, 0.0, 0.016633, 0.125887, -0.991905, 0.329779, 0.003568, -0.992043, -0.125845, 0.0, 0.0, 0.0, 0.0, 1.0],
                [-0.999854, 0.000938, -0.017054, 0.0, 0.016849, 0.217805, -0.975847, 0.329779, 0.002799, -0.975992, -0.217788, 0.0, 0.0, 0.0, 0.0, 1.0],
                [-0.999845, 0.008776, -0.015249, 0.0, 0.017594, 0.506392, -0.862124, 0.329779, 0.000156, -0.862259, -0.506468, -0.0, 0.0, 0.0, 0.0, 1.0],
                [-0.999854, 0.000139, -0.017053, 0.0, 0.016777, 0.187258, -0.982167, 0.329779, 0.003057, -0.982311, -0.187233, 0.0, 0.0, 0.0, 0.0, 1.0]
            ]
        },
        {
            "name": "Shoulder_L",
            "time": [0.0, 0.1, 0.2, 0.4],
            "transform": [
                [0.204487, -0.905883, -0.370892, -0.0, 0.054759, -0.367719, 0.928323, 0.4, -0.977336, -0.210139, -0.025589, 0.0, 0.0, 0.0, 0.0, 1.0],
                [0.093952, -0.923401, -0.37216, 0.0, 0.025159, -0.371492, 0.928095, 0.400001, -0.995259, -0.09656, -0.011671, -0.0, 0.0, 0.0, 0.0, 1.0],
                [0.037865, -0.927628, -0.371581, 0.0, 0.010139, -0.371472, 0.928388, 0.4, -0.999231, -0.038921, -0.00466, -0.0, 0.0, 0.0, 0.0, 1.0],
                [0.037865, -0.927628, -0.371582, -0.0, 0.010139, -0.371472, 0.928389, 0.400001, -0.999231, -0.038921, -0.00466, -0.0, 0.0, 0.0, 0.0, 1.0]
            ]
        },
        {
            "name": "Arm_L",
            "time": [0.0, 0.1, 0.2, 0.4],
            "transform": [
                [0.415581, 0.057937, 0.907709, -0.0, -0.435583, 0.888765, 0.142697, 0.388212, -0.798473, -0.454685, 0.394591, 0.0, 0.0, 0.0, 0.0, 1.0],
                [0.176268, -0.050992, 0.98302, -0.0, -0.217358, 0.971989, 0.089395, 0.388212, -0.960044, -0.229424, 0.160248, -0.0, 0.0, 0.0, 0.0, 1.0],
                [0.043458, -0.081007, 0.995766, -0.0, -0.099247, 0.991427, 0.084986, 0.388212, -0.994113, -0.10252, 0.035046, 0.0, 0.0, 0.0, 0.0, 1.0],
                [0.043458, -0.081007, 0.995766, -0.0, -0.099247, 0.991426, 0.084986, 0.388212, -0.994113, -0.10252, 0.035046, -0.0, 0.0, 0.0, 0.0, 1.0]
            ]
        },
        {
            "name": "Hand_L",
            "time": [0.0, 0.1, 0.2, 0.4],
            "transform": [
                [0.995779, 0.091579, -0.00619, 0.0, -0.090508, 0.968428, -0.232284, 0.329779, -0.015277, 0.231864, 0.972628, 0.0, 0.0, 0.0, 0.0, 1.0],
                [0.999424, 0.033149, -0.007285, 0.0, -0.033841, 0.956897, -0.288448, 0.329779, -0.002591, 0.288528, 0.957468, -0.0, 0.0, 0.0, 0.0, 1.0],
                [0.999971, 0.003886, -0.006554, 0.0, -0.005759, 0.948685, -0.316171, 0.329779, 0.004989, 0.316199, 0.94868, -0.0, 0.0, 0.0, 0.0, 1.0],
                [0.999971, 0.003886, -0.006554, 0.0, -0.005759, 0.948685, -0.316171, 0.329779, 0.004989, 0.316199, 0.94868, 0.0, 0.0, 0.0, 0.0, 1.0]
            ]
        },
        {
            "name": "Tool_L",
            "time": [0.0, 0.1, 0.2, 0.4],
            "transform": [
                [1.0, 0.0, 0.0, 0.02, -0.0, -1.0, 0.0, 0.291426, 0.0, -0.0, -1.000019, -0.0, 0.0, 0.0, 0.0, 1.0],
                [1.0, 0.0, 0.0, 0.02, -0.0, -1.0, 0.0, 0.291426, 0.0, 0.0, -1.000019, 0.0, 0.0, 0.0, 0.0, 1.0],
                [1.0, -0.0, 0.0, 0.02, 0.0, -1.0, 0.0, 0.291426, 0.0, -0.0, -1.000019, -0.0, 0.0, 0.0, 0.0, 1.0],
                [1.0, -0.0, 0.0, 0.02, -0.0, -1.0, 0.0, 0.291426, 0.0, -0.0, -1.000019, -0.0, 0.0, 0.0, 0.0, 1.0]
            ]
        },
        {
            "name": "Elbow_L",
            "time": [0.0, 0.1, 0.2, 0.4],
            "transform": [
                [-0.998941, 0.043353, 0.015442, 0.0, -0.010293, 0.116561, -0.99313, 0.329779, -0.044855, -0.992237, -0.115992, 0.0, 0.0, 0.0, 0.0, 1.0],
                [-0.999855, 0.016278, 0.004962, 0.0, -0.002535, 0.145811, -0.989309, 0.329779, -0.016828, -0.989178, -0.145749, -0.0, 0.0, 0.0, 0.0, 1.0],
                [-0.999993, 0.003403, -0.00174, 0.0, 0.002263, 0.160172, -0.987086, 0.329779, -0.003081, -0.987083, -0.160179, -0.0, 0.0, 0.0, 0.0, 1.0],
                [-0.999993, 0.003403, -0.00174, 0.0, 0.002263, 0.160172, -0.987086, 0.329779, -0.00308, -0.987083, -0.160178, 0.0, 0.0, 0.0, 0.0, 1.0]
            ]
        }
    ]
}