{

    "animation": [
        {
            "name": "Root",
            "time": [0.0, 0.0667, 0.1167, 0.2, 0.4],
            "transform": [
                [-0.171127, 0.065705, 0.983056, -5e-06, 0.983693, 0.067457, 0.166729, 0.000946, -0.055359, 0.995556, -0.076177, 0.596258, 0.0, 0.0, 0.0, 1.0],
                [0.011056, 0.060595, 0.998101, -5e-06, 0.9879, 0.153762, -0.020278, 0.300946, -0.154699, 0.986248, -0.058161, 0.473972, 0.0, 0.0, 0.0, 1.0],
                [0.721731, 0.068379, 0.688788, -5e-06, 0.664644, 0.209388, -0.71722, 0.700946, -0.193267, 0.975439, 0.105674, 0.413972, 0.0, 0.0, 0.0, 1.0],
                [0.990029, 0.117239, -0.078092, -5e-06, -0.104752, 0.242086, -0.964583, 0.700946, -0.094182, 0.963146, 0.251953, 0.413972, 0.0, 0.0, 0.0, 1.0],
                [0.921833, -0.020087, -0.387066, -5e-06, -0.374889, 0.207319, -0.903591, 0.700946, 0.098397, 0.978067, 0.183583, 0.473972, 0.0, 0.0, 0.0, 1.0]
            ]
        },
        {
            "name": "Thigh_R",
            "time": [0.0, 0.0667, 0.1167, 0.2, 0.4],
            "transform": [
                [0.985168, -0.015318, 0.170908, 0.124994, 0.014289, -0.985225, -0.170669, -0.002831, 0.170997, 0.170579, -0.970393, -1.2e-05, 0.0, 0.0, 0.0, 1.0],
                [0.650842, 0.759131, 0.011115, 0.124994, 0.759157, -0.650902, 0.002611, -0.002831, 0.009217, 0.006739, -0.999933, -1.2e-05, 0.0, 0.0, 0.0, 1.0],
                [0.74026, 0.433136, -0.514204, 0.124994, 0.662187, -0.337469, 0.669041, -0.00283, 0.116257, -0.835767, -0.536631, -1.2e-05, 0.0, 0.0, 0.0, 1.0],
                [0.943257, 0.07525, -0.323422, 0.124994, 0.313782, 0.116698, 0.942296, -0.002831, 0.108651, -0.990311, 0.086464, -1.2e-05, 0.0, 0.0, 0.0, 1.0],
                [0.999734, -0.014054, -0.018309, 0.124994, 0.015363, -0.186776, 0.982283, -0.002831, -0.017225, -0.982303, -0.18651, -1.2e-05, 0.0, 0.0, 0.0, 1.0]
            ]
        },
        {
            "name": "Leg_R",
            "time": [0.0, 0.0667, 0.1167, 0.2, 0.4],
            "transform": [
                [0.997072, -0.05354, -0.054597, 0.0, 0.076465, 0.703837, 0.706233, 0.37472, 0.000615, -0.70834, 0.70587, 0.0, 0.0, 0.0, 0.0, 1.0],
                [0.995639, 0.003942, -0.093183, 0.0, 0.076676, 0.534212, 0.841863, 0.37472, 0.053099, -0.845339, 0.531581, -0.0, 0.0, 0.0, 0.0, 1.0],
                [0.983586, 0.176664, -0.036661, -0.0, 0.054078, -0.094805, 0.994025, 0.37472, 0.172132, -0.979694, -0.102803, -0.0, 0.0, 0.0, 0.0, 1.0],
                [0.997242, 0.060278, -0.043208, 0.0, 0.038531, 0.076715, 0.996306, 0.37472, 0.06337, -0.995229, 0.074181, -0.0, 0.0, 0.0, 0.0, 1.0],
                [0.998609, -0.051677, -0.010258, -0.0, 0.031118, 0.421418, 0.906334, 0.37472, -0.042513, -0.905393, 0.422441, 0.0, 0.0, 0.0, 0.0, 1.0]
            ]
        },
        {
            "name": "Knee_R",
            "time": [0.0, 0.0667, 0.1167, 0.2, 0.4],
            "transform": [
                [0.999239, -0.032235, -0.02198, 0.0, -0.007944, 0.383474, -0.923517, 0.37472, 0.038198, 0.922989, 0.382926, 0.0, 0.0, 0.0, 0.0, 1.0],
                [0.998837, -0.010032, -0.047152, 0.0, -0.036463, 0.482607, -0.875077, 0.37472, 0.031535, 0.875779, 0.481681, -0.0, 0.0, 0.0, 0.0, 1.0],
                [0.99508, 0.080448, -0.057819, -0.0, -0.098426, 0.736297, -0.669461, 0.37472, -0.011285, 0.671861, 0.740592, -0.0, 0.0, 0.0, 0.0, 1.0],
                [0.999205, 0.021679, -0.033454, 0.0, -0.039274, 0.679248, -0.732858, 0.37472, 0.006836, 0.733588, 0.679558, -0.0, 0.0, 0.0, 0.0, 1.0],
                [0.999624, -0.02734, 0.002402, -0.0, 0.016718, 0.537171, -0.843308, 0.37472, 0.021765, 0.84303, 0.537426, 0.0, 0.0, 0.0, 0.0, 1.0]
            ]
        },
        {
            "name": "Thigh_L",
            "time": [0.0, 0.0667, 0.1167, 0.2, 0.4],
            "transform": [
                [0.946079, -0.218845, 0.238833, -0.125006, -0.315417, -0.790318, 0.52527, -0.002831, 0.073801, -0.572279, -0.816731, -1.2e-05, 0.0, 0.0, 0.0, 1.0],
                [0.830699, -0.546652, 0.105407, -0.125006, -0.504543, -0.659198, 0.557579, -0.002831, -0.235318, -0.516363, -0.823405, -1.2e-05, 0.0, 0.0, 0.0, 1.0],
                [0.814539, -0.564085, 0.135223, -0.125006, -0.580047, -0.790086, 0.198139, -0.00283, -0.00493, -0.23984, -0.97075, -1.2e-05, 0.0, 0.0, 0.0, 1.0],
                [0.994044, -0.107401, -0.018581, -0.125006, -0.108891, -0.971062, -0.212567, -0.002831, 0.004786, 0.213325, -0.97697, -1.2e-05, 0.0, 0.0, 0.0, 1.0],
                [0.960583, -0.185886, -0.206719, -0.125006, -0.211544, -0.971197, -0.109684, -0.002831, -0.180376, 0.14909, -0.972234, -1.2e-05, 0.0, 0.0, 0.0, 1.0]
            ]
        },
        {
            "name": "Leg_L",
            "time": [0.0, 0.0667, 0.1167, 0.2, 0.4],
            "transform": [
                [0.996177, 0.086027, -0.015107, -0.0, -0.071027, 0.898539, 0.433105, 0.37472, 0.050833, -0.430377, 0.901216, 0.0, 0.0, 0.0, 0.0, 1.0],
                [0.99215, -0.038727, 0.118877, 0.0, -0.026727, 0.863138, 0.504257, 0.37472, -0.122135, -0.503477, 0.855331, -0.0, 0.0, 0.0, 0.0, 1.0],
                [0.997737, 0.029745, 0.060225, 0.0, -0.066461, 0.567106, 0.820945, 0.37472, -0.009735, -0.823122, 0.567782, 0.0, 0.0, 0.0, 0.0, 1.0],
                [0.997794, 0.066161, -0.005052, -0.0, -0.046473, 0.751157, 0.658484, 0.37472, 0.047361, -0.6568, 0.752574, -0.0, 0.0, 0.0, 0.0, 1.0],
                [0.994847, 0.100671, -0.011988, -0.0, -0.04869, 0.578149, 0.814476, 0.37472, 0.088925, -0.809697, 0.58007, 0.0, 0.0, 0.0, 0.0, 1.0]
            ]
        },
        {
            "name": "Knee_L",
            "time": [0.0, 0.0667, 0.1167, 0.2, 0.4],
            "transform": [
                [0.999032, 0.042205, -0.0124, -0.0, -0.021448, 0.221253, -0.97498, 0.37472, -0.038405, 0.974303, 0.221944, 0.0, 0.0, 0.0, 0.0, 1.0],
                [0.998002, -0.01145, 0.062142, 0.0, 0.062972, 0.261475, -0.963154, 0.37472, -0.005221, 0.965142, 0.261674, -0.0, 0.0, 0.0, 0.0, 1.0],
                [0.999401, 0.022309, 0.026459, 0.0, 0.013065, 0.464731, -0.885349, 0.37472, -0.032048, 0.885175, 0.464167, 0.0, 0.0, 0.0, 0.0, 1.0],
                [0.999431, 0.03264, -0.008542, -0.0, -0.019472, 0.351232, -0.936086, 0.37472, -0.027553, 0.93572, 0.351667, -0.0, 0.0, 0.0, 0.0, 1.0],
                [0.998635, 0.048941, -0.018228, -0.0, -0.038606, 0.456704, -0.88878, 0.37472, -0.035173, 0.888271, 0.457971, 0.0, 0.0, 0.0, 0.0, 1.0]
            ]
        },
        {
            "name": "Torso",
            "time": [0.0, 0.0667, 0.0833, 0.1167, 0.2, 0.4],
            "transform": [
                [0.997621, 0.067949, -0.011649, -0.0, -0.068127, 0.997555, -0.015617, 0.05, 0.010559, 0.016373, 0.999811, -0.0, 0.0, 0.0, 0.0, 1.0],
                [0.899764, 0.434101, 0.044525, 0.0, -0.419852, 0.888983, -0.182849, 0.05, -0.118957, 0.145827, 0.982132, 0.0, 0.0, 0.0, 0.0, 1.0],
                [0.96182, 0.273511, 0.009727, 0.0, -0.268618, 0.950226, -0.157844, 0.05, -0.052415, 0.149205, 0.987416, 0.0, 0.0, 0.0, 0.0, 1.0],
                [0.913333, 0.404363, 0.048098, -0.0, -0.392729, 0.843458, 0.366528, 0.05, 0.107642, -0.353651, 0.929163, 0.0, 0.0, 0.0, 0.0, 1.0],
                [0.999826, 0.017411, 0.006636, -0.0, -0.018586, 0.906629, 0.42152, 0.05, 0.001323, -0.42157, 0.906795, 0.0, 0.0, 0.0, 0.0, 1.0],
                [0.976224, -0.212937, 0.040564, 0.0, 0.190525, 0.932135, 0.307936, 0.05, -0.103382, -0.292886, 0.950541, 0.0, 0.0, 0.0, 0.0, 1.0]
            ]
        },
        {
            "name": "Chest",
            "time": [0.0, 0.0333, 0.0667, 0.0833, 0.1167, 0.2, 0.4],
            "transform": [
                [0.876342, -0.362088, 0.317674, 0.0, -0.137946, 0.443224, 0.885733, 0.3, -0.461514, -0.820028, 0.338467, -0.0, 0.0, 0.0, 0.0, 1.0],
                [0.42547, -0.395324, 0.814061, -0.0, -0.513162, 0.635548, 0.576839, 0.3, -0.745412, -0.663173, 0.067541, -0.0, 0.0, 0.0, 0.0, 1.0],
                [0.982395, -0.159596, 0.097107, 0.0, 0.034619, 0.666315, 0.744866, 0.3, -0.183581, -0.728391, 0.660109, 0.0, 0.0, 0.0, 0.0, 1.0],
                [0.825383, 0.027283, -0.563913, 0.0, 0.440884, 0.592757, 0.673988, 0.3, 0.352652, -0.80492, 0.477223, -0.0, 0.0, 0.0, 0.0, 1.0],
                [0.743851, 0.00703, -0.668308, -0.0, 0.14084, 0.975842, 0.167025, 0.3, 0.653337, -0.218366, 0.724891, 0.0, 0.0, 0.0, 0.0, 1.0],
                [0.721508, -0.043284, -0.691052, 0.0, 0.204204, 0.966956, 0.152638, 0.3, 0.661609, -0.251246, 0.706504, -0.0, 0.0, 0.0, 0.0, 1.0],
                [0.537904, 0.258858, -0.802279, -0.0, 0.15157, 0.906483, 0.394102, 0.3, 0.829268, -0.333591, 0.448365, -0.0, 0.0, 0.0, 0.0, 1.0]
            ]
        },
        {
            "name": "Head",
            "time": [0.0, 0.0667, 0.1167, 0.2, 0.4],
            "transform": [
                [0.074409, -0.007523, -0.9972, -0.0, -0.661974, 0.747503, -0.055034, 0.4, 0.745824, 0.664215, 0.050641, -0.0, 0.0, 0.0, 0.0, 1.0],
                [0.049556, -0.304607, -0.951188, -0.0, -0.424085, 0.855825, -0.296163, 0.4, 0.904266, 0.418062, -0.086769, -0.0, 0.0, 0.0, 0.0, 1.0],
                [0.997315, 0.025848, -0.068514, 0.0, -0.065411, 0.735072, -0.674826, 0.4, 0.03292, 0.677495, 0.734791, -0.0, 0.0, 0.0, 0.0, 1.0],
                [0.746182, 0.414644, 0.520848, 0.0, 0.062006, 0.73567, -0.674496, 0.4, -0.662848, 0.535592, 0.523234, 0.0, 0.0, 0.0, 0.0, 1.0],
                [0.229816, 0.517575, 0.824197, -0.0, 0.215495, 0.79878, -0.561703, 0.4, -0.949077, 0.306699, 0.072038, -0.0, 0.0, 0.0, 0.0, 1.0]
            ]
        },
        {
            "name": "Shoulder_R",
            "time": [0.0, 0.0667, 0.0833, 0.1167, 0.2, 0.4],
            "transform": [
                [0.48049, 0.841055, 0.248508, -0.0, -0.128672, -0.212688, 0.968611, 0.4, 0.86751, -0.497383, 0.006026, -0.0, 0.0, 0.0, 0.0, 1.0],
                [-0.207134, 0.974079, 0.090908, -0.0, 0.055465, -0.081081, 0.995162, 0.4, 0.976739, 0.211174, -0.037233, -0.0, 0.0, 0.0, 0.0, 1.0],
                [-0.044415, 0.905365, 0.422304, 0.0, 0.011891, -0.422213, 0.906418, 0.4, 0.998943, 0.04528, 0.007987, -0.0, 0.0, 0.0, 0.0, 1.0],
                [-0.183623, 0.889025, 0.419423, 0.0, 0.049169, -0.417837, 0.907189, 0.4, 0.981766, 0.187204, 0.033012, -0.0, 0.0, 0.0, 0.0, 1.0],
                [0.130993, 0.897583, 0.420932, 0.0, -0.035081, -0.420128, 0.906785, 0.4, 0.990763, -0.133549, -0.023545, 0.0, 0.0, 0.0, 0.0, 1.0],
                [0.190847, 0.887619, 0.419175, -0.0, -0.051109, -0.41746, 0.907256, 0.4, 0.980288, -0.194571, -0.034305, -0.0, 0.0, 0.0, 0.0, 1.0]
            ]
        },
        {
            "name": "Arm_R",
            "time": [0.0, 0.0333, 0.0667, 0.0833, 0.1, 0.1167, 0.2, 0.4],
            "transform": [
                [0.528013, -0.829248, 0.183163, -0.0, -0.589011, -0.51297, -0.624441, 0.388213, 0.611775, 0.221828, -0.759291, 0.0, 0.0, 0.0, 0.0, 1.0],
                [0.118291, -0.972972, -0.198319, 0.0, -0.514049, 0.110873, -0.850564, 0.388213, 0.849565, 0.20256, -0.48704, 0.0, 0.0, 0.0, 0.0, 1.0],
                [0.55574, -0.80793, 0.195961, 0.0, -0.39601, -0.464515, -0.792086, 0.388213, 0.730977, 0.362591, -0.578098, 1e-06, 0.0, 0.0, 0.0, 1.0],
                [0.78319, -0.618689, 0.06192, -0.0, -0.267867, -0.425595, -0.864357, 0.388213, 0.561122, 0.66037, -0.49905, 0.0, 0.0, 0.0, 0.0, 1.0],
                [0.805676, -0.137402, -0.576199, 0.0, -0.198657, 0.853717, -0.481353, 0.388213, 0.55805, 0.50228, 0.660524, 0.0, 0.0, 0.0, 0.0, 1.0],
                [0.80568, -0.085539, -0.586141, -0.0, -0.096646, 0.957275, -0.272545, 0.388213, 0.584412, 0.276232, 0.762992, 0.0, 0.0, 0.0, 0.0, 1.0],
                [0.668876, 0.016921, -0.743181, -0.0, 0.069122, 0.993992, 0.084842, 0.388213, 0.740152, -0.108119, 0.663689, 0.0, 0.0, 0.0, 0.0, 1.0],
                [0.373418, 0.146834, -0.915968, -0.0, 0.061743, 0.981268, 0.182474, 0.388213, 0.925605, -0.124694, 0.357359, 0.0, 0.0, 0.0, 0.0, 1.0]
            ]
        },
        {
            "name": "Hand_R",
            "time": [0.0, 0.0667, 0.0833, 0.1167, 0.2, 0.4],
            "transform": [
                [0.993668, -0.105624, 0.038307, 0.0, 0.112279, 0.946116, -0.303737, 0.329779, -0.004161, 0.306115, 0.951985, 0.0, 0.0, 0.0, 0.0, 1.0],
                [0.993664, -0.092547, 0.063774, 0.0, 0.107393, 0.949171, -0.295873, 0.329779, -0.03315, 0.300847, 0.953096, -0.0, 0.0, 0.0, 0.0, 1.0],
                [0.999258, -0.029579, 0.024667, 0.0, 0.030033, 0.999382, -0.018267, 0.329779, -0.024111, 0.018995, 0.999529, 0.0, 0.0, 0.0, 0.0, 1.0],
                [0.999278, -0.036864, -0.009208, -0.0, 0.036909, 0.999307, 0.004718, 0.329779, 0.009027, -0.005055, 0.999947, -0.0, 0.0, 0.0, 0.0, 1.0],
                [0.999961, -0.002143, 0.008541, -0.0, 0.003792, 0.980191, -0.198019, 0.329779, -0.007947, 0.198043, 0.980161, -0.0, 0.0, 0.0, 0.0, 1.0],
                [0.988855, -0.144153, 0.037233, 0.0, 0.14818, 0.928634, -0.34012, 0.329779, 0.014454, 0.341846, 0.939645, -0.0, 0.0, 0.0, 0.0, 1.0]
            ]
        },
        {
            "name": "Tool_R",
            "time": [0.0, 0.0667, 0.0833, 0.1167, 0.2, 0.4],
            "transform": [
                [1.0, 0.0, 0.0, -0.02, 0.0, -1.0, 0.0, 0.291425, 0.0, -0.0, -1.000001, -0.0, 0.0, 0.0, 0.0, 1.0],
                [0.999796, 0.020082, -0.002456, -0.02, 0.016089, -0.862804, -0.505283, 0.291425, -0.012267, 0.50514, -0.862951, -0.0, 0.0, 0.0, 0.0, 1.0],
                [0.999789, 0.02056, 0.001279, -0.02, 0.016694, -0.772285, -0.635057, 0.291425, -0.012069, 0.634943, -0.772465, 0.0, 0.0, 0.0, 0.0, 1.0],
                [0.999773, 0.021254, -0.002037, -0.02, 0.017897, -0.886218, -0.462923, 0.291425, -0.011644, 0.462781, -0.886397, 0.0, 0.0, 0.0, 0.0, 1.0],
                [0.999747, 0.022215, -0.003624, -0.02, 0.019676, -0.940696, -0.338681, 0.291425, -0.010933, 0.338524, -0.940895, -0.0, 0.0, 0.0, 0.0, 1.0],
                [0.999331, -0.035282, -0.009693, -0.02, -0.035947, -0.996129, -0.080216, 0.291425, -0.006825, 0.080511, -0.996731, 0.0, 0.0, 0.0, 0.0, 1.0]
            ]
        },
        {
            "name": "Elbow_R",
            "time": [0.0, 0.0667, 0.1167, 0.2, 0.4],
            "transform": [
                [-1.0, -0.0, -1e-06, 0.0, 0.0, 0.15493, -0.987926, 0.329779, 0.0, -0.987926, -0.15493, 0.0, 0.0, 0.0, 0.0, 1.0],
                [-1.0, -0.0, -0.0, 0.0, 0.0, 0.152282, -0.988337, 0.329779, 0.0, -0.988337, -0.152283, -0.0, 0.0, 0.0, 0.0, 1.0],
                [-0.999999, 1e-06, 1e-06, -0.0, 2e-06, -0.002527, -0.999995, 0.329779, -0.0, -0.999994, 0.002527, -0.0, 0.0, 0.0, 0.0, 1.0],
                [-1.0, -0.0, -1e-06, -0.0, 0.0, 0.099519, -0.995036, 0.329779, 0.0, -0.995036, -0.099519, -0.0, 0.0, 0.0, 0.0, 1.0],
                [-1.0, 0.0, -1e-06, 0.0, 1e-06, 0.173576, -0.98482, 0.329779, 0.0, -0.98482, -0.173576, -0.0, 0.0, 0.0, 0.0, 1.0]
            ]
        },
        {
            "name": "Shoulder_L",
            "time": [0.0, 0.0667, 0.1167, 0.2, 0.4],
            "transform": [
                [-0.062578, -0.904373, -0.422129, -0.0, -0.016758, -0.421946, 0.906466, 0.4, -0.997899, 0.063799, 0.011249, -0.0, 0.0, 0.0, 0.0, 1.0],
                [-0.176556, -0.895524, -0.40849, -0.0, -0.04728, -0.406815, 0.912286, 0.4, -0.983154, 0.180383, 0.029485, -0.0, 0.0, 0.0, 0.0, 1.0],
                [-0.142458, -0.902795, -0.405789, 0.0, -0.038149, -0.404658, 0.913671, 0.4, -0.989065, 0.145641, 0.023206, -0.0, 0.0, 0.0, 0.0, 1.0],
                [-0.142458, -0.902796, -0.40579, 0.0, -0.038149, -0.404658, 0.913671, 0.4, -0.989065, 0.145641, 0.023206, 0.0, 0.0, 0.0, 0.0, 1.0],
                [-0.141176, -0.904629, -0.402138, -0.0, -0.037806, -0.400984, 0.915304, 0.4, -0.989262, 0.144422, 0.022409, -0.0, 0.0, 0.0, 0.0, 1.0]
            ]
        },
        {
            "name": "Arm_L",
            "time": [0.0, 0.0667, 0.1167, 0.2, 0.4],
            "transform": [
                [-0.018477, 0.0261, 0.999488, 0.0, -0.49874, 0.866166, -0.031838, 0.388212, -0.866555, -0.499073, -0.002988, 0.0, 0.0, 0.0, 0.0, 1.0],
                [-0.068257, 0.163211, 0.984227, 0.0, -0.348865, 0.920343, -0.176811, 0.388212, -0.934684, -0.355431, -0.005881, 0.0, 0.0, 0.0, 0.0, 1.0],
                [0.054527, 0.244078, 0.968221, -0.0, -0.367125, 0.906645, -0.20788, 0.388212, -0.928572, -0.344123, 0.139044, 0.0, 0.0, 0.0, 0.0, 1.0],
                [0.054528, -0.258425, 0.964491, 0.0, -0.367125, 0.893082, 0.260047, 0.388212, -0.928572, -0.368268, -0.046177, 0.0, 0.0, 0.0, 0.0, 1.0],
                [-0.023238, -0.33784, 0.940916, 0.0, -0.09746, 0.937454, 0.33419, 0.388212, -0.994968, -0.083936, -0.05471, 0.0, 0.0, 0.0, 0.0, 1.0]
            ]
        },
        {
            "name": "Hand_L",
            "time": [0.0, 0.0667, 0.1167, 0.2, 0.4],
            "transform": [
                [0.82545, 0.22539, -0.517524, -0.0, -0.564279, 0.30535, -0.76704, 0.329779, -0.014857, 0.925182, 0.379234, 0.0, 0.0, 0.0, 0.0, 1.0],
                [0.885367, 0.038268, -0.463315, -0.0, -0.377054, 0.642094, -0.667492, 0.329779, 0.271948, 0.76567, 0.582918, 0.0, 0.0, 0.0, 0.0, 1.0],
                [0.94151, 0.282443, -0.183805, 0.0, -0.334771, 0.721534, -0.606067, 0.329779, -0.038558, 0.632151, 0.773886, -0.0, 0.0, 0.0, 0.0, 1.0],
                [0.970641, 0.234851, -0.051976, -0.0, -0.232049, 0.857393, -0.45938, 0.329779, -0.063322, 0.457955, 0.886717, 0.0, 0.0, 0.0, 0.0, 1.0],
                [0.937758, 0.289301, -0.192132, 0.0, -0.347262, 0.774199, -0.529174, 0.329779, -0.004342, 0.562958, 0.826474, 0.0, 0.0, 0.0, 0.0, 1.0]
            ]
        },
        {
            "name": "Tool_L",
            "time": [0.0, 0.0667, 0.1167, 0.2, 0.4],
            "transform": [
                [1.0, 0.0, 0.0, 0.02, 0.0, -1.0, 0.0, 0.291426, 0.0, -0.0, -1.0, -0.0, 0.0, 0.0, 0.0, 1.0],
                [1.0, 0.0, 0.0, 0.02, 0.0, -1.0, 0.0, 0.291426, 0.0, 0.0, -1.0, -0.0, 0.0, 0.0, 0.0, 1.0],
                [1.0, 0.0, 0.0, 0.02, 0.0, -1.0, 0.0, 0.291426, 0.0, 0.0, -1.0, -0.0, 0.0, 0.0, 0.0, 1.0],
                [0.995496, 0.0, 0.094808, 0.02, 0.0, -1.0, -0.0, 0.291426, 0.094808, 0.0, -0.995496, -0.0, 0.0, 0.0, 0.0, 1.0],
                [1.0, 0.0, 0.0, 0.02, 0.0, -1.0, -0.0, 0.291426, 0.0, -0.0, -1.0, -0.0, 0.0, 0.0, 0.0, 1.0]
            ]
        },
        {
            "name": "Elbow_L",
            "time": [0.0, 0.0667, 0.1167, 0.2, 0.4],
            "transform": [
                [-1.0, 0.0, -0.0, -0.0, 0.0, 0.557101, -0.830444, 0.329779, 0.0, -0.830445, -0.557101, 0.0, 0.0, 0.0, 0.0, 1.0],
                [-1.0, 0.0, -1e-06, -0.0, 0.0, 0.443989, -0.896032, 0.329779, -0.0, -0.896032, -0.443989, 0.0, 0.0, 0.0, 0.0, 1.0],
                [-1.0, -0.0, 0.0, 0.0, 0.0, 0.335811, -0.941929, 0.329779, 0.0, -0.941929, -0.335811, -0.0, 0.0, 0.0, 0.0, 1.0],
                [-1.0, 0.0, -0.0, -0.0, 0.0, 0.236113, -0.971726, 0.329779, -0.0, -0.971726, -0.236114, 0.0, 0.0, 0.0, 0.0, 1.0],
                [-1.0, -0.0, -0.0, 0.0, 0.0, 0.294548, -0.955637, 0.329779, 0.0, -0.955637, -0.294549, 0.0, 0.0, 0.0, 0.0, 1.0]
            ]
        }
    ]
}