{

    "animation": [
        {
            "name": "Root",
            "time": [0.0, 0.0333, 0.05, 0.0667, 0.3333, 0.5],
            "transform": [
                [0.968429, -0.0, 0.249291, -5e-06, 0.24869, 0.069404, -0.966093, -0.000652, -0.017302, 0.997589, 0.067213, 0.580729, 0.0, 0.0, 0.0, 1.0],
                [0.99986, -0.006389, -0.015494, -5e-06, -0.015095, 0.058318, -0.998184, 0.07422, 0.007281, 0.998278, 0.058214, 0.500552, 0.0, 0.0, 0.0, 1.0],
                [0.888584, -0.023381, -0.458117, -5e-06, -0.456865, 0.044446, -0.888425, 0.386526, 0.041134, 0.998738, 0.028813, 0.550286, 0.0, 0.0, 0.0, 1.0],
                [0.561889, -0.046525, -0.825903, -5e-06, -0.825112, 0.039581, -0.563581, 0.700946, 0.058911, 0.998133, -0.016148, 0.60002, 0.0, 0.0, 0.0, 1.0],
                [0.455303, -0.036766, -0.889577, -5e-06, -0.889191, 0.031887, -0.456424, 0.700946, 0.045147, 0.998815, -0.018174, 0.667054, 0.0, 0.0, 0.0, 1.0],
                [0.455303, -0.036766, -0.889577, -5e-06, -0.889191, 0.031887, -0.456424, 0.700946, 0.045147, 0.998815, -0.018174, 0.667054, 0.0, 0.0, 0.0, 1.0]
            ]
        },
        {
            "name": "Thigh_R",
            "time": [0.0, 0.0333, 0.0667, 0.3333, 0.5],
            "transform": [
                [0.989532, 0.054011, -0.133822, 0.124994, 0.141918, -0.532434, 0.834475, -0.002831, -0.026181, -0.844735, -0.534524, -1.3e-05, 0.0, 0.0, 0.0, 1.0],
                [0.987792, -0.071947, -0.13816, 0.124994, 0.099559, -0.390545, 0.91517, -0.002831, -0.119805, -0.917754, -0.378615, -1.3e-05, 0.0, 0.0, 0.0, 1.0],
                [0.914998, 0.40316, 0.015522, 0.124994, 0.386668, -0.887252, 0.251541, -0.002831, 0.115184, -0.224157, -0.967722, -1.2e-05, 0.0, 0.0, 0.0, 1.0],
                [0.948951, 0.28505, -0.135051, 0.124993, 0.315273, -0.870432, 0.378087, -0.00283, -0.009779, -0.401363, -0.915866, -1.2e-05, 0.0, 0.0, 0.0, 1.0],
                [0.948951, 0.28505, -0.135051, 0.124993, 0.315273, -0.870432, 0.378087, -0.00283, -0.009779, -0.401363, -0.915866, -1.2e-05, 0.0, 0.0, 0.0, 1.0]
            ]
        },
        {
            "name": "Leg_R",
            "time": [0.0, 0.0333, 0.0667, 0.3333, 0.5],
            "transform": [
                [0.999497, 0.022413, -0.022493, -0.0, 0.008719, 0.487422, 0.873124, 0.37472, 0.030533, -0.872878, 0.486982, -0.0, 0.0, 0.0, 0.0, 1.0],
                [0.99951, -0.017709, -0.025841, 0.0, 0.028066, 0.139737, 0.989787, 0.37472, -0.013917, -0.990032, 0.140165, 0.0, 0.0, 0.0, 0.0, 1.0],
                [0.984771, 0.101619, -0.141068, 0.0, 0.008591, 0.781966, 0.623262, 0.37472, 0.173646, -0.614982, 0.769184, 0.0, 0.0, 0.0, 0.0, 1.0],
                [0.979347, 0.024596, -0.200687, 0.0, 0.103573, 0.791423, 0.602431, 0.37472, 0.173645, -0.610774, 0.77253, 0.0, 0.0, 0.0, 0.0, 1.0],
                [0.979347, 0.024596, -0.200687, 0.0, 0.103573, 0.791423, 0.602431, 0.37472, 0.173645, -0.610774, 0.77253, 0.0, 0.0, 0.0, 0.0, 1.0]
            ]
        },
        {
            "name": "Knee_R",
            "time": [0.0, 0.0333, 0.0667, 0.3333, 0.5],
            "transform": [
                [0.999864, 0.008153, -0.0143, -0.0, -0.016459, 0.506202, -0.862256, 0.37472, 0.000209, 0.862376, 0.506268, -0.0, 0.0, 0.0, 0.0, 1.0],
                [0.999861, -0.01368, -0.009618, 0.0, 0.001709, 0.655704, -0.755016, 0.37472, 0.016635, 0.754894, 0.655636, 0.0, 0.0, 0.0, 0.0, 1.0],
                [0.996075, 0.038939, -0.07949, 0.0, -0.087886, 0.328184, -0.940517, 0.37472, -0.010536, 0.943811, 0.330318, 0.0, 0.0, 0.0, 0.0, 1.0],
                [0.99468, -0.00447, -0.102919, 0.0, -0.095955, 0.323332, -0.941408, 0.37472, 0.037485, 0.946275, 0.321182, 0.0, 0.0, 0.0, 0.0, 1.0],
                [0.99468, -0.00447, -0.102919, 0.0, -0.095955, 0.323332, -0.941408, 0.37472, 0.037485, 0.946275, 0.321182, 0.0, 0.0, 0.0, 0.0, 1.0]
            ]
        },
        {
            "name": "Thigh_L",
            "time": [0.0, 0.0333, 0.0667, 0.3333, 0.5],
            "transform": [
                [0.872879, -0.377124, -0.309611, -0.125006, -0.261106, -0.897054, 0.356534, -0.002831, -0.412196, -0.23037, -0.881489, -1.2e-05, 0.0, 0.0, 0.0, 1.0],
                [0.891684, -0.352625, -0.283825, -0.125006, -0.328186, -0.935462, 0.131168, -0.002831, -0.31176, -0.023813, -0.949862, -1.2e-05, 0.0, 0.0, 0.0, 1.0],
                [0.887772, -0.457457, 0.050915, -0.125006, -0.406431, -0.727177, 0.553199, -0.00283, -0.21604, -0.511809, -0.831492, -1.2e-05, 0.0, 0.0, 0.0, 1.0],
                [0.892069, -0.409249, 0.191645, -0.125005, -0.441674, -0.8793, 0.1782, -0.00283, 0.095586, -0.243611, -0.965151, -1.1e-05, 0.0, 0.0, 0.0, 1.0],
                [0.892069, -0.409249, 0.191645, -0.125005, -0.441674, -0.8793, 0.1782, -0.00283, 0.095586, -0.243611, -0.965151, -1.1e-05, 0.0, 0.0, 0.0, 1.0]
            ]
        },
        {
            "name": "Leg_L",
            "time": [0.0, 0.0333, 0.0667, 0.3333, 0.5],
            "transform": [
                [0.98477, -0.15316, 0.08228, 0.0, 0.008592, 0.515541, 0.856822, 0.37472, -0.173649, -0.843065, 0.509006, 0.0, 0.0, 0.0, 0.0, 1.0],
                [0.99302, -0.095889, 0.068682, -0.0, -0.021892, 0.422346, 0.906171, 0.37472, -0.1159, -0.901348, 0.417299, 0.0, 0.0, 0.0, 0.0, 1.0],
                [0.999782, 0.018424, 0.009844, 0.0, -0.016955, 0.440489, 0.897598, 0.37472, 0.012201, -0.897569, 0.440705, -0.0, 0.0, 0.0, 0.0, 1.0],
                [0.998452, 0.045746, 0.031642, 0.0, -0.055585, 0.799632, 0.597912, 0.37472, 0.00205, -0.598746, 0.800936, 0.0, 0.0, 0.0, 0.0, 1.0],
                [0.998452, 0.045746, 0.031642, 0.0, -0.055585, 0.799632, 0.597912, 0.37472, 0.00205, -0.598746, 0.800936, 0.0, 0.0, 0.0, 0.0, 1.0]
            ]
        },
        {
            "name": "Knee_L",
            "time": [0.0, 0.0333, 0.0667, 0.3333, 0.5],
            "transform": [
                [0.995922, -0.065975, 0.061532, 0.0, 0.085996, 0.488114, -0.868533, 0.37472, 0.027267, 0.870283, 0.491798, 0.0, 0.0, 0.0, 0.0, 1.0],
                [0.998105, -0.037972, 0.048423, -0.0, 0.061244, 0.536323, -0.841788, 0.37472, 0.005993, 0.843158, 0.537632, 0.0, 0.0, 0.0, 0.0, 1.0],
                [0.999941, 0.010622, 0.002285, 0.0, -0.003678, 0.528814, -0.84873, 0.37472, -0.010223, 0.848672, 0.528822, -0.0, 0.0, 0.0, 0.0, 1.0],
                [0.999603, 0.025445, 0.01212, 0.0, 0.003474, 0.315498, -0.94892, 0.37472, -0.027969, 0.948585, 0.315284, 0.0, 0.0, 0.0, 0.0, 1.0],
                [0.999603, 0.025445, 0.01212, 0.0, 0.003474, 0.315498, -0.94892, 0.37472, -0.027969, 0.948585, 0.315284, 0.0, 0.0, 0.0, 0.0, 1.0]
            ]
        },
        {
            "name": "Torso",
            "time": [0.0, 0.0333, 0.05, 0.0667, 0.3333, 0.5],
            "transform": [
                [0.997355, 0.015819, 0.070944, 0.0, -0.027919, 0.984533, 0.172963, 0.05, -0.067111, -0.174486, 0.98237, -0.0, 0.0, 0.0, 0.0, 1.0],
                [0.996788, 0.00709, 0.079771, 0.0, -0.030782, 0.953475, 0.299895, 0.05, -0.073934, -0.301387, 0.950631, -0.0, 0.0, 0.0, 0.0, 1.0],
                [0.991165, 0.075506, 0.109043, 0.0, -0.094689, 0.978518, 0.183128, 0.05, -0.092874, -0.191835, 0.977023, -0.0, 0.0, 0.0, 0.0, 1.0],
                [0.99439, -0.005331, 0.105641, 0.0, 0.005306, 0.999986, 0.000519, 0.05, -0.105642, 4.4e-05, 0.994404, -0.0, 0.0, 0.0, 0.0, 1.0],
                [0.998531, -0.042623, -0.033442, 0.0, 0.046213, 0.992269, 0.115179, 0.05, 0.028275, -0.116555, 0.992782, -0.0, 0.0, 0.0, 0.0, 1.0],
                [0.998531, -0.042623, -0.033442, 0.0, 0.046213, 0.992269, 0.115179, 0.05, 0.028275, -0.116555, 0.992782, -0.0, 0.0, 0.0, 0.0, 1.0]
            ]
        },
        {
            "name": "Chest",
            "time": [0.0, 0.0333, 0.05, 0.0667, 0.3333, 0.5],
            "transform": [
                [0.411189, -0.006942, 0.911524, -0.0, -0.089904, 0.994787, 0.048132, 0.3, -0.907106, -0.101741, 0.408421, -0.0, 0.0, 0.0, 0.0, 1.0],
                [0.369758, -0.003464, 0.929121, 0.0, -0.087342, 0.995435, 0.03847, 0.3, -0.925014, -0.095376, 0.367768, -0.0, 0.0, 0.0, 0.0, 1.0],
                [0.951676, -0.08047, 0.296373, 0.0, 0.061455, 0.995441, 0.072941, 0.3, -0.300891, -0.051202, 0.952283, 0.0, 0.0, 0.0, 0.0, 1.0],
                [0.882399, -0.010346, -0.470388, 0.0, 0.044251, 0.997152, 0.061078, 0.3, 0.468416, -0.07471, 0.880344, 0.0, 0.0, 0.0, 0.0, 1.0],
                [0.910673, -0.004609, 0.413103, 0.0, 0.014021, 0.999707, -0.019754, 0.3, -0.412891, 0.023782, 0.91047, 0.0, 0.0, 0.0, 0.0, 1.0],
                [0.910673, -0.004609, 0.413103, 0.0, 0.014021, 0.999707, -0.019754, 0.3, -0.412891, 0.023782, 0.91047, 0.0, 0.0, 0.0, 0.0, 1.0]
            ]
        },
        {
            "name": "Head",
            "time": [0.0, 0.0333, 0.0667, 0.3333, 0.5],
            "transform": [
                [0.108339, -0.322922, -0.940204, 0.0, -0.066527, 0.941296, -0.330963, 0.4, 0.991885, 0.098405, 0.080496, -0.0, 0.0, 0.0, 0.0, 1.0],
                [0.310138, -0.420534, -0.852623, 0.0, -0.003836, 0.896284, -0.443464, 0.4, 0.950684, 0.140805, 0.276359, -0.0, 0.0, 0.0, 0.0, 1.0],
                [0.2107, 0.097659, 0.97266, 0.0, 0.000828, 0.994979, -0.100079, 0.4, -0.97755, 0.021892, 0.209561, 0.0, 0.0, 0.0, 0.0, 1.0],
                [0.762922, 0.057093, 0.643964, 0.0, 0.024345, 0.992849, -0.116866, 0.4, -0.646031, 0.104837, 0.756077, -0.0, 0.0, 0.0, 0.0, 1.0],
                [0.762922, 0.057093, 0.643964, 0.0, 0.024345, 0.992849, -0.116866, 0.4, -0.646031, 0.104837, 0.756077, -0.0, 0.0, 0.0, 0.0, 1.0]
            ]
        },
        {
            "name": "Shoulder_R",
            "time": [0.0, 0.0333, 0.0667, 0.3333, 0.5],
            "transform": [
                [0.015615, 0.951045, 0.308658, 0.0, -0.004185, -0.308631, 0.951173, 0.4, 0.999869, -0.016144, -0.00084, -0.0, 0.0, 0.0, 0.0, 1.0],
                [-0.042539, 0.956402, 0.288939, 0.0, 0.011389, -0.288718, 0.957347, 0.4, 0.99903, 0.044015, 0.00139, -0.0, 0.0, 0.0, 0.0, 1.0],
                [-0.215763, 0.949197, 0.229064, 0.0, 0.057776, -0.221768, 0.973386, 0.4, 0.974735, 0.223256, -0.006991, 0.0, 0.0, 0.0, 0.0, 1.0],
                [-0.167739, 0.891919, 0.419934, 0.0, 0.044916, -0.418612, 0.907053, 0.4, 0.984807, 0.17101, 0.030156, -0.0, 0.0, 0.0, 0.0, 1.0],
                [-0.167739, 0.891919, 0.419934, 0.0, 0.044916, -0.418612, 0.907053, 0.4, 0.984807, 0.17101, 0.030156, -0.0, 0.0, 0.0, 0.0, 1.0]
            ]
        },
        {
            "name": "Arm_R",
            "time": [0.0, 0.0333, 0.05, 0.0667, 0.3333, 0.5],
            "transform": [
                [0.445154, -0.597666, -0.666809, -0.0, 0.207291, 0.793213, -0.572577, 0.388213, 0.871131, 0.116662, 0.476992, -0.0, 0.0, 0.0, 0.0, 1.0],
                [0.429129, -0.518083, -0.739891, -0.0, 0.291984, 0.854737, -0.429151, 0.388213, 0.854748, -0.031875, 0.518064, -0.0, 0.0, 0.0, 0.0, 1.0],
                [-0.046264, -0.41961, -0.906525, -0.0, 0.629357, 0.69249, -0.352657, 0.388213, 0.775738, -0.586843, 0.232047, -0.0, 0.0, 0.0, 0.0, 1.0],
                [-0.224641, -0.21774, -0.949803, 0.0, 0.434462, 0.850091, -0.297637, 0.388213, 0.872227, -0.479515, -0.096366, -0.0, 0.0, 0.0, 0.0, 1.0],
                [-0.110054, 0.169844, -0.979306, 0.0, 0.624588, 0.778263, 0.064785, 0.388213, 0.773161, -0.604533, -0.191734, -0.0, 0.0, 0.0, 0.0, 1.0],
                [-0.110054, 0.169844, -0.979306, 0.0, 0.624588, 0.778263, 0.064785, 0.388213, 0.773161, -0.604533, -0.191734, -0.0, 0.0, 0.0, 0.0, 1.0]
            ]
        },
        {
            "name": "Hand_R",
            "time": [0.0, 0.0333, 0.05, 0.0667, 0.3333, 0.5],
            "transform": [
                [0.999976, 0.003643, 0.005919, -0.0, 0.001552, 0.71301, -0.701152, 0.329779, -0.006775, 0.701144, 0.712987, 0.0, 0.0, 0.0, 0.0, 1.0],
                [0.999984, 0.003351, 0.004532, -0.0, 0.001719, 0.584407, -0.811459, 0.329779, -0.005367, 0.811454, 0.584392, 0.0, 0.0, 0.0, 0.0, 1.0],
                [0.999994, 0.003496, 0.000688, 0.0, 0.001514, -0.242285, -0.970204, 0.329779, -0.003225, 0.970199, -0.242288, -0.0, 0.0, 0.0, 0.0, 1.0],
                [0.999999, 0.001135, 0.000913, -0.0, 0.000782, 0.111159, -0.993802, 0.329779, -0.00123, 0.993802, 0.111158, -0.0, 0.0, 0.0, 0.0, 1.0],
                [0.999999, 0.001161, 0.000392, -0.0, 0.00066, -0.241482, -0.970405, 0.329779, -0.001032, 0.970405, -0.241483, 0.0, 0.0, 0.0, 0.0, 1.0],
                [0.999999, 0.001161, 0.000392, -0.0, 0.00066, -0.241482, -0.970405, 0.329779, -0.001032, 0.970405, -0.241483, 0.0, 0.0, 0.0, 0.0, 1.0]
            ]
        },
        {
            "name": "Tool_R",
            "time": [0.0, 0.0333, 0.0667, 0.3333, 0.5],
            "transform": [
                [1.0, 0.0, 0.0, -0.02, 0.0, -1.0, 0.0, 0.291425, 0.0, -0.0, -1.0, 0.0, 0.0, 0.0, 0.0, 1.0],
                [1.0, 0.0, 0.0, -0.02, 0.0, -1.0, -0.0, 0.291425, 0.0, 0.0, -1.0, 0.0, 0.0, 0.0, 0.0, 1.0],
                [1.0, 0.0, 0.0, -0.02, 0.0, -1.0, 0.0, 0.291425, 0.0, -0.0, -1.0, 0.0, 0.0, 0.0, 0.0, 1.0],
                [1.0, -0.0, 0.0, -0.02, 0.0, -1.0, 0.0, 0.291425, 0.0, -0.0, -1.0, -0.0, 0.0, 0.0, 0.0, 1.0],
                [1.0, -0.0, 0.0, -0.02, 0.0, -1.0, 0.0, 0.291425, 0.0, -0.0, -1.0, -0.0, 0.0, 0.0, 0.0, 1.0]
            ]
        },
        {
            "name": "Elbow_R",
            "time": [0.0, 0.0333, 0.0667, 0.3333, 0.5],
            "transform": [
                [-1.0, 0.0, -0.0, -0.0, 0.0, 0.378812, -0.925474, 0.329779, 0.0, -0.925474, -0.378812, 0.0, 0.0, 0.0, 0.0, 1.0],
                [-1.0, 0.0, -0.0, -0.0, 0.0, 0.45585, -0.890056, 0.329779, 0.0, -0.890056, -0.455851, 0.0, 0.0, 0.0, 0.0, 1.0],
                [-1.0, 0.0, -0.0, -0.0, 0.0, 0.666649, -0.745372, 0.329779, 0.0, -0.745372, -0.666649, -0.0, 0.0, 0.0, 0.0, 1.0],
                [-1.0, 0.0, -0.0, -0.0, 0.0, 0.787871, -0.615839, 0.329779, 0.0, -0.61584, -0.787872, 0.0, 0.0, 0.0, 0.0, 1.0],
                [-1.0, 0.0, -0.0, -0.0, 0.0, 0.787871, -0.615839, 0.329779, 0.0, -0.61584, -0.787872, 0.0, 0.0, 0.0, 0.0, 1.0]
            ]
        },
        {
            "name": "Shoulder_L",
            "time": [0.0, 0.0333, 0.0667, 0.3333, 0.5],
            "transform": [
                [0.248126, -0.908585, -0.336016, 0.0, 0.066445, -0.330084, 0.94161, 0.4, -0.966446, -0.255965, -0.021532, -0.0, 0.0, 0.0, 0.0, 1.0],
                [0.225112, -0.927674, -0.297903, 0.0, 0.060282, -0.291904, 0.954546, 0.4, -0.972466, -0.232838, -0.009789, -0.0, 0.0, 0.0, 0.0, 1.0],
                [0.138182, -0.896588, -0.420757, 0.0, 0.037003, -0.419862, 0.906833, 0.4, -0.989715, -0.140877, -0.024841, 0.0, 0.0, 0.0, 0.0, 1.0],
                [0.161041, -0.909675, -0.382829, 0.0, 0.043125, -0.381035, 0.923554, 0.4, -0.986005, -0.165239, -0.022133, -0.0, 0.0, 0.0, 0.0, 1.0],
                [0.161041, -0.909675, -0.382829, 0.0, 0.043125, -0.381035, 0.923554, 0.4, -0.986005, -0.165239, -0.022133, -0.0, 0.0, 0.0, 0.0, 1.0]
            ]
        },
        {
            "name": "Arm_L",
            "time": [0.0, 0.0333, 0.05, 0.0667, 0.3333, 0.5],
            "transform": [
                [-0.245104, 0.09104, 0.965213, -0.0, -0.495888, 0.843719, -0.205506, 0.388212, -0.833078, -0.529008, -0.161653, -0.0, 0.0, 0.0, 0.0, 1.0],
                [0.007042, 0.240045, 0.970736, -0.0, -0.330417, 0.916793, -0.224309, 0.388212, -0.943809, -0.319168, 0.085771, 0.0, 0.0, 0.0, 0.0, 1.0],
                [0.312132, 0.110621, 0.943576, 0.0, -0.031839, 0.993858, -0.105984, 0.388212, -0.949505, 0.003038, 0.313737, 0.0, 0.0, 0.0, 0.0, 1.0],
                [0.841426, 0.197593, 0.50295, -0.0, 0.146232, 0.812758, -0.56395, 0.388212, -0.520209, 0.54807, 0.654982, -0.0, 0.0, 0.0, 0.0, 1.0],
                [0.322848, 0.074029, 0.943551, -0.0, -0.403363, 0.912627, 0.066413, 0.388212, -0.856194, -0.402035, 0.3245, -0.0, 0.0, 0.0, 0.0, 1.0],
                [0.322848, 0.074029, 0.943551, -0.0, -0.403363, 0.912627, 0.066413, 0.388212, -0.856194, -0.402035, 0.3245, -0.0, 0.0, 0.0, 0.0, 1.0]
            ]
        },
        {
            "name": "Hand_L",
            "time": [0.0, 0.0333, 0.05, 0.0667, 0.3333, 0.5],
            "transform": [
                [1.020763, 0.0, -0.0, 0.0, -0.0, -0.193439, -0.981112, 0.329779, -0.0, 0.981112, -0.193439, -0.0, 0.0, 0.0, 0.0, 1.0],
                [1.020741, -0.00289, 0.005763, 0.0, 0.006275, 0.158114, -0.987402, 0.329779, 0.001983, 0.987417, 0.158128, 0.0, 0.0, 0.0, 0.0, 1.0],
                [1.020622, 0.001899, 0.016494, 0.0, 0.016946, -0.127212, -0.991736, 0.329779, 0.000219, 0.991874, -0.127226, 0.0, 0.0, 0.0, 0.0, 1.0],
                [1.02044, -0.021727, 0.012647, 0.0, 0.024714, 0.967528, -0.251601, 0.329779, -0.006911, 0.251827, 0.967749, -0.0, 0.0, 0.0, 0.0, 1.0],
                [1.020543, 0.002144, 0.020639, -0.0, 0.020471, 0.155532, -0.987627, 0.329779, -0.005438, 0.987829, 0.155456, -0.0, 0.0, 0.0, 0.0, 1.0],
                [1.020543, 0.002144, 0.020639, -0.0, 0.020471, 0.155532, -0.987627, 0.329779, -0.005438, 0.987829, 0.155456, -0.0, 0.0, 0.0, 0.0, 1.0]
            ]
        },
        {
            "name": "Tool_L",
            "time": [0.0, 0.0333, 0.0667, 0.3333, 0.5],
            "transform": [
                [1.0, 0.0, 0.0, 0.02, 0.0, -1.0, -0.0, 0.291426, 0.0, -0.0, -1.0, -0.0, 0.0, 0.0, 0.0, 1.0],
                [1.0, -0.0, 0.0, 0.02, 0.0, -1.0, -0.0, 0.291426, 0.0, -0.0, -1.0, -0.0, 0.0, 0.0, 0.0, 1.0],
                [1.0, -0.0, 0.0, 0.02, -0.0, -1.0, 0.0, 0.291426, 0.0, 0.0, -1.0, -0.0, 0.0, 0.0, 0.0, 1.0],
                [1.0, 0.0, 0.0, 0.02, -0.0, -1.0, 0.0, 0.291426, 0.0, 0.0, -1.0, -0.0, 0.0, 0.0, 0.0, 1.0],
                [1.0, 0.0, 0.0, 0.02, -0.0, -1.0, 0.0, 0.291426, 0.0, 0.0, -1.0, -0.0, 0.0, 0.0, 0.0, 1.0]
            ]
        },
        {
            "name": "Elbow_L",
            "time": [0.0, 0.0333, 0.0667, 0.3333, 0.5],
            "transform": [
                [-1.0, 2e-06, 0.0, 0.0, 2e-06, 0.772476, -0.635044, 0.329779, -1e-06, -0.635045, -0.772475, -0.0, 0.0, 0.0, 0.0, 1.0],
                [-1.0, 1e-06, -0.0, 0.0, 1e-06, 0.648796, -0.760963, 0.329779, -0.0, -0.760963, -0.648795, 0.0, 0.0, 0.0, 0.0, 1.0],
                [-1.0, -0.0, -0.0, 0.0, 0.0, 0.126943, -0.99191, 0.329779, 0.0, -0.99191, -0.126944, -0.0, 0.0, 0.0, 0.0, 1.0],
                [-1.0, 0.0, -0.0, -0.0, 0.0, 0.649824, -0.760085, 0.329779, -0.0, -0.760085, -0.649824, -0.0, 0.0, 0.0, 0.0, 1.0],
                [-1.0, 0.0, -0.0, -0.0, 0.0, 0.649824, -0.760085, 0.329779, -0.0, -0.760085, -0.649824, -0.0, 0.0, 0.0, 0.0, 1.0]
            ]
        }
    ]
}