{

    "animation": [
        {
            "name": "Root",
            "time": [0.0, 0.0333, 0.0667, 0.3333, 0.5],
            "transform": [
                [0.609364, -0.0, -0.792891, -5e-06, -0.792891, 0.0, -0.609364, 0.000946, 0.0, 1.0, -0.0, 0.597904, 0.0, 0.0, 0.0, 1.0],
                [0.779559, 0.022178, -0.625936, -5e-06, -0.626321, 0.032745, -0.778877, 0.128409, 0.003223, 0.999218, 0.039417, 0.56566, 0.0, 0.0, 0.0, 1.0],
                [0.870909, -0.0, 0.491445, -5e-06, 0.479924, 0.21526, -0.850492, 0.701992, -0.105788, 0.976557, 0.187472, 0.640562, 0.0, 0.0, 0.0, 1.0],
                [0.968429, -0.0, 0.249291, -5e-06, 0.24869, 0.069404, -0.966093, 0.700946, -0.017302, 0.997589, 0.067213, 0.680729, 0.0, 0.0, 0.0, 1.0],
                [0.968429, -0.0, 0.249291, -5e-06, 0.24869, 0.069404, -0.966093, 0.700946, -0.017302, 0.997589, 0.067213, 0.680729, 0.0, 0.0, 0.0, 1.0]
            ]
        },
        {
            "name": "Thigh_R",
            "time": [0.0, 0.0333, 0.0667, 0.3333, 0.5],
            "transform": [
                [0.876568, 0.477501, -0.060195, 0.124994, 0.46847, -0.817873, 0.334099, -0.002831, 0.110301, -0.32106, -0.940614, -1.2e-05, 0.0, 0.0, 0.0, 1.0],
                [0.925022, 0.348582, -0.151012, 0.124994, 0.378421, -0.810448, 0.447156, -0.00283, 0.03347, -0.470775, -0.881602, -1.2e-05, 0.0, 0.0, 0.0, 1.0],
                [0.957235, 0.227099, -0.179238, 0.124994, 0.27967, -0.567767, 0.774224, -0.002831, 0.074061, -0.791242, -0.606999, -1.2e-05, 0.0, 0.0, 0.0, 1.0],
                [0.984082, 0.125512, -0.12581, 0.124994, 0.177594, -0.668842, 0.72188, -0.002831, 0.006457, -0.732732, -0.680485, -1.3e-05, 0.0, 0.0, 0.0, 1.0],
                [0.984082, 0.125512, -0.12581, 0.124994, 0.177594, -0.668842, 0.72188, -0.002831, 0.006457, -0.732732, -0.680485, -1.3e-05, 0.0, 0.0, 0.0, 1.0]
            ]
        },
        {
            "name": "Leg_R",
            "time": [0.0, 0.0333, 0.0667, 0.3333, 0.5],
            "transform": [
                [0.999962, -0.005818, -0.006532, 0.0, 0.008723, 0.719618, 0.694315, 0.37472, 0.000661, -0.694346, 0.719641, 0.0, 0.0, 0.0, 0.0, 1.0],
                [0.999741, 0.010055, -0.020419, -0.0, 0.014228, 0.424107, 0.905501, 0.37472, 0.017764, -0.905557, 0.423853, -0.0, 0.0, 0.0, 0.0, 1.0],
                [0.999676, -0.023851, -0.008847, -0.0, 0.021937, 0.632161, 0.774527, 0.37472, -0.01288, -0.77447, 0.63248, 0.0, 0.0, 0.0, 0.0, 1.0],
                [0.999962, -0.006234, -0.006101, 0.0, 0.008723, 0.714167, 0.699921, 0.37472, -6e-06, -0.699947, 0.714194, 0.0, 0.0, 0.0, 0.0, 1.0],
                [0.999962, -0.006234, -0.006101, 0.0, 0.008723, 0.714167, 0.699921, 0.37472, -6e-06, -0.699947, 0.714194, 0.0, 0.0, 0.0, 0.0, 1.0]
            ]
        },
        {
            "name": "Knee_R",
            "time": [0.0, 0.0333, 0.0667, 0.3333, 0.5],
            "transform": [
                [0.99999, -0.003542, -0.002706, 0.0, -0.001183, 0.374406, -0.927264, 0.37472, 0.004297, 0.927259, 0.374398, 0.0, 0.0, 0.0, 0.0, 1.0],
                [0.99993, 0.002058, -0.011679, -0.0, -0.010959, 0.536615, -0.843758, 0.37472, 0.004528, 0.843824, 0.536598, -0.0, 0.0, 0.0, 0.0, 1.0],
                [0.999915, -0.01292, -0.001743, -0.0, 0.003964, 0.428665, -0.903454, 0.37472, 0.01242, 0.903371, 0.42868, 0.0, 0.0, 0.0, 0.0, 1.0],
                [0.99999, -0.003713, -0.002444, 0.0, -0.000859, 0.378026, -0.925794, 0.37472, 0.004362, 0.925787, 0.37802, 0.0, 0.0, 0.0, 0.0, 1.0],
                [0.99999, -0.003713, -0.002444, 0.0, -0.000859, 0.378026, -0.925794, 0.37472, 0.004362, 0.925787, 0.37802, 0.0, 0.0, 0.0, 0.0, 1.0]
            ]
        },
        {
            "name": "Thigh_L",
            "time": [0.0, 0.0333, 0.0667, 0.3333, 0.5],
            "transform": [
                [0.936824, -0.336426, 0.095803, -0.125006, -0.336853, -0.793831, 0.506321, -0.002831, -0.094288, -0.506605, -0.857006, -1.2e-05, 0.0, 0.0, 0.0, 1.0],
                [0.967321, -0.225959, 0.115029, -0.125006, -0.251777, -0.802402, 0.541072, -0.002831, -0.029961, -0.552352, -0.833072, -1.2e-05, 0.0, 0.0, 0.0, 1.0],
                [0.9728, -0.217565, -0.079524, -0.125006, -0.218243, -0.975894, 0.000169, -0.002831, -0.077644, 0.017191, -0.996833, -1.2e-05, 0.0, 0.0, 0.0, 1.0],
                [0.714952, -0.267938, -0.645796, -0.125006, -0.227711, -0.96253, 0.147252, -0.002831, -0.661052, 0.041777, -0.749175, -1.2e-05, 0.0, 0.0, 0.0, 1.0],
                [0.714952, -0.267938, -0.645796, -0.125006, -0.227711, -0.96253, 0.147252, -0.002831, -0.661052, 0.041777, -0.749175, -1.2e-05, 0.0, 0.0, 0.0, 1.0]
            ]
        },
        {
            "name": "Leg_L",
            "time": [0.0, 0.0333, 0.0667, 0.3333, 0.5],
            "transform": [
                [0.999954, -0.009257, -0.002513, 0.0, 0.006226, 0.427047, 0.904209, 0.37472, -0.007297, -0.90418, 0.427087, 0.0, 0.0, 0.0, 0.0, 1.0],
                [0.999486, 0.032019, 0.001509, -0.0, -0.009752, 0.258899, 0.965855, 0.37472, 0.030535, -0.965375, 0.259077, -0.0, 0.0, 0.0, 0.0, 1.0],
                [0.999969, -0.007747, 0.001524, -0.0, 0.007152, 0.970551, 0.240791, 0.37472, -0.003345, -0.240773, 0.970575, -0.0, 0.0, 0.0, 0.0, 1.0],
                [0.98477, -0.10021, 0.142077, -0.0, 0.008592, 0.844235, 0.535904, 0.37472, -0.173649, -0.526522, 0.832238, -0.0, 0.0, 0.0, 0.0, 1.0],
                [0.98477, -0.10021, 0.142077, -0.0, 0.008592, 0.844235, 0.535904, 0.37472, -0.173649, -0.526522, 0.832238, -0.0, 0.0, 0.0, 0.0, 1.0]
            ]
        },
        {
            "name": "Knee_L",
            "time": [0.0, 0.0333, 0.0667, 0.3333, 0.5],
            "transform": [
                [0.999987, -0.004992, 8.4e-05, 0.0, 0.002743, 0.535212, -0.844713, 0.37472, 0.004172, 0.844703, 0.535219, 0.0, 0.0, 0.0, 0.0, 1.0],
                [0.999857, 0.016269, -0.004682, -0.0, -0.013616, 0.608521, -0.793421, 0.37472, -0.010059, 0.793372, 0.608655, -0.0, 0.0, 0.0, 0.0, 1.0],
                [0.999992, -0.003827, 0.000996, -0.0, 0.001453, 0.121286, -0.992617, 0.37472, 0.003678, 0.99261, 0.121291, -0.0, 0.0, 0.0, 0.0, 1.0],
                [0.996109, -0.040136, 0.078467, -0.0, 0.086534, 0.276425, -0.957132, 0.37472, 0.016726, 0.960197, 0.278823, -0.0, 0.0, 0.0, 0.0, 1.0],
                [0.996109, -0.040136, 0.078467, -0.0, 0.086534, 0.276425, -0.957132, 0.37472, 0.016726, 0.960197, 0.278823, -0.0, 0.0, 0.0, 0.0, 1.0]
            ]
        },
        {
            "name": "Torso",
            "time": [0.0, 0.0333, 0.0667, 0.3333, 0.5],
            "transform": [
                [0.99192, -0.126764, 0.00515, -0.0, 0.126471, 0.98479, -0.119134, 0.05, 0.010031, 0.118822, 0.992865, -0.0, 0.0, 0.0, 0.0, 1.0],
                [0.998964, -0.041787, -0.018037, -0.0, 0.041837, 0.999121, 0.002414, 0.05, 0.01792, -0.003166, 0.999834, 0.0, 0.0, 0.0, 0.0, 1.0],
                [0.998487, 0.045677, -0.030606, 0.0, -0.0415, 0.991233, 0.125438, 0.05, 0.036068, -0.123978, 0.991629, -0.0, 0.0, 0.0, 0.0, 1.0],
                [0.875617, -0.027456, 0.482225, -0.0, 0.020971, 0.999603, 0.018833, 0.05, -0.482551, -0.006377, 0.875845, 0.0, 0.0, 0.0, 0.0, 1.0],
                [0.875617, -0.027456, 0.482225, -0.0, 0.020971, 0.999603, 0.018833, 0.05, -0.482551, -0.006377, 0.875845, 0.0, 0.0, 0.0, 0.0, 1.0]
            ]
        },
        {
            "name": "Chest",
            "time": [0.0, 0.0333, 0.0667, 0.3333, 0.5],
            "transform": [
                [0.80972, -0.041987, -0.585312, -0.0, 0.48526, 0.608761, 0.62764, 0.3, 0.329962, -0.792242, 0.513301, -0.0, 0.0, 0.0, 0.0, 1.0],
                [0.813309, -0.257058, -0.521967, 0.0, 0.461999, 0.83064, 0.310796, 0.3, 0.353674, -0.493922, 0.794327, 0.0, 0.0, 0.0, 0.0, 1.0],
                [0.862166, 0.015776, 0.506379, -0.0, 0.002824, 0.99935, -0.035944, 0.3, -0.506617, 0.032419, 0.861561, -0.0, 0.0, 0.0, 0.0, 1.0],
                [0.998571, 0.049942, 0.01903, 0.0, -0.051489, 0.994416, 0.092121, 0.3, -0.014323, -0.09297, 0.995566, 0.0, 0.0, 0.0, 0.0, 1.0],
                [0.998571, 0.049942, 0.01903, 0.0, -0.051489, 0.994416, 0.092121, 0.3, -0.014323, -0.09297, 0.995566, 0.0, 0.0, 0.0, 0.0, 1.0]
            ]
        },
        {
            "name": "Head",
            "time": [0.0, 0.0333, 0.0667, 0.3333, 0.5],
            "transform": [
                [0.141063, 0.388782, 0.910467, 0.0, 0.491771, 0.770658, -0.405275, 0.400001, -0.859222, 0.50491, -0.08248, 0.0, 0.0, 0.0, 0.0, 1.0],
                [0.394805, 0.444698, 0.803973, 0.0, 0.111485, 0.845405, -0.522361, 0.4, -0.911976, 0.295861, 0.284193, -0.0, 0.0, 0.0, 0.0, 1.0],
                [0.531569, -0.275407, -0.80099, 0.0, 0.007799, 0.947214, -0.320508, 0.4, 0.846979, 0.164125, 0.505657, -0.0, 0.0, 0.0, 0.0, 1.0],
                [0.718272, -0.078964, -0.691267, 0.0, -0.055396, 0.983894, -0.169951, 0.400001, 0.693554, 0.160365, 0.702329, -0.0, 0.0, 0.0, 0.0, 1.0],
                [0.718272, -0.078964, -0.691267, 0.0, -0.055396, 0.983894, -0.169951, 0.400001, 0.693554, 0.160365, 0.702329, -0.0, 0.0, 0.0, 0.0, 1.0]
            ]
        },
        {
            "name": "Shoulder_R",
            "time": [0.0, 0.0333, 0.0667, 0.3333, 0.5],
            "transform": [
                [0.241677, 0.909816, 0.337383, 0.0, -0.064721, -0.331802, 0.941126, 0.400001, 0.968196, -0.249284, -0.021305, 0.0, 0.0, 0.0, 0.0, 1.0],
                [0.184251, 0.929654, 0.319054, 0.0, -0.049343, -0.315453, 0.947658, 0.4, 0.98164, -0.190349, -0.01225, -0.0, 0.0, 0.0, 0.0, 1.0],
                [0.127859, 0.943919, 0.304414, 0.0, -0.034242, -0.302549, 0.952519, 0.4, 0.991201, -0.132212, -0.006362, -0.0, 0.0, 0.0, 0.0, 1.0],
                [0.015615, 0.951045, 0.308658, 0.0, -0.004185, -0.308631, 0.951172, 0.400001, 0.999869, -0.016144, -0.00084, -0.0, 0.0, 0.0, 0.0, 1.0],
                [0.015615, 0.951045, 0.308658, 0.0, -0.004185, -0.308631, 0.951172, 0.400001, 0.999869, -0.016144, -0.00084, -0.0, 0.0, 0.0, 0.0, 1.0]
            ]
        },
        {
            "name": "Arm_R",
            "time": [0.0, 0.0333, 0.0667, 0.3333, 0.5],
            "transform": [
                [0.020853, -0.498849, -0.866438, -0.0, 0.288224, 0.832833, -0.472564, 0.388213, 0.957336, -0.239874, 0.161147, -0.0, 0.0, 0.0, 0.0, 1.0],
                [0.020131, 0.058925, -0.998059, 0.0, 0.68287, 0.728331, 0.056773, 0.388213, 0.730263, -0.682688, -0.025576, -0.0, 0.0, 0.0, 0.0, 1.0],
                [0.765498, -0.581023, -0.276452, 0.0, 0.22399, 0.643406, -0.732023, 0.388213, 0.603193, 0.498439, 0.622669, -0.0, 0.0, 0.0, 0.0, 1.0],
                [0.586294, -0.699079, -0.409327, 0.0, 0.506341, 0.710654, -0.488456, 0.388213, 0.632359, 0.07912, 0.770624, -0.0, 0.0, 0.0, 0.0, 1.0],
                [0.586294, -0.699079, -0.409327, 0.0, 0.506341, 0.710654, -0.488456, 0.388213, 0.632359, 0.07912, 0.770624, -0.0, 0.0, 0.0, 0.0, 1.0]
            ]
        },
        {
            "name": "Hand_R",
            "time": [0.0, 0.0333, 0.0667, 0.3333, 0.5],
            "transform": [
                [1.0, 0.0, -0.0, -0.0, -0.0, -0.376971, -0.926225, 0.329779, -0.0, 0.926225, -0.376971, 0.0, 0.0, 0.0, 0.0, 1.0],
                [1.0, 0.0, -0.0, 0.0, -0.0, -0.276864, -0.960909, 0.329779, -1e-06, 0.960909, -0.276864, 0.0, 0.0, 0.0, 0.0, 1.0],
                [1.0, 0.0, 0.0, 0.0, -0.0, 1.0, -0.0, 0.329779, -0.0, 0.0, 1.0, 0.0, 0.0, 0.0, 0.0, 1.0],
                [0.999976, 0.001399, 0.006808, -0.0, 0.001552, 0.909819, -0.415004, 0.329779, -0.006775, 0.415004, 0.909794, -0.0, 0.0, 0.0, 0.0, 1.0],
                [0.999976, 0.001399, 0.006808, -0.0, 0.001552, 0.909819, -0.415004, 0.329779, -0.006775, 0.415004, 0.909794, -0.0, 0.0, 0.0, 0.0, 1.0]
            ]
        },
        {
            "name": "Tool_R",
            "time": [0.0, 0.0333, 0.0667, 0.3333, 0.5],
            "transform": [
                [1.0, 0.0, 0.0, -0.02, 0.0, -1.0, -0.0, 0.291425, 0.0, 0.0, -1.0, 0.0, 0.0, 0.0, 0.0, 1.0],
                [1.0, 0.0, 0.0, -0.02, 0.0, -1.0, -0.0, 0.291425, 0.0, 0.0, -1.0, -0.0, 0.0, 0.0, 0.0, 1.0],
                [1.0, 0.0, 0.0, -0.02, 0.0, -1.0, -0.0, 0.291425, 0.0, 0.0, -1.0, 0.0, 0.0, 0.0, 0.0, 1.0],
                [1.0, 0.0, 0.0, -0.02, 0.0, -1.0, 0.0, 0.291425, 0.0, 0.0, -1.0, -0.0, 0.0, 0.0, 0.0, 1.0],
                [1.0, 0.0, 0.0, -0.02, 0.0, -1.0, 0.0, 0.291425, 0.0, 0.0, -1.0, -0.0, 0.0, 0.0, 0.0, 1.0]
            ]
        },
        {
            "name": "Elbow_R",
            "time": [0.0, 0.0333, 0.0667, 0.3333, 0.5],
            "transform": [
                [-0.999999, 0.0, -0.0, -0.0, 1e-06, 0.82975, -0.558134, 0.329779, -0.0, -0.558134, -0.829751, 0.0, 0.0, 0.0, 0.0, 1.0],
                [-1.0, 1e-06, 1e-06, 0.0, 1e-06, 0.79902, -0.601303, 0.329779, -1e-06, -0.601303, -0.799021, 0.0, 0.0, 0.0, 0.0, 1.0],
                [-1.0, -0.0, -1e-06, 0.0, 1e-06, 0.0, -1.0, 0.329779, 0.0, -1.0, -0.0, 0.0, 0.0, 0.0, 0.0, 1.0],
                [-1.0, -0.0, -1e-06, -0.0, 1e-06, 0.21235, -0.977194, 0.329779, 1e-06, -0.977194, -0.21235, -0.0, 0.0, 0.0, 0.0, 1.0],
                [-1.0, -0.0, -1e-06, -0.0, 1e-06, 0.21235, -0.977194, 0.329779, 1e-06, -0.977194, -0.21235, -0.0, 0.0, 0.0, 0.0, 1.0]
            ]
        },
        {
            "name": "Shoulder_L",
            "time": [0.0, 0.0333, 0.0667, 0.3333, 0.5],
            "transform": [
                [-0.17766, -0.961016, -0.211859, 0.0, -0.047575, -0.206644, 0.977259, 0.400001, -0.982941, 0.183699, -0.009008, 0.0, 0.0, 0.0, 0.0, 1.0],
                [-0.048438, -0.966785, -0.25096, 0.0, -0.012971, -0.250625, 0.967997, 0.4, -0.998742, 0.050144, -0.000401, -0.0, 0.0, 0.0, 0.0, 1.0],
                [0.08646, -0.948435, -0.304953, 0.0, 0.023153, -0.304104, 0.952357, 0.4, -0.995986, -0.089401, -0.004334, -0.0, 0.0, 0.0, 0.0, 1.0],
                [0.08028, -0.963164, -0.256654, 0.0, 0.021498, -0.255752, 0.966503, 0.400001, -0.996541, -0.083108, 0.000174, -0.0, 0.0, 0.0, 0.0, 1.0],
                [0.08028, -0.963164, -0.256654, 0.0, 0.021498, -0.255752, 0.966503, 0.400001, -0.996541, -0.083108, 0.000174, -0.0, 0.0, 0.0, 0.0, 1.0]
            ]
        },
        {
            "name": "Arm_L",
            "time": [0.0, 0.0333, 0.0667, 0.3333, 0.5],
            "transform": [
                [0.454954, 0.168277, 0.874471, 0.0, -0.405593, 0.913374, 0.035251, 0.388212, -0.792787, -0.370717, 0.483795, -0.0, 0.0, 0.0, 0.0, 1.0],
                [0.358087, 0.110065, 0.927178, -0.0, -0.421906, 0.904938, 0.05552, 0.388212, -0.832928, -0.411063, 0.370483, 0.0, 0.0, 0.0, 0.0, 1.0],
                [0.257197, 0.047408, 0.965195, 0.0, -0.440111, 0.894945, 0.073319, 0.388212, -0.860321, -0.443651, 0.251042, -0.0, 0.0, 0.0, 0.0, 1.0],
                [-0.340334, 0.639735, 0.689139, 0.0, -0.614538, 0.403382, -0.677957, 0.388212, -0.711699, -0.654234, 0.255857, -0.0, 0.0, 0.0, 0.0, 1.0],
                [-0.340334, 0.639735, 0.689139, 0.0, -0.614538, 0.403382, -0.677957, 0.388212, -0.711699, -0.654234, 0.255857, -0.0, 0.0, 0.0, 0.0, 1.0]
            ]
        },
        {
            "name": "Hand_L",
            "time": [0.0, 0.0333, 0.0667, 0.3333, 0.5],
            "transform": [
                [1.020715, 0.006424, -0.007247, -0.0, -0.007015, -0.056474, -0.998381, 0.329779, -0.006965, 0.998384, -0.056427, -0.0, 0.0, 0.0, 0.0, 1.0],
                [1.020751, 0.002869, -0.003928, -0.0, -0.003178, -0.242741, -0.970086, 0.329779, -0.003814, 0.970087, -0.242729, 0.0, 0.0, 0.0, 0.0, 1.0],
                [1.020763, 0.0, -0.0, 0.0, -0.0, -0.420401, -0.907339, 0.329779, -0.0, 0.907338, -0.420401, -0.0, 0.0, 0.0, 0.0, 1.0],
                [1.020763, 0.0, -0.0, 0.0, -0.0, -0.193439, -0.981112, 0.329779, -0.0, 0.981112, -0.193439, -0.0, 0.0, 0.0, 0.0, 1.0],
                [1.020763, 0.0, -0.0, 0.0, -0.0, -0.193439, -0.981112, 0.329779, -0.0, 0.981112, -0.193439, -0.0, 0.0, 0.0, 0.0, 1.0]
            ]
        },
        {
            "name": "Tool_L",
            "time": [0.0, 0.0333, 0.0667, 0.3333, 0.5],
            "transform": [
                [1.0, 0.0, 0.0, 0.02, -0.0, -1.0, 0.0, 0.291426, 0.0, -0.0, -1.0, -0.0, 0.0, 0.0, 0.0, 1.0],
                [1.0, 0.0, 0.0, 0.02, 0.0, -1.0, 0.0, 0.291426, 0.0, 0.0, -1.0, 0.0, 0.0, 0.0, 0.0, 1.0],
                [1.0, -0.0, 0.0, 0.02, 0.0, -1.0, 0.0, 0.291426, 0.0, 0.0, -1.0, -0.0, 0.0, 0.0, 0.0, 1.0],
                [1.0, 0.0, 0.0, 0.02, 0.0, -1.0, 0.0, 0.291426, 0.0, -0.0, -1.0, -0.0, 0.0, 0.0, 0.0, 1.0],
                [1.0, 0.0, 0.0, 0.02, 0.0, -1.0, 0.0, 0.291426, 0.0, -0.0, -1.0, -0.0, 0.0, 0.0, 0.0, 1.0]
            ]
        },
        {
            "name": "Elbow_L",
            "time": [0.0, 0.0333, 0.0667, 0.3333, 0.5],
            "transform": [
                [-1.0, 0.0, -0.0, -0.0, 0.0, 0.726784, -0.686867, 0.329779, 0.0, -0.686867, -0.726783, -0.0, 0.0, 0.0, 0.0, 1.0],
                [-1.0, 1e-06, -0.0, -0.0, 0.0, 0.788267, -0.615333, 0.329779, -0.0, -0.615333, -0.788267, 0.0, 0.0, 0.0, 0.0, 1.0],
                [-1.0, 0.0, -0.0, 0.0, 1e-06, 0.842734, -0.53833, 0.329779, 0.0, -0.538331, -0.842734, -0.0, 0.0, 0.0, 0.0, 1.0],
                [-1.0, 0.0, -0.0, 0.0, -0.0, 0.772476, -0.635044, 0.329779, 0.0, -0.635044, -0.772476, -0.0, 0.0, 0.0, 0.0, 1.0],
                [-1.0, 0.0, -0.0, 0.0, -0.0, 0.772476, -0.635044, 0.329779, 0.0, -0.635044, -0.772476, -0.0, 0.0, 0.0, 0.0, 1.0]
            ]
        }
    ]
}