{

    "animation": [
        {
            "name": "Root",
            "time": [0.0, 0.1, 0.15, 0.2, 0.4, 0.6],
            "transform": [
                [-0.195192, -0.089208, -0.976699, -5e-06, -0.931429, 0.328735, 0.15612, 0.000946, 0.307148, 0.9402, -0.147258, 0.773972, 0.0, 0.0, 0.0, 1.0],
                [-0.268104, -0.24808, -0.930901, -5e-06, -0.89137, 0.430458, 0.142004, 0.000946, 0.365486, 0.867849, -0.336538, 0.773972, 0.0, 0.0, 0.0, 1.0],
                [0.885108, -0.124036, -0.448553, -5e-06, -0.429169, 0.155235, -0.889785, 0.000946, 0.179996, 0.98006, 0.084167, 0.748972, 0.0, 0.0, 0.0, 1.0],
                [0.768192, 0.038337, 0.639071, -5e-06, 0.577584, 0.389116, -0.717624, 0.000946, -0.276185, 0.920391, 0.276773, 0.773972, 0.0, 0.0, 0.0, 1.0],
                [0.645548, 0.038337, 0.762757, -5e-06, 0.718679, 0.307418, -0.623694, 0.000946, -0.258396, 0.950802, 0.170901, 0.783972, 0.0, 0.0, 0.0, 1.0],
                [0.768192, 0.038337, 0.639071, -5e-06, 0.616768, 0.223381, -0.754783, 0.000946, -0.171692, 0.973977, 0.147954, 0.633972, 0.0, 0.0, 0.0, 1.0]
            ]
        },
        {
            "name": "Thigh_R",
            "time": [0.0, 0.1, 0.15, 0.2, 0.4, 0.6],
            "transform": [
                [0.982621, 0.105882, 0.152465, 0.124994, -0.148937, -0.040512, 0.988017, -0.00283, 0.11079, -0.993554, -0.024038, -1.2e-05, 0.0, 0.0, 0.0, 1.0],
                [0.963525, 0.23689, -0.124469, 0.124994, 0.237948, -0.545638, 0.803528, -0.002831, 0.122432, -0.803839, -0.582107, -1.2e-05, 0.0, 0.0, 0.0, 1.0],
                [0.989296, 0.110278, 0.095537, 0.124994, 0.075631, -0.947535, 0.31057, -0.00283, 0.124773, -0.300021, -0.945737, -1.2e-05, 0.0, 0.0, 0.0, 1.0],
                [0.973772, -0.092643, 0.20781, 0.124994, -0.070108, -0.99108, -0.113314, -0.00283, 0.216455, 0.095772, -0.971584, -1.2e-05, 0.0, 0.0, 0.0, 1.0],
                [0.96925, 0.171484, 0.176483, 0.124994, 0.125868, -0.961759, 0.243238, -0.00283, 0.211451, -0.213543, -0.953771, -1.2e-05, 0.0, 0.0, 0.0, 1.0],
                [0.981655, 0.034539, 0.187512, 0.124994, 0.002449, -0.985657, 0.16873, -0.00283, 0.190651, -0.165175, -0.967662, -1.2e-05, 0.0, 0.0, 0.0, 1.0]
            ]
        },
        {
            "name": "Leg_R",
            "time": [0.0, 0.1, 0.15, 0.2, 0.4, 0.6],
            "transform": [
                [0.986905, -0.143259, -0.074126, -0.0, 0.05717, -0.119053, 0.99124, 0.37472, -0.15083, -0.982497, -0.109304, 0.0, 0.0, 0.0, 0.0, 1.0],
                [0.999815, 0.00269, -0.019059, 0.0, 0.01902, 0.013992, 0.999719, 0.37472, 0.002956, -0.999901, 0.013938, -0.0, 0.0, 0.0, 0.0, 1.0],
                [0.999402, -0.026266, -0.022482, -0.0, 0.032478, 0.490291, 0.870953, 0.37472, -0.011854, -0.871165, 0.490849, 0.0, 0.0, 0.0, 0.0, 1.0],
                [0.99851, -0.053315, -0.011625, -0.0, 0.051369, 0.846536, 0.529847, 0.37472, -0.018408, -0.529654, 0.848014, 0.0, 0.0, 0.0, 0.0, 1.0],
                [0.998358, -0.047009, -0.032725, -0.0, 0.052639, 0.527759, 0.847763, 0.37472, -0.022582, -0.848091, 0.529368, 0.0, 0.0, 0.0, 0.0, 1.0],
                [0.999892, 0.002325, -0.014435, -0.0, 0.011997, 0.433944, 0.900861, 0.37472, 0.008358, -0.900935, 0.433871, -0.0, 0.0, 0.0, 0.0, 1.0]
            ]
        },
        {
            "name": "Knee_R",
            "time": [0.0, 0.1, 0.15, 0.2, 0.4, 0.6],
            "transform": [
                [0.996063, -0.088507, -0.0049, -0.0, 0.062731, 0.742875, -0.666484, 0.37472, 0.062629, 0.663553, 0.745504, 0.0, 0.0, 0.0, 0.0, 1.0],
                [0.999946, -0.002559, -0.010086, 0.0, -0.005385, 0.702147, -0.712013, 0.37472, 0.008904, 0.712028, 0.702094, -0.0, 0.0, 0.0, 0.0, 1.0],
                [0.99984, -0.016177, -0.00769, -0.0, 0.001523, 0.504574, -0.863367, 0.37472, 0.017847, 0.863216, 0.504518, 0.0, 0.0, 0.0, 0.0, 1.0],
                [0.99962, -0.027483, -0.002069, -0.0, 0.005588, 0.27564, -0.961245, 0.37472, 0.026989, 0.960868, 0.275689, 0.0, 0.0, 0.0, 0.0, 1.0],
                [0.999562, -0.02775, -0.010285, -0.0, 0.004471, 0.485131, -0.87443, 0.37472, 0.029255, 0.874001, 0.485042, 0.0, 0.0, 0.0, 0.0, 1.0],
                [0.999971, -0.000914, -0.007558, -0.0, -0.005913, 0.532008, -0.84672, 0.37472, 0.004794, 0.846738, 0.531986, -0.0, 0.0, 0.0, 0.0, 1.0]
            ]
        },
        {
            "name": "Thigh_L",
            "time": [0.0, 0.1, 0.15, 0.2, 0.4, 0.6],
            "transform": [
                [0.997367, -0.008968, -0.071951, -0.125006, 0.004994, -0.981469, 0.191555, -0.00283, -0.072336, -0.19141, -0.978839, -1.2e-05, 0.0, 0.0, 0.0, 1.0],
                [0.998798, 0.033325, -0.035933, -0.125006, 0.045677, -0.898726, 0.436124, -0.002831, -0.01776, -0.437241, -0.899169, -1.2e-05, 0.0, 0.0, 0.0, 1.0],
                [0.999638, -0.014231, 0.022799, -0.125006, -0.024962, -0.806063, 0.591302, -0.00283, 0.009963, -0.591657, -0.806127, -1.2e-05, 0.0, 0.0, 0.0, 1.0],
                [0.999137, 0.035079, 0.022214, -0.125006, 0.001077, -0.556735, 0.830689, -0.002831, 0.041507, -0.829949, -0.556293, -1.2e-05, 0.0, 0.0, 0.0, 1.0],
                [0.997897, -0.011664, 0.063768, -0.125006, -0.06024, -0.530261, 0.845691, -0.00283, 0.02395, -0.847754, -0.529848, -1.2e-05, 0.0, 0.0, 0.0, 1.0],
                [0.997461, 0.030859, 0.064186, -0.125006, -0.018214, -0.760742, 0.648798, -0.00283, 0.06885, -0.648319, -0.758249, -1.2e-05, 0.0, 0.0, 0.0, 1.0]
            ]
        },
        {
            "name": "Leg_L",
            "time": [0.0, 0.1, 0.15, 0.2, 0.4, 0.6],
            "transform": [
                [0.999498, 4.7e-05, 0.03167, -0.0, -0.02554, 0.592499, 0.805165, 0.37472, -0.018726, -0.805571, 0.592203, -0.0, 0.0, 0.0, 0.0, 1.0],
                [0.999365, -0.035571, -0.001756, -0.0, 0.007487, 0.161629, 0.986824, 0.37472, -0.034819, -0.98621, 0.161793, 0.0, 0.0, 0.0, 0.0, 1.0],
                [0.999977, 0.00679, -6.5e-05, -0.0, -0.003354, 0.502299, 0.864687, 0.37472, 0.005903, -0.864667, 0.50231, 0.0, 0.0, 0.0, 0.0, 1.0],
                [0.999883, 0.014852, 0.003501, 0.0, -0.004543, 0.07069, 0.997489, 0.37472, 0.014567, -0.997388, 0.070749, 0.0, 0.0, 0.0, 0.0, 1.0],
                [0.999608, -0.026322, -0.009534, -0.0, 0.007669, -0.070088, 0.997511, 0.37472, -0.026925, -0.997194, -0.069858, -0.0, 0.0, 0.0, 0.0, 1.0],
                [0.999998, 0.001239, -0.001206, -0.0, 0.000453, 0.485433, 0.874274, 0.37472, 0.001668, -0.874273, 0.485432, 0.0, 0.0, 0.0, 0.0, 1.0]
            ]
        },
        {
            "name": "Knee_L",
            "time": [0.0, 0.1, 0.15, 0.2, 0.4, 0.6],
            "transform": [
                [0.999867, 0.003802, 0.015829, -0.0, 0.012409, 0.451385, -0.892243, 0.37472, -0.010538, 0.892321, 0.451278, -0.0, 0.0, 0.0, 0.0, 1.0],
                [0.99982, -0.018109, 0.005656, -0.0, 0.016034, 0.647205, -0.762147, 0.37472, 0.010141, 0.762101, 0.647379, 0.0, 0.0, 0.0, 0.0, 1.0],
                [0.999994, 0.003387, -0.000941, -0.0, -0.002506, 0.498839, -0.866691, 0.37472, -0.002466, 0.866688, 0.498844, 0.0, 0.0, 0.0, 0.0, 1.0],
                [0.999967, 0.008117, -0.001174, 0.0, -0.006392, 0.681611, -0.731687, 0.37472, -0.005139, 0.73167, 0.681639, 0.0, 0.0, 0.0, 0.0, 1.0],
                [0.999884, -0.015234, 0.000955, -0.0, 0.011794, 0.731314, -0.681938, 0.37472, 0.00969, 0.68187, 0.731409, -0.0, 0.0, 0.0, 0.0, 1.0],
                [1.0, 0.000456, -0.000774, -0.0, -0.000898, 0.507232, -0.861809, 0.37472, -1e-06, 0.86181, 0.507233, 0.0, 0.0, 0.0, 0.0, 1.0]
            ]
        },
        {
            "name": "Torso",
            "time": [0.0, 0.1, 0.15, 0.2, 0.4, 0.6],
            "transform": [
                [0.986779, 0.158186, -0.03528, -0.0, -0.16114, 0.980889, -0.109045, 0.05, 0.017356, 0.113288, 0.993411, 0.0, 0.0, 0.0, 0.0, 1.0],
                [0.992966, 0.108368, -0.04769, -0.0, -0.109709, 0.993612, -0.026457, 0.05, 0.044519, 0.031503, 0.998512, -0.0, 0.0, 0.0, 0.0, 1.0],
                [0.993401, -0.090619, -0.0703, -0.0, 0.101384, 0.980412, 0.168862, 0.05, 0.05362, -0.174875, 0.98313, 0.0, 0.0, 0.0, 0.0, 1.0],
                [0.98191, 0.097594, -0.162257, -0.0, -0.06967, 0.983037, 0.16966, 0.05, 0.176062, -0.155287, 0.972054, 0.0, 0.0, 0.0, 0.0, 1.0],
                [0.956637, 0.244534, -0.158272, -0.0, -0.19274, 0.9388, 0.285493, 0.05, 0.218398, -0.242608, 0.945222, -0.0, 0.0, 0.0, 0.0, 1.0],
                [0.984343, -0.069519, -0.161977, 0.0, 0.061239, 0.996575, -0.055568, 0.05, 0.165285, 0.044778, 0.985229, -0.0, 0.0, 0.0, 0.0, 1.0]
            ]
        },
        {
            "name": "Chest",
            "time": [0.0, 0.1, 0.15, 0.2, 0.4, 0.6],
            "transform": [
                [0.654587, 0.141701, -0.742588, 0.0, -0.028781, 0.986235, 0.162824, 0.3, 0.755438, -0.08521, 0.649655, -0.0, 0.0, 0.0, 0.0, 1.0],
                [0.87553, 0.081991, -0.476156, 0.0, 0.114384, 0.922309, 0.369138, 0.3, 0.469429, -0.377656, 0.79813, -0.0, 0.0, 0.0, 0.0, 1.0],
                [0.979714, 0.199816, -0.015287, 0.0, -0.198597, 0.957856, -0.207534, 0.3, -0.026826, 0.20636, 0.978108, -0.0, 0.0, 0.0, 0.0, 1.0],
                [0.888654, -0.019614, 0.458158, -0.0, 0.009358, 0.999653, 0.024644, 0.3, -0.458482, -0.017613, 0.888529, -0.0, 0.0, 0.0, 0.0, 1.0],
                [0.902872, -0.069181, 0.424306, 0.0, 0.028003, 0.994335, 0.102535, 0.3, -0.428996, -0.080694, 0.899695, -0.0, 0.0, 0.0, 0.0, 1.0],
                [0.910941, 0.127877, 0.392216, -0.0, -0.220586, 0.9544, 0.201152, 0.3, -0.348608, -0.269755, 0.89761, -0.0, 0.0, 0.0, 0.0, 1.0]
            ]
        },
        {
            "name": "Head",
            "time": [0.0, 0.1, 0.15, 0.2, 0.4, 0.6],
            "transform": [
                [-0.796443, -0.200102, 0.570647, -0.0, -0.105698, 0.975202, 0.194443, 0.400001, -0.595405, 0.094546, -0.797844, 0.0, 0.0, 0.0, 0.0, 1.0],
                [-0.412696, -0.092294, 0.906181, 0.0, -0.057338, 0.995512, 0.07528, 0.400001, -0.909063, -0.020891, -0.416136, -0.0, 0.0, 0.0, 0.0, 1.0],
                [0.933844, -0.00175, 0.357676, -0.0, -0.050392, 0.98937, 0.136408, 0.4, -0.354113, -0.145408, 0.923829, -0.0, 0.0, 0.0, 0.0, 1.0],
                [0.563202, -0.280791, -0.777149, -0.0, -0.006267, 0.939016, -0.343816, 0.4, 0.826296, 0.198508, 0.527096, -0.0, 0.0, 0.0, 0.0, 1.0],
                [0.46103, -0.343415, -0.81824, -0.0, -0.084734, 0.900831, -0.425821, 0.400001, 0.88333, 0.26565, 0.386211, -0.0, 0.0, 0.0, 0.0, 1.0],
                [0.652129, -0.176979, -0.737161, -0.0, -0.029697, 0.965659, -0.258109, 0.4, 0.757526, 0.190212, 0.624479, 0.0, 0.0, 0.0, 0.0, 1.0]
            ]
        },
        {
            "name": "Shoulder_R",
            "time": [0.0, 0.1, 0.15, 0.1833, 0.2, 0.4, 0.6],
            "transform": [
                [0.051849, 0.993708, 0.099276, -0.0, -0.013887, -0.098682, 0.995022, 0.4, 0.998559, -0.052969, 0.008684, 0.0, 0.0, 0.0, 0.0, 1.0],
                [-0.077752, 0.903285, 0.421938, 0.0, 0.020818, -0.421656, 0.906517, 0.4, 0.996755, 0.079268, 0.01398, -0.0, 0.0, 0.0, 0.0, 1.0],
                [-0.036784, 0.936562, 0.348565, -0.0, 0.009847, -0.348444, 0.937278, 0.4, 0.999274, 0.03791, 0.003595, -0.0, 0.0, 0.0, 0.0, 1.0],
                [0.371706, 0.883732, 0.284344, 0.0, -0.099541, -0.266583, 0.958658, 0.400001, 0.922998, -0.384643, -0.011123, 0.0, 0.0, 0.0, 0.0, 1.0],
                [0.250009, 0.93305, 0.258674, 0.0, -0.066952, -0.249859, 0.965965, 0.4, 0.965926, -0.258819, 3e-06, -0.0, 0.0, 0.0, 0.0, 1.0],
                [0.167737, 0.951289, 0.258674, -0.0, -0.044921, -0.254744, 0.965965, 0.400001, 0.984808, -0.173648, 3e-06, -0.0, 0.0, 0.0, 0.0, 1.0],
                [0.250009, 0.93305, 0.258674, -0.0, -0.066952, -0.249859, 0.965964, 0.4, 0.965926, -0.258819, 3e-06, 0.0, 0.0, 0.0, 0.0, 1.0]
            ]
        },
        {
            "name": "Arm_R",
            "time": [0.0, 0.1, 0.15, 0.1833, 0.2, 0.4, 0.6],
            "transform": [
                [0.119358, 0.107271, -0.987038, 0.0, -0.079471, 0.991988, 0.098199, 0.388213, 0.989666, 0.06672, 0.126927, 0.0, 0.0, 0.0, 0.0, 1.0],
                [0.022336, 0.332502, -0.942838, -0.0, -0.393997, 0.869677, 0.297367, 0.388213, 0.91884, 0.364833, 0.15043, -0.0, 0.0, 0.0, 0.0, 1.0],
                [0.094583, 0.865393, -0.492087, 0.0, -0.444497, 0.479006, 0.756952, 0.388213, 0.890773, 0.147136, 0.42997, -0.0, 0.0, 0.0, 0.0, 1.0],
                [0.152667, -0.676895, -0.720073, 0.0, -0.548544, 0.548034, -0.631472, 0.388213, 0.822065, 0.491397, -0.28764, 0.0, 0.0, 0.0, 0.0, 1.0],
                [0.109792, -0.517951, -0.848335, -0.0, -0.700128, 0.565526, -0.435892, 0.388213, 0.705526, 0.6418, -0.300542, -0.0, 0.0, 0.0, 0.0, 1.0],
                [0.157303, -0.37536, -0.913433, 0.0, -0.784292, 0.514593, -0.346526, 0.388213, 0.600118, 0.770908, -0.213445, -0.0, 0.0, 0.0, 0.0, 1.0],
                [0.163547, -0.67334, -0.721017, -0.0, -0.571551, 0.531035, -0.625564, 0.388213, 0.804103, 0.514408, -0.297999, 0.0, 0.0, 0.0, 0.0, 1.0]
            ]
        },
        {
            "name": "Hand_R",
            "time": [0.0, 0.1, 0.15, 0.1833, 0.2, 0.4, 0.6],
            "transform": [
                [0.996358, -0.057646, -0.062827, -0.0, -0.040573, 0.327541, -0.943965, 0.329779, 0.074994, 0.943078, 0.324009, 0.0, 0.0, 0.0, 0.0, 1.0],
                [0.999658, 0.009566, -0.024366, -0.0, -0.026014, 0.259315, -0.965443, 0.329779, -0.002917, 0.965746, 0.259475, 0.0, 0.0, 0.0, 0.0, 1.0],
                [0.997007, -0.047247, 0.061202, -0.0, 0.05941, -0.038461, -0.997492, 0.329779, 0.049482, 0.998143, -0.035539, -0.0, 0.0, 0.0, 0.0, 1.0],
                [0.999629, -0.027234, 0.00045, -0.0, 0.026946, 0.986343, -0.162483, 0.329779, 0.003981, 0.162435, 0.986711, 0.0, 0.0, 0.0, 0.0, 1.0],
                [1.0, 0.0, 0.0, -0.0, -0.0, 1.0, -0.0, 0.329779, -0.0, 0.0, 1.0, -0.0, 0.0, 0.0, 0.0, 1.0],
                [1.0, 0.0, 0.0, 0.0, -0.0, 1.0, -0.0, 0.329779, -0.0, 0.0, 1.0, -0.0, 0.0, 0.0, 0.0, 1.0],
                [1.0, 0.0, 0.0, -0.0, -0.0, 1.0, -0.0, 0.329779, -0.0, 0.0, 1.0, -0.0, 0.0, 0.0, 0.0, 1.0]
            ]
        },
        {
            "name": "Tool_R",
            "time": [0.0, 0.1, 0.15, 0.2, 0.4, 0.6],
            "transform": [
                [1.0, 0.0, 0.0, -0.02, 0.0, -1.0, 0.0, 0.291425, 0.0, 0.0, -1.0, -0.0, 0.0, 0.0, 0.0, 1.0],
                [1.0, 0.0, 0.0, -0.02, 0.0, -1.0, -0.0, 0.291425, 0.0, 0.0, -1.0, 0.0, 0.0, 0.0, 0.0, 1.0],
                [1.0, 0.0, 0.0, -0.02, 0.0, -1.0, 0.0, 0.291425, 0.0, -0.0, -1.0, -0.0, 0.0, 0.0, 0.0, 1.0],
                [1.0, 0.0, 0.0, -0.02, 0.0, -1.0, -0.0, 0.291425, 0.0, 0.0, -1.0, 0.0, 0.0, 0.0, 0.0, 1.0],
                [1.0, 0.0, 0.0, -0.02, 0.0, -1.0, -0.0, 0.291425, 0.0, 0.0, -1.0, -0.0, 0.0, 0.0, 0.0, 1.0],
                [1.0, 0.0, 0.0, -0.02, 0.0, -1.0, -0.0, 0.291425, 0.0, 0.0, -1.0, -0.0, 0.0, 0.0, 0.0, 1.0]
            ]
        },
        {
            "name": "Elbow_R",
            "time": [0.0, 0.1, 0.15, 0.2, 0.4, 0.6],
            "transform": [
                [-1.0, -0.0, -0.0, -0.0, 0.0, 0.58098, -0.813917, 0.329779, 0.0, -0.813917, -0.58098, 0.0, 0.0, 0.0, 0.0, 1.0],
                [-1.0, 0.0, -1e-06, -0.0, 1e-06, 0.608492, -0.79356, 0.329779, 0.0, -0.793561, -0.608492, 0.0, 0.0, 0.0, 0.0, 1.0],
                [-1.0, 0.0, -0.0, -0.0, 0.0, 0.719577, -0.694412, 0.329779, 0.0, -0.694413, -0.719577, -0.0, 0.0, 0.0, 0.0, 1.0],
                [-1.0, -0.0, -1e-06, -0.0, 1e-06, -0.0, -1.0, 0.329779, 0.0, -1.0, -0.0, -0.0, 0.0, 0.0, 0.0, 1.0],
                [-1.0, -0.0, -1e-06, 0.0, 0.0, -0.0, -1.0, 0.329779, 0.0, -1.0, -0.0, -0.0, 0.0, 0.0, 0.0, 1.0],
                [-1.0, -0.0, -0.0, -0.0, 0.0, 0.0, -1.0, 0.329779, 0.0, -1.0, 0.0, -0.0, 0.0, 0.0, 0.0, 1.0]
            ]
        },
        {
            "name": "Shoulder_L",
            "time": [0.0, 0.1, 0.15, 0.2, 0.4, 0.6],
            "transform": [
                [-0.105572, -0.938961, -0.327425, 0.0, -0.028271, -0.326298, 0.944844, 0.400001, -0.99401, 0.109005, 0.007902, 0.0, 0.0, 0.0, 0.0, 1.0],
                [-0.080687, -0.956454, -0.280509, 0.0, -0.021607, -0.279682, 0.959849, 0.4, -0.996505, 0.083509, 0.0019, -0.0, 0.0, 0.0, 0.0, 1.0],
                [-0.038671, -0.948823, -0.313431, 0.0, -0.010356, -0.313268, 0.949608, 0.4, -0.999198, 0.039968, 0.002288, 0.0, 0.0, 0.0, 0.0, 1.0],
                [0.0, -0.939744, -0.341878, -0.0, -0.0, -0.341878, 0.939744, 0.400001, -1.0, -0.0, -0.0, 0.0, 0.0, 0.0, 0.0, 1.0],
                [0.166165, -0.928645, -0.331673, -0.0, 0.044497, -0.328945, 0.9433, 0.400001, -0.985094, -0.171502, -0.013337, 0.0, 0.0, 0.0, 0.0, 1.0],
                [0.0, -0.939744, -0.341878, -0.0, -0.0, -0.341878, 0.939744, 0.400001, -1.0, -0.0, -0.0, 0.0, 0.0, 0.0, 0.0, 1.0]
            ]
        },
        {
            "name": "Arm_L",
            "time": [0.0, 0.1, 0.15, 0.2, 0.4, 0.6],
            "transform": [
                [0.285922, -0.295056, 0.911696, 0.0, -0.104521, 0.936136, 0.335745, 0.388212, -0.952536, -0.191289, 0.236822, -0.0, 0.0, 0.0, 0.0, 1.0],
                [0.141729, -0.186584, 0.972162, -0.0, -0.680506, 0.694854, 0.23257, 0.388212, -0.718905, -0.694524, -0.02849, -0.0, 0.0, 0.0, 0.0, 1.0],
                [0.173807, -0.366839, 0.913904, 0.0, -0.62301, 0.677749, 0.390532, 0.388212, -0.76266, -0.637248, -0.110747, 0.0, 0.0, 0.0, 0.0, 1.0],
                [0.191516, -0.303884, 0.933261, -0.0, -0.559558, 0.747392, 0.35819, 0.388212, -0.80636, -0.590813, -0.026903, -0.0, 0.0, 0.0, 0.0, 1.0],
                [0.191516, -0.303884, 0.933261, 0.0, -0.559558, 0.747392, 0.35819, 0.388212, -0.80636, -0.590813, -0.026903, -0.0, 0.0, 0.0, 0.0, 1.0],
                [0.089023, -0.64066, 0.762647, 0.0, -0.370697, 0.689371, 0.622376, 0.388212, -0.924478, -0.338116, -0.176121, -0.0, 0.0, 0.0, 0.0, 1.0]
            ]
        },
        {
            "name": "Hand_L",
            "time": [0.0, 0.1, 0.15, 0.2, 0.4, 0.6],
            "transform": [
                [0.819991, 0.138847, -0.555281, -0.0, -0.543411, 0.493555, -0.679049, 0.329779, 0.179777, 0.85856, 0.480162, 0.0, 0.0, 0.0, 0.0, 1.0],
                [0.814564, -0.016438, -0.579841, 0.0, -0.542599, 0.331868, -0.771654, 0.329779, 0.205115, 0.943183, 0.261409, -0.0, 0.0, 0.0, 0.0, 1.0],
                [0.801317, -0.069311, -0.594212, 0.0, -0.574234, 0.189436, -0.796473, 0.329779, 0.16777, 0.979444, 0.111997, -0.0, 0.0, 0.0, 0.0, 1.0],
                [0.790172, -0.124248, -0.600159, -0.0, -0.599901, 0.043699, -0.79888, 0.329779, 0.125486, 0.991289, -0.040007, 0.0, 0.0, 0.0, 0.0, 1.0],
                [0.843405, 0.189967, -0.502574, 0.0, -0.498141, -0.07399, -0.863934, 0.329779, -0.201305, 0.978999, 0.032227, -0.0, 0.0, 0.0, 0.0, 1.0],
                [0.840558, -0.157655, -0.518273, -0.0, -0.529711, -0.038859, -0.847288, 0.329779, 0.113439, 0.986729, -0.116175, 0.0, 0.0, 0.0, 0.0, 1.0]
            ]
        },
        {
            "name": "Tool_L",
            "time": [0.0, 0.1, 0.15, 0.2, 0.4, 0.6],
            "transform": [
                [1.0, 0.0, 0.0, 0.02, 0.0, -1.0, 0.0, 0.291426, 0.0, -0.0, -1.0, -0.0, 0.0, 0.0, 0.0, 1.0],
                [1.0, -0.0, 0.0, 0.02, -0.0, -1.0, 0.0, 0.291426, 0.0, 0.0, -1.0, -0.0, 0.0, 0.0, 0.0, 1.0],
                [1.0, 0.0, 0.0, 0.02, -0.0, -1.0, 0.0, 0.291425, 0.0, -0.0, -1.0, 0.0, 0.0, 0.0, 0.0, 1.0],
                [1.0, 0.0, 0.0, 0.02, 0.0, -1.0, -0.0, 0.291425, 0.0, 0.0, -1.0, -0.0, 0.0, 0.0, 0.0, 1.0],
                [1.0, 0.0, 0.0, 0.02, 0.0, -1.0, -0.0, 0.291425, 0.0, 0.0, -1.0, -0.0, 0.0, 0.0, 0.0, 1.0],
                [1.0, 0.0, 0.0, 0.02, 0.0, -1.0, -0.0, 0.291425, 0.0, 0.0, -1.0, -0.0, 0.0, 0.0, 0.0, 1.0]
            ]
        },
        {
            "name": "Elbow_L",
            "time": [0.0, 0.1, 0.15, 0.2, 0.4, 0.6],
            "transform": [
                [-1.0, 0.0, -0.0, -0.0, 0.0, 0.505908, -0.862587, 0.329779, -0.0, -0.862588, -0.505908, 0.0, 0.0, 0.0, 0.0, 1.0],
                [-1.0, -0.0, -0.0, 0.0, 0.0, 0.605356, -0.795955, 0.329779, -0.0, -0.795955, -0.605356, -0.0, 0.0, 0.0, 0.0, 1.0],
                [-1.0, 0.0, -0.0, 0.0, 0.0, 0.66573, -0.746193, 0.329779, -0.0, -0.746193, -0.66573, -0.0, 0.0, 0.0, 0.0, 1.0],
                [-1.0, -0.0, -0.0, -0.0, 0.0, 0.721223, -0.692703, 0.329779, 0.0, -0.692703, -0.721223, 0.0, 0.0, 0.0, 0.0, 1.0],
                [-1.0, -0.0, 0.0, 0.0, 0.0, 0.695378, -0.718645, 0.329779, 0.0, -0.718645, -0.695378, -0.0, 0.0, 0.0, 0.0, 1.0],
                [-0.999999, -0.0, -0.0, -0.0, 0.0, 0.747305, -0.664481, 0.329779, 0.0, -0.66448, -0.747305, 0.0, 0.0, 0.0, 0.0, 1.0]
            ]
        }
    ]
}