{

    "animation": [
        {
            "name": "Root",
            "time": [0.0, 0.0833, 0.1667, 0.2167, 0.25, 0.3333, 0.5, 0.9167],
            "transform": [
                [0.454202, 0.0, -0.890899, -5e-06, -0.890899, 0.0, -0.454202, 0.000946, 0.0, 1.0, 0.0, 0.74301, 0.0, 0.0, 0.0, 1.0],
                [0.454202, 0.0, -0.890899, -5e-06, -0.890899, 0.0, -0.454202, 0.281119, 0.0, 1.0, 0.0, 0.586707, 0.0, 0.0, 0.0, 1.0],
                [0.454202, 0.0, -0.890899, -5e-06, -0.890899, 0.0, -0.454202, 0.816594, 0.0, 1.0, 0.0, 0.615064, 0.0, 0.0, 0.0, 1.0],
                [0.855677, 0.204567, 0.475362, -5e-06, 0.416571, 0.272747, -0.867224, 1.417236, -0.307059, 0.940086, 0.148166, 0.703332, 0.0, 0.0, 0.0, 1.0],
                [0.082618, -0.0, 0.996581, -5e-06, 0.859538, 0.506081, -0.071257, 1.731197, -0.50435, 0.862486, 0.041811, 0.725996, 0.0, 0.0, 0.0, 1.0],
                [1.0, -0.0, -0.0, -5e-06, 0.0, 0.551098, -0.834441, 1.965689, 0.0, 0.834441, 0.551098, 0.701825, 0.0, 0.0, 0.0, 1.0],
                [1.0, -0.0, -0.0, -5e-06, 0.0, 0.551098, -0.834441, 2.018352, 0.0, 0.834441, 0.551098, 0.687771, 0.0, 0.0, 0.0, 1.0],
                [1.0, -0.0, -0.0, -5e-06, 0.0, 0.551098, -0.834441, 2.090157, 0.0, 0.834441, 0.551098, 0.751128, 0.0, 0.0, 0.0, 1.0]
            ]
        },
        {
            "name": "Thigh_R",
            "time": [0.0, 0.0833, 0.1667, 0.2167, 0.25, 0.3333, 0.5, 0.9167],
            "transform": [
                [0.966814, 0.184562, -0.176655, 0.124994, 0.218672, -0.955365, 0.198645, -0.002831, -0.132108, -0.230682, -0.964019, -1.2e-05, 0.0, 0.0, 0.0, 1.0],
                [0.681853, 0.702203, 0.204907, 0.124994, 0.595733, -0.695629, 0.401501, -0.002831, 0.424474, -0.151695, -0.892642, -1.2e-05, 0.0, 0.0, 0.0, 1.0],
                [0.63661, 0.750684, 0.176638, 0.124994, 0.658483, -0.648344, 0.382166, -0.002831, 0.401408, -0.126978, -0.907055, -1.2e-05, 0.0, 0.0, 0.0, 1.0],
                [-0.219075, -0.136855, 0.966063, 0.01729, 0.614414, -0.788498, 0.02763, -0.036476, 0.757958, 0.599615, 0.256827, 0.071113, 0.0, 0.0, 0.0, 1.0],
                [-0.861042, -0.442037, 0.251416, -0.038011, 0.41749, -0.896738, -0.146835, -0.053752, 0.290361, -0.021467, 0.956677, 0.107633, 0.0, 0.0, 0.0, 1.0],
                [-0.081491, -0.057539, 0.995012, 0.093638, 0.435472, -0.900051, -0.016383, -0.022501, 0.896506, 0.431964, 0.098403, 0.080417, 0.0, 0.0, 0.0, 1.0],
                [-0.081491, -0.057539, 0.995012, 0.093638, 0.217898, -0.975208, -0.038548, -0.022501, 0.972563, 0.21367, 0.092009, 0.080417, 0.0, 0.0, 0.0, 1.0],
                [-0.081491, -0.057539, 0.995012, 0.093638, -0.369751, -0.925343, -0.083793, -0.022501, 0.92555, -0.374734, 0.054132, 0.080417, 0.0, 0.0, 0.0, 1.0]
            ]
        },
        {
            "name": "Leg_R",
            "time": [0.0, 0.0833, 0.1667, 0.2167, 0.25, 0.3333, 0.5, 0.9167],
            "transform": [
                [1.0, -0.0, 1e-06, -0.0, -0.0, 0.887834, 0.460163, 0.36472, -1e-06, -0.460163, 0.887835, -0.0, 0.0, 0.0, 0.0, 1.0],
                [1.0, -0.0, 1e-06, 0.0, -0.0, 0.736743, 0.676172, 0.36472, -1e-06, -0.676172, 0.736744, -0.0, 0.0, 0.0, 0.0, 1.0],
                [0.990172, 0.134965, 0.036655, -0.0, -0.124833, 0.734765, 0.666736, 0.36472, 0.063053, -0.664759, 0.744393, 0.0, 0.0, 0.0, 0.0, 1.0],
                [0.958328, 0.252228, -0.134119, -0.0, -0.21711, 0.948204, 0.231891, 0.36472, 0.185661, -0.193109, 0.963451, -0.0, 0.0, 0.0, 0.0, 1.0],
                [0.944939, 0.319416, -0.071168, -0.0, -0.3045, 0.937875, 0.166349, 0.36472, 0.119881, -0.135519, 0.983495, 0.0, 0.0, 0.0, 0.0, 1.0],
                [0.608683, 0.793361, 0.009201, 0.0, -0.791746, 0.606611, 0.071845, 0.36472, 0.051418, -0.051016, 0.997373, -0.0, 0.0, 0.0, 0.0, 1.0],
                [0.724046, 0.689646, -0.01209, 0.0, -0.686495, 0.722218, 0.084421, 0.36472, 0.066953, -0.052825, 0.996356, -0.0, 0.0, 0.0, 0.0, 1.0],
                [0.85243, 0.520996, -0.043887, 0.0, -0.515491, 0.851507, 0.095942, 0.36472, 0.087356, -0.059161, 0.994418, -0.0, 0.0, 0.0, 0.0, 1.0]
            ]
        },
        {
            "name": "Knee_R",
            "time": [0.0, 0.0833, 0.1667, 0.2167, 0.25, 0.3333, 0.5, 0.9167],
            "transform": [
                [1.0, 0.0, -1e-06, -0.0, -0.0, 0.0, -1.0, 0.375905, -0.0, 1.0, 0.0, -0.0, 0.0, 0.0, 0.0, 1.0],
                [1.0, 0.0, -1e-06, 0.0, -1e-06, 0.0, -1.0, 0.393745, -0.0, 1.0, 0.0, -0.0, 0.0, 0.0, 0.0, 1.0],
                [1.0, 0.0, -0.0, 0.0, -0.0, 0.0, -1.0, 0.393745, -0.0, 1.0, 0.0, 0.0, 0.0, 0.0, 0.0, 1.0],
                [1.0, 0.0, -0.0, 0.0, -1e-06, 0.0, -1.0, 0.374567, -0.0, 1.0, 0.0, -0.0, 0.0, 0.0, 0.0, 1.0],
                [1.0, 0.0, -1e-06, -0.0, -1e-06, 0.0, -1.0, 0.36472, -0.0, 1.0, 0.0, 0.0, 0.0, 0.0, 0.0, 1.0],
                [1.0, 0.0, -0.0, 0.0, -0.0, 0.0, -1.0, 0.36472, -0.0, 1.0, 0.0, -0.0, 0.0, 0.0, 0.0, 1.0],
                [1.0, 0.0, -0.0, 0.0, -0.0, 0.0, -1.0, 0.36472, -0.0, 1.0, 0.0, -0.0, 0.0, 0.0, 0.0, 1.0],
                [1.0, 0.0, -0.0, 0.0, -0.0, 0.0, -1.0, 0.36472, -0.0, 1.0, 0.0, -0.0, 0.0, 0.0, 0.0, 1.0]
            ]
        },
        {
            "name": "Thigh_L",
            "time": [0.0, 0.0833, 0.1667, 0.2167, 0.25, 0.3333, 0.5, 0.9167],
            "transform": [
                [0.871031, -0.318733, -0.373782, -0.125006, -0.154677, -0.900167, 0.40715, -0.002831, -0.466239, -0.296824, -0.833377, -1.2e-05, 0.0, 0.0, 0.0, 1.0],
                [0.736157, -0.674046, 0.061094, -0.125006, -0.509234, -0.492165, 0.706012, -0.002831, -0.445817, -0.550846, -0.70556, -1.2e-05, 0.0, 0.0, 0.0, 1.0],
                [0.710663, -0.696956, 0.095953, -0.125006, -0.533335, -0.444761, 0.719542, -0.002831, -0.458814, -0.562526, -0.687788, -1.2e-05, 0.0, 0.0, 0.0, 1.0],
                [0.887516, 0.458864, -0.041942, -0.017302, 0.21421, -0.330294, 0.919249, 0.030815, 0.407957, -0.824832, -0.391435, -0.071137, 0.0, 0.0, 0.0, 1.0],
                [0.078512, 0.957278, 0.278307, 0.037999, 0.001785, -0.279303, 0.960202, 0.04809, 0.996912, -0.074891, -0.023637, -0.107657, 0.0, 0.0, 0.0, 1.0],
                [0.95733, -0.028858, 0.287554, -0.093649, -0.283585, -0.28548, 0.915467, 0.01684, 0.055673, -0.95795, -0.281482, -0.08044, 0.0, 0.0, 0.0, 1.0],
                [0.945902, -0.048237, 0.320845, -0.093649, -0.322766, -0.240561, 0.915397, 0.016839, 0.033027, -0.969435, -0.243117, -0.08044, 0.0, 0.0, 0.0, 1.0],
                [0.945902, -0.048237, 0.320845, -0.093649, -0.303939, -0.477773, 0.824229, 0.016839, 0.113532, -0.877158, -0.466588, -0.08044, 0.0, 0.0, 0.0, 1.0]
            ]
        },
        {
            "name": "Leg_L",
            "time": [0.0, 0.0833, 0.1667, 0.2167, 0.25, 0.3333, 0.5, 0.9167],
            "transform": [
                [1.0, -1e-06, 6e-06, 0.0, -4e-06, 0.733273, 0.679935, 0.36472, -5e-06, -0.679936, 0.733271, 0.0, 0.0, 0.0, 0.0, 1.0],
                [1.0, -1e-06, 1.2e-05, -0.0, -8e-06, 0.666187, 0.745784, 0.36472, -8e-06, -0.745785, 0.666186, 0.0, 0.0, 0.0, 0.0, 1.0],
                [0.99815, -0.052307, -0.03098, 0.0, 0.059026, 0.711891, 0.699805, 0.36472, -0.01455, -0.70034, 0.713661, -0.0, 0.0, 0.0, 0.0, 1.0],
                [0.999196, 0.023197, 0.032714, -0.0, -0.033372, 0.933318, 0.357496, 0.36472, -0.02224, -0.3583, 0.933341, -0.0, 0.0, 0.0, 0.0, 1.0],
                [0.992974, 0.115385, 0.026237, 0.0, -0.118326, 0.966172, 0.22915, 0.36472, 0.001091, -0.230645, 0.973038, -0.0, 0.0, 0.0, 0.0, 1.0],
                [0.959666, 0.272822, -0.067896, 0.0, -0.157053, 0.720528, 0.675407, 0.36472, 0.233187, -0.637501, 0.734313, 0.0, 0.0, 0.0, 0.0, 1.0],
                [0.931668, 0.362056, -0.030173, -0.0, -0.197405, 0.574195, 0.794564, 0.36472, 0.305002, -0.734313, 0.606431, -0.0, 0.0, 0.0, 0.0, 1.0],
                [0.946113, 0.305641, -0.107026, -0.0, -0.187731, 0.786943, 0.587774, 0.36472, 0.263871, -0.536008, 0.801915, -0.0, 0.0, 0.0, 0.0, 1.0]
            ]
        },
        {
            "name": "Knee_L",
            "time": [0.0, 0.0833, 0.1667, 0.2167, 0.25, 0.3333, 0.5, 0.9167],
            "transform": [
                [1.0, 0.0, -0.0, 0.0, -0.0, 0.0, -1.0, 0.392976, -0.0, 1.0, 0.0, 0.0, 0.0, 0.0, 0.0, 1.0],
                [1.0, 0.0, -1e-06, 0.0, -0.0, 0.0, -1.0, 0.399059, -0.0, 1.0, 0.0, 0.0, 0.0, 0.0, 0.0, 1.0],
                [1.0, 0.0, -0.0, 0.0, -0.0, 0.0, -1.0, 0.399059, -0.0, 1.0, 0.0, -0.0, 0.0, 0.0, 0.0, 1.0],
                [1.0, 0.0, -0.0, -0.0, -0.0, 0.0, -1.0, 0.387066, -0.0, 1.0, 0.0, -0.0, 0.0, 0.0, 0.0, 1.0],
                [1.0, 0.0, -0.0, 0.0, -0.0, 0.0, -1.0, 0.380908, -0.0, 1.0, 0.0, -0.0, 0.0, 0.0, 0.0, 1.0],
                [1.0, 0.0, -1e-06, 0.0, -0.0, 0.0, -1.0, 0.380909, -0.0, 1.0, 0.0, 0.0, 0.0, 0.0, 0.0, 1.0],
                [1.0, 0.0, -0.0, -0.0, -0.0, 0.0, -1.0, 0.380909, -0.0, 1.0, 0.0, -0.0, 0.0, 0.0, 0.0, 1.0],
                [1.0, 0.0, -0.0, -0.0, -0.0, 0.0, -1.0, 0.380908, -0.0, 1.0, 0.0, -0.0, 0.0, 0.0, 0.0, 1.0]
            ]
        },
        {
            "name": "Torso",
            "time": [0.0, 0.0833, 0.1667, 0.2167, 0.25, 0.3333, 0.5, 0.9167],
            "transform": [
                [0.998972, -0.045322, -0.001263, -0.0, 0.045308, 0.996825, 0.065478, 0.05, -0.001708, -0.065468, 0.997853, -0.0, 0.0, 0.0, 0.0, 1.0],
                [0.998603, 0.052761, 0.002709, -0.0, -0.052796, 0.998487, 0.01534, 0.05, -0.001896, -0.015462, 0.999879, 0.0, 0.0, 0.0, 0.0, 1.0],
                [0.984492, 0.173227, -0.027703, 0.0, -0.175425, 0.971256, -0.160895, 0.05, -0.000964, 0.16326, 0.986583, 0.0, 0.0, 0.0, 0.0, 1.0],
                [0.090674, -0.260689, -0.961155, -0.0, 0.10354, 0.962368, -0.25125, 0.05, 0.990484, -0.076736, 0.114253, 0.0, 0.0, 0.0, 0.0, 1.0],
                [0.160243, -0.0746, -0.984255, -0.0, 0.079146, 0.994901, -0.062521, 0.05, 0.9839, -0.067881, 0.16533, -0.0, 0.0, 0.0, 0.0, 1.0],
                [0.06112, -0.08662, 0.994365, 0.0, 0.065316, 0.994439, 0.082612, 0.05, -0.995991, 0.059899, 0.066438, 0.0, 0.0, 0.0, 0.0, 1.0],
                [0.065667, -0.067709, 0.995542, 0.0, -0.01659, 0.997483, 0.068935, 0.05, -0.997704, -0.021043, 0.064378, 0.0, 0.0, 0.0, 0.0, 1.0],
                [0.065667, -0.067709, 0.995542, 0.0, 0.057516, 0.996293, 0.063966, 0.05, -0.996183, 0.053059, 0.069318, -0.0, 0.0, 0.0, 0.0, 1.0]
            ]
        },
        {
            "name": "Chest",
            "time": [0.0, 0.0833, 0.1667, 0.2167, 0.25, 0.3333, 0.5, 0.9167],
            "transform": [
                [0.998353, -0.057358, -0.001399, -0.0, 0.057291, 0.995277, 0.078373, 0.3, -0.003103, -0.078324, 0.996923, -0.0, 0.0, 0.0, 0.0, 1.0],
                [0.997696, 0.067152, 0.009679, 0.0, -0.067283, 0.997637, 0.013882, 0.3, -0.008724, -0.014501, 0.999857, -0.0, 0.0, 0.0, 0.0, 1.0],
                [0.94135, 0.066537, -0.330807, -0.0, -0.039615, 0.995378, 0.087477, 0.3, 0.335099, -0.069242, 0.939635, 0.0, 0.0, 0.0, 0.0, 1.0],
                [0.760811, -0.219569, 0.610701, -0.0, -0.029131, 0.928524, 0.370129, 0.3, -0.648319, -0.299389, 0.700035, -0.0, 0.0, 0.0, 0.0, 1.0],
                [0.545829, -0.059932, 0.83575, 0.0, -0.185105, 0.96417, 0.190034, 0.3, -0.817194, -0.258427, 0.515178, 0.0, 0.0, 0.0, 0.0, 1.0],
                [0.782943, 0.546892, -0.296495, -0.0, -0.34379, 0.777593, 0.526458, 0.3, 0.518468, -0.310255, 0.796827, -0.0, 0.0, 0.0, 0.0, 1.0],
                [0.715808, 0.653185, -0.246917, -0.0, -0.404547, 0.676117, 0.615798, 0.3, 0.569175, -0.340904, 0.748214, 0.0, 0.0, 0.0, 0.0, 1.0],
                [0.7954, 0.419129, -0.437802, -0.0, -0.178102, 0.852086, 0.492168, 0.3, 0.579327, -0.313497, 0.752396, -0.0, 0.0, 0.0, 0.0, 1.0]
            ]
        },
        {
            "name": "Head",
            "time": [0.0, 0.0833, 0.1667, 0.2167, 0.25, 0.3333, 0.5, 0.9167],
            "transform": [
                [0.342219, 0.065142, 0.937359, -0.0, 0.118801, 0.986588, -0.111936, 0.4, -0.93208, 0.149666, 0.32989, -0.0, 0.0, 0.0, 0.0, 1.0],
                [0.338587, -0.202966, 0.918784, 0.0, 0.079495, 0.979137, 0.187003, 0.4, -0.937571, 0.009722, 0.347658, -0.0, 0.0, 0.0, 0.0, 1.0],
                [0.296368, -0.277117, 0.913987, 0.0, 0.189416, 0.955025, 0.22814, 0.4, -0.936102, 0.105511, 0.33553, 0.0, 0.0, 0.0, 0.0, 1.0],
                [0.958539, -0.035495, 0.282741, -0.0, 0.105657, 0.965758, -0.236956, 0.4, -0.264648, 0.257005, 0.929467, 0.0, 0.0, 0.0, 0.0, 1.0],
                [0.519904, -0.157391, -0.8396, -0.0, -0.154908, 0.949212, -0.273863, 0.4, 0.840061, 0.272443, 0.469118, 0.0, 0.0, 0.0, 0.0, 1.0],
                [0.626046, -0.298, -0.720599, -0.0, -0.188974, 0.838572, -0.510965, 0.4, 0.756541, 0.456063, 0.468671, 0.0, 0.0, 0.0, 0.0, 1.0],
                [0.632148, -0.367343, -0.682237, 0.0, -0.293652, 0.701223, -0.649658, 0.4, 0.717048, 0.61102, 0.335406, 0.0, 0.0, 0.0, 0.0, 1.0],
                [0.636146, -0.303283, -0.709463, -0.0, -0.291546, 0.756852, -0.584958, 0.4, 0.714366, 0.57896, 0.393047, 0.0, 0.0, 0.0, 0.0, 1.0]
            ]
        },
        {
            "name": "Shoulder_R",
            "time": [0.0, 0.0833, 0.1667, 0.2167, 0.25, 0.3333, 0.5, 0.9167],
            "transform": [
                [-0.408633, 0.859224, 0.307821, -0.0, 0.039985, -0.320088, 0.946544, 0.4, 0.911822, 0.399097, 0.096443, -0.0, 0.0, 0.0, 0.0, 1.0],
                [-0.380434, 0.815159, 0.43679, 0.0, 0.030146, -0.461122, 0.886824, 0.4, 0.924317, 0.350545, 0.150853, -0.0, 0.0, 0.0, 0.0, 1.0],
                [-0.445029, 0.892666, 0.071391, 0.0, 0.049081, -0.055287, 0.997263, 0.4, 0.89417, 0.447316, -0.019208, 0.0, 0.0, 0.0, 0.0, 1.0],
                [-0.288213, 0.895083, -0.340236, -0.0, -0.279705, 0.261123, 0.923894, 0.4, 0.915805, 0.361444, 0.1751, 0.0, 0.0, 0.0, 0.0, 1.0],
                [-0.304049, 0.804662, -0.509974, -0.0, -0.425854, 0.364055, 0.828319, 0.4, 0.852175, 0.469024, 0.231978, 0.0, 0.0, 0.0, 0.0, 1.0],
                [-0.278543, 0.95048, -0.137844, -0.0, -0.133889, 0.103694, 0.985556, 0.4, 0.951045, 0.292975, 0.098376, 0.0, 0.0, 0.0, 0.0, 1.0],
                [-0.109509, 0.987056, -0.117165, 0.0, -0.200331, 0.093539, 0.975253, 0.4, 0.973589, 0.130271, 0.187494, 0.0, 0.0, 0.0, 0.0, 1.0],
                [-0.109509, 0.987056, -0.117165, -0.0, -0.200331, 0.093538, 0.975253, 0.4, 0.973589, 0.130271, 0.187494, 0.0, 0.0, 0.0, 0.0, 1.0]
            ]
        },
        {
            "name": "Arm_R",
            "time": [0.0, 0.0833, 0.1667, 0.2167, 0.25, 0.3333, 0.5, 0.9167],
            "transform": [
                [-0.066591, -0.299244, -0.95185, 0.0, 0.8815, 0.429294, -0.196632, 0.388385, 0.467465, -0.85215, 0.235197, -0.0, 0.0, 0.0, 0.0, 1.0],
                [-0.00263, -0.22889, -0.973449, 0.0, 0.501508, 0.841882, -0.19931, 0.388385, 0.865149, -0.488717, 0.112576, -0.0, 0.0, 0.0, 0.0, 1.0],
                [0.077877, -0.254442, -0.963947, 0.0, 0.440942, 0.875964, -0.195595, 0.388385, 0.894151, -0.409812, 0.180412, -0.0, 0.0, 0.0, 0.0, 1.0],
                [-0.740073, 0.35924, -0.56854, -0.0, 0.427141, 0.904057, 0.015228, 0.388385, 0.519463, -0.231577, -0.822514, 0.0, 0.0, 0.0, 0.0, 1.0],
                [-0.460251, -0.679787, -0.571014, -0.0, 0.224583, 0.533116, -0.81569, 0.388385, 0.858913, -0.503662, -0.092699, 0.0, 0.0, 0.0, 0.0, 1.0],
                [0.11183, -0.893112, -0.435712, -0.0, 0.285382, 0.448856, -0.846809, 0.388385, 0.951868, -0.029645, 0.305074, 0.0, 0.0, 0.0, 0.0, 1.0],
                [0.090479, -0.88898, -0.448919, 0.0, 0.259417, 0.456244, -0.851202, 0.388385, 0.961518, -0.039441, 0.271897, -0.0, 0.0, 0.0, 0.0, 1.0],
                [-0.260226, -0.800096, -0.54049, -0.0, 0.504376, 0.364688, -0.782692, 0.388385, 0.823339, -0.476287, 0.308648, -0.0, 0.0, 0.0, 0.0, 1.0]
            ]
        },
        {
            "name": "Hand_R",
            "time": [0.0, 0.0833, 0.1667, 0.2167, 0.25, 0.3333, 0.5, 0.9167],
            "transform": [
                [1.020595, -0.002059, -0.000241, 0.0, 0.000179, 0.199836, -0.979829, 0.29, 0.002108, 0.979827, 0.199836, -0.0, 0.0, 0.0, 0.0, 1.0],
                [1.020592, -0.000999, -0.002898, -0.0, -0.002695, 0.199842, -0.979824, 0.29, 0.00159, 0.979828, 0.199838, -0.0, 0.0, 0.0, 0.0, 1.0],
                [0.699079, 0.727653, 0.036558, -0.0, -0.077753, 0.121436, -0.989672, 0.29, -0.739501, 0.675111, 0.138615, 0.0, 0.0, 0.0, 0.0, 1.0],
                [0.363799, 0.913763, -0.194871, -0.0, 0.759889, -0.403814, -0.531577, 0.29, -0.576053, 0.044393, -0.824288, -0.0, 0.0, 0.0, 0.0, 1.0],
                [0.995929, -0.17061, -0.136556, 0.0, 0.078687, 0.853488, -0.515378, 0.29, 0.208689, 0.492393, 0.846013, 0.0, 0.0, 0.0, 0.0, 1.0],
                [0.968866, -0.278399, 0.145939, 0.0, 0.32079, 0.83608, -0.449639, 0.29, 0.003228, 0.472719, 0.881207, 0.0, 0.0, 0.0, 0.0, 1.0],
                [0.972042, -0.2696, 0.142133, 0.0, 0.310033, 0.802084, -0.51418, 0.29, 0.025128, 0.532894, 0.845823, -0.0, 0.0, 0.0, 0.0, 1.0],
                [1.001814, -0.179264, 0.065826, -0.0, 0.194645, 0.90255, -0.386045, 0.29, 0.009994, 0.391495, 0.920128, 0.0, 0.0, 0.0, 0.0, 1.0]
            ]
        },
        {
            "name": "Tool_R",
            "time": [0.0, 0.0833, 0.1667, 0.2167, 0.25, 0.3333, 0.5, 0.9167],
            "transform": [
                [1.0, 0.0, 0.0, -0.0, 0.0, -1.0, 0.0, 0.331204, 0.0, -0.0, -1.0, -0.0, 0.0, 0.0, 0.0, 1.0],
                [1.0, 0.0, 0.0, -0.0, 0.0, -1.0, 0.0, 0.331204, 0.0, -0.0, -1.0, 0.0, 0.0, 0.0, 0.0, 1.0],
                [1.0, -0.0, 0.0, 0.0, 0.0, -1.0, 0.0, 0.331204, 0.0, -0.0, -1.0, 0.0, 0.0, 0.0, 0.0, 1.0],
                [1.0, 0.0, 0.0, -0.0, 0.0, -1.0, 0.0, 0.331204, 0.0, -0.0, -1.0, -0.0, 0.0, 0.0, 0.0, 1.0],
                [1.0, 0.0, 0.0, -0.0, -0.0, -1.0, 0.0, 0.331204, 0.0, -0.0, -1.0, 0.0, 0.0, 0.0, 0.0, 1.0],
                [1.0, 0.0, 0.0, -0.0, 0.0, -1.0, 0.0, 0.331204, 0.0, -0.0, -1.0, -0.0, 0.0, 0.0, 0.0, 1.0],
                [1.0, -0.0, 0.0, 0.0, 0.0, -1.0, 0.0, 0.331204, 0.0, -0.0, -1.0, 0.0, 0.0, 0.0, 0.0, 1.0],
                [1.0, 0.000216, -0.000218, -0.0, 0.000216, -1.0, 4.2e-05, 0.331204, -0.000218, -4.2e-05, -1.0, 0.0, 0.0, 0.0, 0.0, 1.0]
            ]
        },
        {
            "name": "Elbow_R",
            "time": [0.0, 0.0833, 0.1667, 0.2167, 0.25, 0.3333, 0.5, 0.9167],
            "transform": [
                [-1.0, 0.0, -0.0, 0.0, -0.0, 0.0, -1.0, 0.414274, -0.0, -1.0, -0.0, -0.0, 0.0, 0.0, 0.0, 1.0],
                [-1.0, 0.0, -0.0, -0.0, -0.0, 0.0, -1.0, 0.415583, -0.0, -1.0, -0.0, -0.0, 0.0, 0.0, 0.0, 1.0],
                [-1.0, 0.0, 0.0, -0.0, 0.0, 0.0, -1.0, 0.415582, -0.0, -1.0, -0.0, 0.0, 0.0, 0.0, 0.0, 1.0],
                [-1.0, 0.0, 0.0, -0.0, 0.0, 0.0, -1.0, 0.413962, -0.0, -1.0, -0.0, -0.0, 0.0, 0.0, 0.0, 1.0],
                [-1.0, 0.0, -0.0, 0.0, -0.0, 0.0, -1.0, 0.41313, -0.0, -1.0, -0.0, 0.0, 0.0, 0.0, 0.0, 1.0],
                [-1.0, 0.0, -0.0, 0.0, -0.0, 0.0, -1.0, 0.41313, -0.0, -1.0, -0.0, 0.0, 0.0, 0.0, 0.0, 1.0],
                [-1.0, 0.0, 0.0, 0.0, -0.0, 0.0, -1.0, 0.41313, -0.0, -1.0, -0.0, 0.0, 0.0, 0.0, 0.0, 1.0],
                [-1.0, 0.0, 0.0, -0.0, -0.0, 0.0, -1.0, 0.41313, -0.0, -1.0, -0.0, 0.0, 0.0, 0.0, 0.0, 1.0]
            ]
        },
        {
            "name": "Shoulder_L",
            "time": [0.0, 0.0833, 0.1667, 0.2167, 0.25, 0.3333, 0.5, 0.9167],
            "transform": [
                [0.358263, -0.913949, -0.190642, -0.0, -0.059195, -0.226023, 0.972322, 0.4, -0.931742, -0.337062, -0.135077, -0.0, 0.0, 0.0, 0.0, 1.0],
                [0.358263, -0.913949, -0.190643, 0.0, -0.059194, -0.226022, 0.972322, 0.4, -0.931742, -0.337062, -0.135076, -0.0, 0.0, 0.0, 0.0, 1.0],
                [0.133467, -0.960383, -0.244646, 0.0, -0.004863, -0.247486, 0.968879, 0.4, -0.991041, -0.128124, -0.037702, 0.0, 0.0, 0.0, 0.0, 1.0],
                [0.046333, -0.959959, -0.276282, -0.0, -0.071528, -0.279057, 0.957607, 0.4, -0.996362, -0.024607, -0.081594, 0.0, 0.0, 0.0, 0.0, 1.0],
                [0.028882, -0.957608, -0.286625, -0.0, -0.099101, -0.288075, 0.952466, 0.4, -0.994658, 0.000896, -0.10322, 0.0, 0.0, 0.0, 0.0, 1.0],
                [0.028882, -0.957608, -0.286625, -0.0, -0.099101, -0.288075, 0.952466, 0.4, -0.994658, 0.000896, -0.10322, 0.0, 0.0, 0.0, 0.0, 1.0],
                [0.028882, -0.957608, -0.286625, 0.0, -0.099101, -0.288075, 0.952466, 0.4, -0.994658, 0.000896, -0.10322, 0.0, 0.0, 0.0, 0.0, 1.0],
                [0.028882, -0.957608, -0.286625, -0.0, -0.099101, -0.288075, 0.952466, 0.4, -0.994658, 0.000896, -0.10322, 0.0, 0.0, 0.0, 0.0, 1.0]
            ]
        },
        {
            "name": "Arm_L",
            "time": [0.0, 0.0833, 0.1667, 0.2167, 0.25, 0.3333, 0.5, 0.9167],
            "transform": [
                [-0.125468, 0.294391, 0.947413, 0.0, -0.577689, 0.754685, -0.311009, 0.388354, -0.806557, -0.586332, 0.075377, -0.0, 0.0, 0.0, 0.0, 1.0],
                [-0.125468, 0.294391, 0.947413, -0.0, -0.577689, 0.754685, -0.311008, 0.388354, -0.806557, -0.586332, 0.075377, -0.0, 0.0, 0.0, 0.0, 1.0],
                [0.21759, -0.002528, 0.976037, 0.0, -0.418769, 0.903037, 0.095696, 0.388354, -0.88164, -0.429556, 0.195433, -0.0, 0.0, 0.0, 0.0, 1.0],
                [-0.0606, -0.059758, 0.996372, 0.0, -0.388817, 0.920774, 0.031576, 0.388354, -0.919321, -0.385493, -0.079034, 0.0, 0.0, 0.0, 0.0, 1.0],
                [-0.189295, -0.057832, 0.980216, 0.0, -0.382894, 0.923588, -0.019451, 0.388354, -0.904191, -0.379, -0.196974, 0.0, 0.0, 0.0, 0.0, 1.0],
                [-0.229158, -0.14317, 0.962803, -0.0, -0.450214, 0.892555, 0.025568, 0.388354, -0.863015, -0.427608, -0.268993, -0.0, 0.0, 0.0, 0.0, 1.0],
                [-0.268852, 0.221659, 0.937329, 0.0, -0.687969, 0.636895, -0.347941, 0.388354, -0.674105, -0.738399, -0.018736, -0.0, 0.0, 0.0, 0.0, 1.0],
                [-0.293421, 0.419739, 0.858908, 0.0, -0.752491, 0.452739, -0.478315, 0.388354, -0.589629, -0.786669, 0.183007, -0.0, 0.0, 0.0, 0.0, 1.0]
            ]
        },
        {
            "name": "Hand_L",
            "time": [0.0, 0.0833, 0.1667, 0.2167, 0.25, 0.3333, 0.5, 0.9167],
            "transform": [
                [0.999999, 0.000791, 0.001281, -0.0, 0.000896, 0.370793, -0.928715, 0.29, -0.001209, 0.928715, 0.370791, -0.0, 0.0, 0.0, 0.0, 1.0],
                [0.999998, -0.001365, 0.001161, 0.0, 0.001584, 0.37079, -0.928715, 0.29, 0.000837, 0.928716, 0.370791, -0.0, 0.0, 0.0, 0.0, 1.0],
                [0.999998, -0.001365, 0.001161, 0.0, 0.001584, 0.37079, -0.928715, 0.29, 0.000837, 0.928716, 0.370791, -0.0, 0.0, 0.0, 0.0, 1.0],
                [0.999999, -0.000521, 0.000926, 0.0, 0.000996, 0.158201, -0.987406, 0.29, 0.000368, 0.987407, 0.158202, 0.0, 0.0, 0.0, 0.0, 1.0],
                [0.8574, -0.004362, 0.514631, 0.0, 0.445266, 0.507724, -0.737532, 0.29, -0.258074, 0.861509, 0.437265, 0.0, 0.0, 0.0, 0.0, 1.0],
                [0.744655, -0.139394, 0.652731, 0.0, 0.467724, 0.806644, -0.36133, 0.29, -0.476154, 0.574364, 0.66587, -0.0, 0.0, 0.0, 0.0, 1.0],
                [0.773734, -0.144376, 0.61684, -0.0, 0.404296, 0.862157, -0.305335, 0.29, -0.48773, 0.485634, 0.725451, 0.0, 0.0, 0.0, 0.0, 1.0],
                [0.798429, -0.102915, 0.593228, 0.0, 0.419493, 0.801863, -0.425489, 0.29, -0.431899, 0.588578, 0.683403, 0.0, 0.0, 0.0, 0.0, 1.0]
            ]
        },
        {
            "name": "Tool_L",
            "time": [0.0, 0.0833, 0.1667, 0.2167, 0.25, 0.3333, 0.5, 0.9167],
            "transform": [
                [1.0, -0.0, 0.0, -0.0, -0.0, -1.0, 0.0, 0.331204, 0.0, -0.0, -1.0, 0.0, 0.0, 0.0, 0.0, 1.0],
                [1.0, -0.0, 0.0, -0.0, -0.0, -1.0, 0.0, 0.331204, 0.0, -0.0, -1.0, 0.0, 0.0, 0.0, 0.0, 1.0],
                [1.0, -0.0, 0.0, -0.0, -0.0, -1.0, 0.0, 0.331204, 0.0, -0.0, -1.0, 0.0, 0.0, 0.0, 0.0, 1.0],
                [1.0, -0.0, 0.0, -0.0, 0.0, -1.0, 0.0, 0.331204, 0.0, -0.0, -1.0, 0.0, 0.0, 0.0, 0.0, 1.0],
                [1.0, 0.0, 0.0, 0.0, -0.0, -1.0, 0.0, 0.331204, 0.0, -0.0, -1.0, -0.0, 0.0, 0.0, 0.0, 1.0],
                [1.0, -0.0, 0.0, 0.0, -0.0, -1.0, 0.0, 0.331204, 0.0, -0.0, -1.0, -0.0, 0.0, 0.0, 0.0, 1.0],
                [1.0, 0.0, 0.0, 0.0, -0.0, -1.0, 0.0, 0.331204, 0.0, -0.0, -1.0, -0.0, 0.0, 0.0, 0.0, 1.0],
                [1.0, -0.0, 0.0, 0.0, -0.0, -1.0, 0.0, 0.331204, 0.0, 0.0, -1.0, 0.0, 0.0, 0.0, 0.0, 1.0]
            ]
        },
        {
            "name": "Elbow_L",
            "time": [0.0, 0.0833, 0.1667, 0.2167, 0.25, 0.3333, 0.5, 0.9167],
            "transform": [
                [-1.0, 0.0, 0.0, -0.0, -0.0, 0.0, -1.0, 0.397105, -0.0, -1.0, -0.0, 0.0, 0.0, 0.0, 0.0, 1.0],
                [-1.0, 0.0, -0.0, 0.0, -0.0, 0.0, -1.0, 0.400866, -0.0, -1.0, -0.0, 0.0, 0.0, 0.0, 0.0, 1.0],
                [-1.0, 0.0, 0.0, 0.0, 0.0, 0.0, -1.0, 0.400866, -0.0, -1.0, -0.0, -0.0, 0.0, 0.0, 0.0, 1.0],
                [-1.0, 0.0, -0.0, 0.0, 0.0, 0.0, -1.0, 0.420314, -0.0, -1.0, -0.0, 0.0, 0.0, 0.0, 0.0, 1.0],
                [-1.0, 0.0, 0.0, 0.0, -0.0, 0.0, -1.0, 0.4303, -0.0, -1.0, -0.0, 0.0, 0.0, 0.0, 0.0, 1.0],
                [-1.0, 0.0, 0.0, 0.0, -0.0, 0.0, -1.0, 0.430299, -0.0, -1.0, -0.0, -0.0, 0.0, 0.0, 0.0, 1.0],
                [-1.0, 0.0, 0.0, -0.0, -0.0, 0.0, -1.0, 0.4303, -0.0, -1.0, -0.0, 0.0, 0.0, 0.0, 0.0, 1.0],
                [-1.0, 0.0, -0.0, 0.0, -0.0, 0.0, -1.0, 0.4303, -0.0, -1.0, -0.0, -0.0, 0.0, 0.0, 0.0, 1.0]
            ]
        }
    ]
}