{

    "animation": [
        {
            "name": "Root",
            "time": [0.0, 0.2, 0.4, 0.5333, 0.5667, 0.6, 0.7, 1.0, 1.2, 1.4, 1.6],
            "transform": [
                [-0.311877, -0.025305, -0.949785, -5e-06, -0.885792, 0.369322, 0.281024, 0.000946, 0.343665, 0.928957, -0.137598, 0.773972, 0.0, 0.0, 0.0, 1.0],
                [0.344932, -0.014696, -0.938513, -5e-06, -0.870368, 0.369322, -0.32567, 0.100946, 0.351399, 0.929185, 0.1146, 0.773972, 0.0, 0.0, 0.0, 1.0],
                [0.855574, -0.014696, -0.517472, -0.010005, -0.476286, 0.369322, -0.797968, 0.200946, 0.20284, 0.929185, 0.308983, 0.723972, 0.0, 0.0, 0.0, 1.0],
                [0.967151, 0.0, 0.254201, -5e-06, 0.236229, 0.369322, -0.898775, 0.300946, -0.093882, 0.929302, 0.35719, 0.673972, 0.0, 0.0, 0.0, 1.0],
                [0.863631, -0.013626, 0.50394, -5e-06, 0.475356, 0.354865, -0.805051, 0.400946, -0.167861, 0.934818, 0.31295, 0.553548, 0.0, 0.0, 0.0, 1.0],
                [0.70049, -0.022483, 0.713308, -5e-06, 0.676861, 0.337749, -0.654052, 0.400946, -0.226215, 0.940968, 0.251808, 0.433125, 0.0, 0.0, 0.0, 1.0],
                [0.70049, -0.022483, 0.713308, -5e-06, 0.676861, 0.337749, -0.654052, 0.400946, -0.226215, 0.940968, 0.251808, 0.505375, 0.0, 0.0, 0.0, 1.0],
                [0.916726, 0.032435, 0.398197, -5e-06, 0.378523, 0.248326, -0.891658, 0.400946, -0.127803, 0.968133, 0.21537, 0.563091, 0.0, 0.0, 0.0, 1.0],
                [0.99688, 0.036628, -0.069916, -5e-06, -0.073728, 0.115909, -0.99052, 0.400946, -0.028177, 0.992584, 0.118248, 0.614215, 0.0, 0.0, 0.0, 1.0],
                [0.954272, 0.015448, -0.298541, -5e-06, -0.298938, 0.053422, -0.952776, 0.400946, 0.00123, 0.998453, 0.055597, 0.639777, 0.0, 0.0, 0.0, 1.0],
                [0.866468, -0.017452, -0.498927, -5e-06, -0.499003, 0.0, -0.8666, 0.400946, 0.015124, 0.999848, -0.008709, 0.665339, 0.0, 0.0, 0.0, 1.0]
            ]
        },
        {
            "name": "Thigh_R",
            "time": [0.0, 0.2, 0.4, 0.5333, 0.5667, 0.6, 0.7, 1.0, 1.2, 1.4, 1.6],
            "transform": [
                [0.991186, 0.056758, -0.119706, 0.124994, 0.111609, 0.129067, 0.985336, -0.00283, 0.071376, -0.99001, 0.121595, -1.2e-05, 0.0, 0.0, 0.0, 1.0],
                [0.982003, -0.163227, -0.095009, 0.124994, 0.084486, -0.070254, 0.993945, -0.002831, -0.168913, -0.984085, -0.055199, -1.2e-05, 0.0, 0.0, 0.0, 1.0],
                [0.995622, 0.084687, -0.039487, 0.124994, 0.089779, -0.749622, 0.655731, -0.002831, 0.025924, -0.656405, -0.753946, -1.2e-05, 0.0, 0.0, 0.0, 1.0],
                [0.971699, 0.210842, 0.10652, 0.124994, 0.137118, -0.870622, 0.472459, -0.00283, 0.192353, -0.444482, -0.874892, -1.2e-05, 0.0, 0.0, 0.0, 1.0],
                [0.915606, 0.303844, 0.263332, 0.124994, 0.109865, -0.819068, 0.563077, -0.002831, 0.386775, -0.486626, -0.783326, -1.2e-05, 0.0, 0.0, 0.0, 1.0],
                [0.796631, 0.306909, 0.520755, 0.124994, 0.276926, -0.951089, 0.136898, -0.002831, 0.5373, 0.035153, -0.842658, -1.2e-05, 0.0, 0.0, 0.0, 1.0],
                [0.80541, 0.310994, 0.504577, 0.124994, 0.262473, -0.950409, 0.166819, -0.002831, 0.531435, -0.001919, -0.847097, -1.2e-05, 0.0, 0.0, 0.0, 1.0],
                [0.839753, 0.339924, 0.423399, 0.126925, 0.289642, -0.940014, 0.180222, 0.000169, 0.459262, -0.028708, -0.887837, -0.002308, 0.0, 0.0, 0.0, 1.0],
                [0.852661, 0.34963, 0.388237, 0.126281, 0.297957, -0.935809, 0.188366, -0.00083, 0.429175, -0.044934, -0.902103, -0.001542, 0.0, 0.0, 0.0, 1.0],
                [0.87817, 0.357126, 0.318244, 0.125638, 0.312339, -0.931985, 0.183977, -0.00183, 0.362301, -0.062163, -0.929986, -0.000777, 0.0, 0.0, 0.0, 1.0],
                [0.898307, 0.363423, 0.246922, 0.124994, 0.326467, -0.92821, 0.178459, -0.002831, 0.294052, -0.079699, -0.952462, -1.2e-05, 0.0, 0.0, 0.0, 1.0]
            ]
        },
        {
            "name": "Leg_R",
            "time": [0.0, 0.2, 0.4, 0.5333, 0.5667, 0.6, 0.7, 1.0, 1.2, 1.4, 1.6],
            "transform": [
                [0.99752, -0.059371, -0.037794, 0.0, 0.022292, -0.242823, 0.969813, 0.37472, -0.066756, -0.968252, -0.240897, 0.0, 0.0, 0.0, 0.0, 1.0],
                [0.99573, -0.090269, -0.019319, -0.0, 0.00877, -0.115825, 0.99323, 0.37472, -0.091896, -0.989158, -0.114539, 0.0, 0.0, 0.0, 0.0, 1.0],
                [0.995786, -0.090927, 0.011952, -0.0, 0.042494, 0.57296, 0.81848, 0.37472, -0.08127, -0.814523, 0.574409, -0.0, 0.0, 0.0, 0.0, 1.0],
                [0.998958, 0.029759, -0.034615, 0.0, 0.01462, 0.509777, 0.860182, 0.37472, 0.043244, -0.859791, 0.508811, -0.0, 0.0, 0.0, 0.0, 1.0],
                [0.999256, -0.017506, -0.034358, -0.0, 0.037424, 0.225517, 0.973519, 0.37472, -0.009294, -0.974082, 0.226004, 0.0, 0.0, 0.0, 0.0, 1.0],
                [0.998311, -0.039916, -0.042208, 0.0, 0.053023, 0.329203, 0.942769, 0.37472, -0.023737, -0.943415, 0.330763, -0.0, 0.0, 0.0, 0.0, 1.0],
                [0.998231, -0.048331, -0.034612, 0.0, 0.053721, 0.484109, 0.873357, 0.37472, -0.025454, -0.873672, 0.485849, -0.0, 0.0, 0.0, 0.0, 1.0],
                [0.998725, -0.020238, -0.046234, -0.0, 0.048899, 0.614727, 0.787223, 0.37472, 0.01249, -0.78848, 0.614933, -0.0, 0.0, 0.0, 0.0, 1.0],
                [0.998134, -0.007095, -0.060655, 0.0, 0.047704, 0.710701, 0.701875, 0.37472, 0.038127, -0.703458, 0.709714, 0.0, 0.0, 0.0, 0.0, 1.0],
                [0.997051, 0.004108, -0.076641, -0.0, 0.043222, 0.795121, 0.604909, 0.37472, 0.063423, -0.606437, 0.792599, 0.0, 0.0, 0.0, 0.0, 1.0],
                [0.995508, 0.013106, -0.093778, -0.0, 0.035592, 0.865958, 0.498851, 0.37472, 0.087746, -0.499947, 0.8616, 0.0, 0.0, 0.0, 0.0, 1.0]
            ]
        },
        {
            "name": "Knee_R",
            "time": [0.0, 1.0, 1.6],
            "transform": [
                [0.999233, -0.03892, -0.004416, 0.0, 0.027946, 0.787358, -0.615864, 0.37472, 0.027447, 0.615267, 0.78784, 0.0, 0.0, 0.0, 0.0, 1.0],
                [0.999664, -0.015462, -0.020791, -0.0, -0.011904, 0.438649, -0.89858, 0.37472, 0.023014, 0.898525, 0.438318, -0.0, 0.0, 0.0, 0.0, 1.0],
                [0.998857, 0.000371, -0.047811, -0.0, -0.046276, 0.258961, -0.964779, 0.37472, 0.012023, 0.965888, 0.258682, 0.0, 0.0, 0.0, 0.0, 1.0]
            ]
        },
        {
            "name": "Thigh_L",
            "time": [0.0, 0.2, 0.4, 0.5333, 0.5667, 0.6, 0.7, 1.0, 1.2, 1.4, 1.6],
            "transform": [
                [0.999062, 0.023774, -0.036201, -0.125006, 0.028355, -0.990869, 0.131812, -0.00283, -0.032736, -0.132715, -0.990612, -1.2e-05, 0.0, 0.0, 0.0, 1.0],
                [0.971818, -0.040314, -0.232257, -0.125006, 0.004867, -0.981626, 0.190752, -0.002831, -0.235679, -0.186507, -0.953765, -1.2e-05, 0.0, 0.0, 0.0, 1.0],
                [0.987091, -0.160019, -0.00669, -0.125006, -0.045236, -0.318629, 0.946798, -0.002831, -0.153637, -0.934274, -0.321754, -1.2e-05, 0.0, 0.0, 0.0, 1.0],
                [0.999902, 0.0136, 0.003011, -0.125006, -0.003145, 0.009828, 0.999946, -0.00283, 0.01357, -0.999858, 0.00987, -1.2e-05, 0.0, 0.0, 0.0, 1.0],
                [0.958785, 0.276179, 0.066754, -0.125006, -0.020063, -0.168545, 0.985489, -0.002831, 0.283423, -0.946211, -0.156058, -1.2e-05, 0.0, 0.0, 0.0, 1.0],
                [0.949411, 0.313003, 0.025433, -0.125006, -0.024114, -0.008084, 0.999676, -0.002831, 0.313107, -0.949717, -0.000127, -1.2e-05, 0.0, 0.0, 0.0, 1.0],
                [0.950804, 0.306895, 0.042264, -0.125006, 0.026272, -0.215813, 0.976081, -0.002831, 0.308676, -0.926951, -0.213259, -1.2e-05, 0.0, 0.0, 0.0, 1.0],
                [0.976851, 0.13747, 0.163903, -0.128868, -0.088618, -0.437308, 0.894935, 0.000169, 0.194703, -0.888743, -0.415002, 0.00458, 0.0, 0.0, 0.0, 1.0],
                [0.990447, -0.0056, 0.137782, -0.125953, -0.111657, -0.618884, 0.777502, 0.003952, 0.080918, -0.785458, -0.613597, 0.007432, 0.0, 0.0, 0.0, 1.0],
                [0.982103, -0.178649, 0.059655, -0.123037, -0.176312, -0.760617, 0.624803, 0.007735, -0.066246, -0.624138, -0.778502, 0.010284, 0.0, 0.0, 0.0, 1.0],
                [0.94263, -0.330104, -0.049806, -0.120122, -0.27321, -0.848537, 0.453149, 0.011518, -0.191849, -0.413544, -0.890044, 0.013136, 0.0, 0.0, 0.0, 1.0]
            ]
        },
        {
            "name": "Leg_L",
            "time": [0.0, 0.2, 0.4, 0.5333, 0.5667, 0.6, 0.7, 1.0, 1.2, 1.4, 1.6],
            "transform": [
                [0.999345, 0.014034, 0.033346, 0.0, -0.036172, 0.368695, 0.928845, 0.37472, 0.000741, -0.929445, 0.36896, -0.0, 0.0, 0.0, 0.0, 1.0],
                [0.999499, 4.7e-05, 0.03167, -0.0, -0.02554, 0.592499, 0.805165, 0.37472, -0.018726, -0.805571, 0.592203, -0.0, 0.0, 0.0, 0.0, 1.0],
                [0.999442, 0.012286, 0.031073, -0.0, -0.021089, -0.489423, 0.871791, 0.37472, 0.025919, -0.87196, -0.48889, 0.0, 0.0, 0.0, 0.0, 1.0],
                [0.999777, -0.00881, 0.019207, 0.0, -0.02033, -0.153222, 0.987984, 0.37472, -0.005762, -0.988152, -0.153367, -0.0, 0.0, 0.0, 0.0, 1.0],
                [0.996795, 0.078238, -0.016655, 0.0, 0.000533, 0.201702, 0.979446, 0.37472, 0.07999, -0.976318, 0.201014, 0.0, 0.0, 0.0, 0.0, 1.0],
                [0.986965, 0.134667, -0.088121, 0.0, -0.02203, 0.65545, 0.754917, 0.37472, 0.159421, -0.743135, 0.649873, 0.0, 0.0, 0.0, 0.0, 1.0],
                [0.986982, 0.109323, -0.117968, 0.0, -0.022596, 0.820451, 0.571271, 0.37472, 0.15924, -0.561169, 0.812239, -0.0, 0.0, 0.0, 0.0, 1.0],
                [0.993842, 0.078004, -0.0787, 0.0, -0.019587, 0.822727, 0.5681, 0.37472, 0.109062, -0.56306, 0.819188, 0.0, 0.0, 0.0, 0.0, 1.0],
                [0.997184, 0.056822, -0.048946, -0.0, -0.02214, 0.846602, 0.531766, 0.37472, 0.071654, -0.529185, 0.845476, -0.0, 0.0, 0.0, 0.0, 1.0],
                [0.999153, 0.036882, -0.018226, 0.0, -0.023057, 0.868935, 0.494388, 0.37472, 0.034072, -0.493549, 0.86905, 0.0, 0.0, 0.0, 0.0, 1.0],
                [0.999744, 0.018278, 0.013308, 0.0, -0.022337, 0.889621, 0.45615, 0.37472, -0.003501, -0.456331, 0.889802, 0.0, 0.0, 0.0, 0.0, 1.0]
            ]
        },
        {
            "name": "Knee_L",
            "time": [0.0, 1.0, 1.6],
            "transform": [
                [0.999821, 0.012146, 0.014516, 0.0, 0.005188, 0.561708, -0.827319, 0.37472, -0.018203, 0.827247, 0.561545, -0.0, 0.0, 0.0, 0.0, 1.0],
                [0.998424, 0.033068, -0.045352, 0.0, -0.053124, 0.295974, -0.953718, 0.37472, -0.018114, 0.954624, 0.297263, 0.0, 0.0, 0.0, 0.0, 1.0],
                [0.999935, 0.009932, 0.005564, 0.0, 0.003078, 0.234715, -0.97206, 0.37472, -0.010961, 0.972014, 0.234669, 0.0, 0.0, 0.0, 0.0, 1.0]
            ]
        },
        {
            "name": "Torso",
            "time": [0.0, 0.2, 0.4, 0.5333, 0.5667, 0.6, 0.7, 1.0, 1.2, 1.4, 1.6],
            "transform": [
                [0.97793, 0.003772, -0.208901, 0.0, -0.066965, 0.95275, -0.296281, 0.05, 0.197912, 0.303732, 0.931975, -0.0, 0.0, 0.0, 0.0, 1.0],
                [0.694176, -0.199109, 0.691719, 0.0, 0.396169, 0.908018, -0.136207, 0.05, -0.600974, 0.36859, 0.709205, 0.0, 0.0, 0.0, 0.0, 1.0],
                [0.994373, -0.096685, -0.043301, -0.0, 0.097781, 0.99492, 0.023934, 0.05, 0.040767, -0.028033, 0.998775, 0.0, 0.0, 0.0, 0.0, 1.0],
                [0.977585, -0.190741, -0.089135, -0.0, 0.195083, 0.979854, 0.042767, 0.05, 0.079182, -0.059197, 0.995101, 0.0, 0.0, 0.0, 0.0, 1.0],
                [0.991185, -0.10447, -0.081472, 0.0, 0.122271, 0.958117, 0.258962, 0.05, 0.051006, -0.266641, 0.962445, 0.0, 0.0, 0.0, 0.0, 1.0],
                [0.987836, 0.154739, 0.015368, -0.0, -0.153245, 0.95198, 0.265048, 0.05, 0.026383, -0.264179, 0.964113, 0.0, 0.0, 0.0, 0.0, 1.0],
                [0.989463, 0.13336, 0.056371, -0.0, -0.140543, 0.978238, 0.15264, 0.05, -0.034788, -0.158954, 0.986673, 0.0, 0.0, 0.0, 0.0, 1.0],
                [0.997012, 0.068574, 0.035574, -0.0, -0.07004, 0.996671, 0.041736, 0.05, -0.032593, -0.044103, 0.998495, -0.0, 0.0, 0.0, 0.0, 1.0],
                [0.995527, 0.00954, -0.093994, 0.0, 0.015091, 0.966058, 0.257885, 0.05, 0.093264, -0.258149, 0.961593, 0.0, 0.0, 0.0, 0.0, 1.0],
                [0.997858, -0.009212, -0.064775, -0.0, 0.021666, 0.980703, 0.194299, 0.05, 0.061735, -0.195286, 0.978801, -0.0, 0.0, 0.0, 0.0, 1.0],
                [0.99907, -0.025971, -0.034436, 0.0, 0.030253, 0.99101, 0.130326, 0.05, 0.030741, -0.131246, 0.990873, 0.0, 0.0, 0.0, 0.0, 1.0]
            ]
        },
        {
            "name": "Chest",
            "time": [0.0, 0.2, 0.4, 0.5333, 0.5667, 0.6, 0.7, 1.0, 1.2, 1.4, 1.6],
            "transform": [
                [0.949358, 0.28399, -0.134426, 0.0, -0.197383, 0.871932, 0.448078, 0.3, 0.24446, -0.398853, 0.88383, -0.0, 0.0, 0.0, 0.0, 1.0],
                [0.249318, 0.606895, -0.754665, 0.0, -0.235057, 0.793894, 0.560786, 0.3, 0.939462, 0.037575, 0.340586, -0.0, 0.0, 0.0, 0.0, 1.0],
                [0.487703, -0.044666, -0.871866, 0.0, -0.254651, 0.947981, -0.191012, 0.3, 0.835044, 0.315179, 0.450959, 0.0, 0.0, 0.0, 0.0, 1.0],
                [0.866371, -0.087409, -0.491693, -0.0, -0.114513, 0.92356, -0.365957, 0.3, 0.486096, 0.373359, 0.790136, 0.0, 0.0, 0.0, 0.0, 1.0],
                [0.987637, 0.089509, -0.128688, 0.0, -0.045207, 0.948703, 0.312919, 0.3, 0.150095, -0.303233, 0.941021, 0.0, 0.0, 0.0, 0.0, 1.0],
                [0.937437, 0.242903, 0.249421, -0.0, -0.323618, 0.872128, 0.366966, 0.3, -0.12839, -0.424724, 0.896173, 0.0, 0.0, 0.0, 0.0, 1.0],
                [0.956003, 0.207483, 0.207388, 0.0, -0.266052, 0.911053, 0.314957, 0.3, -0.123593, -0.356276, 0.926171, -0.0, 0.0, 0.0, 0.0, 1.0],
                [0.987358, 0.151482, 0.04667, -0.0, -0.158439, 0.934515, 0.318715, 0.3, 0.004666, -0.32208, 0.946701, 0.0, 0.0, 0.0, 0.0, 1.0],
                [0.773286, 0.095101, -0.626885, 0.0, 0.025926, 0.983118, 0.181124, 0.3, 0.633527, -0.156313, 0.757766, 0.0, 0.0, 0.0, 0.0, 1.0],
                [0.473654, 0.042219, -0.879699, 0.0, 0.052886, 0.995685, 0.07626, 0.3, 0.879122, -0.082644, 0.469377, 0.0, 0.0, 0.0, 0.0, 1.0],
                [0.911735, -0.000276, -0.410779, 0.0, 0.001391, 0.999996, 0.002416, 0.3, 0.410777, -0.002775, 0.911732, 0.0, 0.0, 0.0, 0.0, 1.0]
            ]
        },
        {
            "name": "Head",
            "time": [0.0, 0.2, 0.4, 0.5333, 0.5667, 0.6, 0.7, 1.0, 1.2, 1.4, 1.6],
            "transform": [
                [0.410936, -0.221338, 0.884388, -0.0, -0.034574, 0.965599, 0.257728, 0.4, -0.911009, -0.136486, 0.389146, 0.0, 0.0, 0.0, 0.0, 1.0],
                [0.695518, 0.006057, 0.718483, 0.0, -0.117105, 0.987549, 0.105037, 0.4, -0.708902, -0.157193, 0.687567, 0.0, 0.0, 0.0, 0.0, 1.0],
                [0.200088, -0.067331, 0.977462, 0.0, -0.365234, 0.920603, 0.138179, 0.4, -0.909158, -0.38465, 0.15961, 0.0, 0.0, 0.0, 0.0, 1.0],
                [0.957104, 0.019095, 0.289115, 0.0, -0.078239, 0.977792, 0.194427, 0.400001, -0.278982, -0.208706, 0.937342, 0.0, 0.0, 0.0, 0.0, 1.0],
                [0.94657, 0.098722, -0.307016, 0.0, -0.262691, 0.788268, -0.556441, 0.4, 0.187078, 0.607361, 0.772084, 0.0, 0.0, 0.0, 0.0, 1.0],
                [0.630294, -0.439887, -0.63971, -0.0, -0.232553, 0.679179, -0.696157, 0.4, 0.740708, 0.58755, 0.325785, -0.0, 0.0, 0.0, 0.0, 1.0],
                [0.5708, -0.320052, -0.756144, 0.0, -0.188155, 0.845414, -0.499872, 0.4, 0.799241, 0.427599, 0.422343, -0.0, 0.0, 0.0, 0.0, 1.0],
                [0.882826, -0.235124, -0.406613, 0.0, 0.057984, 0.913623, -0.402407, 0.4, 0.466107, 0.331679, 0.820204, 0.0, 0.0, 0.0, 0.0, 1.0],
                [0.628232, 0.119069, 0.768861, 0.0, 0.20314, 0.928838, -0.309829, 0.400001, -0.751038, 0.350831, 0.559338, -0.0, 0.0, 0.0, 0.0, 1.0],
                [0.05991, 0.165775, 0.984342, -0.0, 0.154457, 0.972698, -0.173215, 0.400001, -0.986181, 0.162416, 0.03267, 0.0, 0.0, 0.0, 0.0, 1.0],
                [0.553143, 0.082744, 0.828967, 0.0, 0.00291, 0.994857, -0.101244, 0.4, -0.833081, 0.058415, 0.550058, 0.0, 0.0, 0.0, 0.0, 1.0]
            ]
        },
        {
            "name": "Shoulder_R",
            "time": [0.0, 0.2, 0.4, 0.5333, 0.5667, 0.6, 0.7, 1.0, 1.2, 1.4, 1.6],
            "transform": [
                [-0.090772, 0.904215, 0.41732, -0.0, 0.024305, -0.416913, 0.908621, 0.4, 0.995575, 0.09262, 0.015867, 0.0, 0.0, 0.0, 0.0, 1.0],
                [-0.090772, 0.904214, 0.41732, 0.0, 0.024305, -0.416913, 0.908621, 0.4, 0.995575, 0.09262, 0.015867, 0.0, 0.0, 0.0, 0.0, 1.0],
                [-0.070111, 0.992698, 0.098153, 0.0, 0.018772, -0.097064, 0.995101, 0.4, 0.997363, 0.07161, -0.01183, 0.0, 0.0, 0.0, 0.0, 1.0],
                [0.482982, 0.863465, 0.145451, 0.0, -0.129339, -0.093938, 0.987141, 0.400001, 0.866026, -0.495583, 0.06631, 0.0, 0.0, 0.0, 0.0, 1.0],
                [0.221522, 0.96879, 0.111236, 0.0, -0.059324, -0.10047, 0.99317, 0.4, 0.973349, -0.226608, 0.035216, 0.0, 0.0, 0.0, 0.0, 1.0],
                [-0.08132, 0.991443, 0.102109, -0.0, 0.021774, -0.100656, 0.994683, 0.4, 0.99645, 0.083111, -0.013402, -0.0, 0.0, 0.0, 0.0, 1.0],
                [-0.08132, 0.991443, 0.102109, 0.0, 0.021774, -0.100656, 0.994683, 0.4, 0.99645, 0.083111, -0.013402, -0.0, 0.0, 0.0, 0.0, 1.0],
                [-0.037403, 0.977159, 0.209193, 0.0, 0.010013, -0.208963, 0.977873, 0.4, 0.999251, 0.03867, -0.001969, 0.0, 0.0, 0.0, 0.0, 1.0],
                [-0.001043, 0.956307, 0.292365, 0.0, 0.000276, -0.292365, 0.956308, 0.400001, 1.0, 0.001078, 4.1e-05, -0.0, 0.0, 0.0, 0.0, 1.0],
                [0.036759, 0.926752, 0.373874, -0.0, -0.009847, -0.373773, 0.927469, 0.400001, 0.999277, -0.037774, -0.004614, 0.0, 0.0, 0.0, 0.0, 1.0],
                [0.075492, 0.903463, 0.42197, 0.0, -0.020219, -0.421703, 0.90651, 0.4, 0.996943, -0.076966, -0.013568, 0.0, 0.0, 0.0, 0.0, 1.0]
            ]
        },
        {
            "name": "Arm_R",
            "time": [0.0, 0.2, 0.4, 0.5333, 0.5667, 0.6, 0.7, 1.0, 1.2, 1.4, 1.6],
            "transform": [
                [0.331381, -0.745977, 0.577671, -0.0, 0.020022, 0.617688, 0.786168, 0.388213, -0.943285, -0.248955, 0.219626, 1e-06, 0.0, 0.0, 0.0, 1.0],
                [-0.188115, -0.813926, 0.54967, -0.0, -0.12728, 0.575145, 0.808088, 0.388213, -0.973865, 0.082052, -0.211789, 0.0, 0.0, 0.0, 0.0, 1.0],
                [0.14407, -0.921464, 0.360761, -0.0, 0.334, 0.388451, 0.858807, 0.388213, -0.931498, -0.003234, 0.363733, 1e-06, 0.0, 0.0, 0.0, 1.0],
                [0.249318, -0.481371, 0.84031, -0.0, 0.835934, 0.54506, 0.064218, 0.388213, -0.488933, 0.686433, 0.538288, 1e-06, 0.0, 0.0, 0.0, 1.0],
                [0.08032, -0.791369, 0.606037, -0.0, 0.928604, 0.280385, 0.243059, 0.388213, -0.362274, 0.543247, 0.757389, 0.0, 0.0, 0.0, 0.0, 1.0],
                [0.513415, -0.807424, -0.290637, -0.0, 0.816336, 0.35512, 0.455506, 0.388213, -0.264576, -0.471121, 0.841453, 0.0, 0.0, 0.0, 0.0, 1.0],
                [0.606507, -0.742807, -0.283524, -0.0, 0.740772, 0.398401, 0.540863, 0.388213, -0.288801, -0.538064, 0.791884, 1e-06, 0.0, 0.0, 0.0, 1.0],
                [0.314265, -0.624759, -0.714781, -0.0, 0.932366, 0.344845, 0.108515, 0.388213, 0.178693, -0.700539, 0.690877, 0.0, 0.0, 0.0, 0.0, 1.0],
                [-0.458318, -0.532463, -0.711636, -0.0, 0.695271, 0.283987, -0.660264, 0.388213, 0.553663, -0.79739, 0.24005, 0.0, 0.0, 0.0, 0.0, 1.0],
                [-0.077974, -0.473881, -0.877129, -0.0, 0.937485, 0.26447, -0.226223, 0.388213, 0.339178, -0.839934, 0.423635, 0.0, 0.0, 0.0, 0.0, 1.0],
                [0.332174, -0.43367, -0.837609, 0.0, 0.940991, 0.213345, 0.262714, 0.388213, 0.064768, -0.875448, 0.478949, 0.0, 0.0, 0.0, 0.0, 1.0]
            ]
        },
        {
            "name": "Hand_R",
            "time": [0.0, 0.2, 0.4, 0.5333, 0.5667, 0.6, 0.7, 1.0, 1.2, 1.4, 1.6],
            "transform": [
                [0.810861, -0.392988, 0.433665, 0.0, 0.477835, 0.872405, -0.102875, 0.329779, -0.337903, 0.290638, 0.895182, 0.0, 0.0, 0.0, 0.0, 1.0],
                [0.813891, -0.362404, 0.454141, -0.0, 0.473584, 0.86661, -0.157184, 0.329779, -0.336599, 0.343005, 0.876954, 0.0, 0.0, 0.0, 0.0, 1.0],
                [0.608711, -0.562954, 0.559066, 0.0, 0.607584, 0.783904, 0.127818, 0.329779, -0.51021, 0.261876, 0.819211, 0.0, 0.0, 0.0, 0.0, 1.0],
                [0.988707, -0.149413, -0.011579, -0.0, 0.105045, 0.746073, -0.657527, 0.329779, 0.106882, 0.648885, 0.753342, 0.0, 0.0, 0.0, 0.0, 1.0],
                [0.99909, -0.037251, -0.020771, 0.0, 0.033999, 0.989644, -0.139458, 0.329779, 0.02575, 0.138625, 0.99001, 0.0, 0.0, 0.0, 0.0, 1.0],
                [0.993472, -0.100876, -0.053268, -0.0, 0.099122, 0.994473, -0.03462, 0.329779, 0.056466, 0.029114, 0.99798, 0.0, 0.0, 0.0, 0.0, 1.0],
                [0.991013, -0.109098, -0.0774, -0.0, 0.097915, 0.985868, -0.135936, 0.329779, 0.091136, 0.127135, 0.987689, -0.0, 0.0, 0.0, 0.0, 1.0],
                [0.991581, -0.053929, -0.117721, 0.0, 0.027748, 0.976521, -0.213628, 0.329779, 0.126477, 0.208563, 0.969796, 0.0, 0.0, 0.0, 0.0, 1.0],
                [0.998071, -0.007651, 0.061614, 0.0, 0.019541, 0.980653, -0.194772, 0.329779, -0.058932, 0.1956, 0.978912, 0.0, 0.0, 0.0, 0.0, 1.0],
                [0.647014, 0.010608, 0.762405, -0.0, 0.128936, 0.98398, -0.123112, 0.329779, -0.751497, 0.177957, 0.635282, -0.0, 0.0, 0.0, 0.0, 1.0],
                [7.1e-05, 0.01149, 0.999935, 0.0, 0.155788, 0.987724, -0.011361, 0.329779, -0.987791, 0.155778, -0.00172, 0.0, 0.0, 0.0, 0.0, 1.0]
            ]
        },
        {
            "name": "Tool_R",
            "time": [0.0, 0.2, 0.4, 0.5333, 0.5667, 0.6, 0.7, 1.0, 1.2, 1.4, 1.6],
            "transform": [
                [1.0, 0.0, 0.0, -0.02, 0.0, -0.888323, 0.45922, 0.291425, 0.0, -0.459221, -0.888323, 0.0, 0.0, 0.0, 0.0, 1.0],
                [1.0, 0.0, 0.0, -0.02, 0.0, -0.795084, 0.606499, 0.291425, 0.0, -0.606499, -0.795084, 0.0, 0.0, 0.0, 0.0, 1.0],
                [1.0, 0.0, -0.0, -0.02, 0.0, -0.891184, 0.453643, 0.291425, 0.0, -0.453643, -0.891184, -0.0, 0.0, 0.0, 0.0, 1.0],
                [1.0, 0.0, -0.0, -0.02, 0.0, -0.998766, -0.049674, 0.291425, -0.0, 0.049674, -0.998766, -0.0, 0.0, 0.0, 0.0, 1.0],
                [1.0, 0.0, -0.0, -0.02, 0.0, -0.660058, -0.751214, 0.291425, -0.0, 0.751215, -0.660058, -0.0, 0.0, 0.0, 0.0, 1.0],
                [1.0, 1e-06, -0.0, -0.02, 1e-06, -0.998455, 0.055566, 0.291425, -0.0, -0.055566, -0.998455, -0.0, 0.0, 0.0, 0.0, 1.0],
                [1.0, 1e-06, 0.0, -0.02, 1e-06, -0.978395, -0.206746, 0.291425, -0.0, 0.206746, -0.978395, 0.0, 0.0, 0.0, 0.0, 1.0],
                [0.999908, -0.012675, -0.004879, -0.02, -0.013344, -0.849862, -0.526837, 0.291425, 0.002531, 0.526854, -0.849953, -0.0, 0.0, 0.0, 0.0, 1.0],
                [0.999559, -0.024386, -0.016997, -0.020658, -0.029692, -0.845663, -0.532891, 0.276443, -0.001379, 0.53316, -0.846014, -0.000314, 0.0, 0.0, 0.0, 1.0],
                [0.999284, -0.024566, -0.028784, -0.020988, -0.037543, -0.738917, -0.67275, 0.268952, -0.004742, 0.673349, -0.73931, -0.00047, 0.0, 0.0, 0.0, 1.0],
                [0.998991, -0.044649, -0.004885, -0.021317, -0.043683, -0.991115, 0.125633, 0.261461, -0.010451, -0.125293, -0.992065, -0.000627, 0.0, 0.0, 0.0, 1.0]
            ]
        },
        {
            "name": "Elbow_R",
            "time": [0.0, 1.0, 1.6],
            "transform": [
                [-1.0, -0.0, -0.0, 0.0, 1e-06, 0.156322, -0.987706, 0.329779, 0.0, -0.987706, -0.156323, 0.0, 0.0, 0.0, 0.0, 1.0],
                [-1.0, -3e-06, -1e-06, 0.0, 0.0, 0.105718, -0.994396, 0.329779, 3e-06, -0.994396, -0.105718, 0.0, 0.0, 0.0, 0.0, 1.0],
                [-0.999999, 0.0, -0.0, 0.0, 1e-06, 0.710999, -0.703194, 0.329779, 0.0, -0.703193, -0.710998, 0.0, 0.0, 0.0, 0.0, 1.0]
            ]
        },
        {
            "name": "Shoulder_L",
            "time": [0.0, 0.2, 0.4, 0.5333, 0.5667, 0.6, 0.7, 1.0, 1.2, 1.4, 1.6],
            "transform": [
                [0.482983, -0.778923, -0.400009, -0.0, 0.129337, -0.388353, 0.912389, 0.4, -0.866025, -0.492404, -0.086824, 0.0, 0.0, 0.0, 0.0, 1.0],
                [0.482983, -0.778923, -0.400009, 0.0, 0.129337, -0.388353, 0.912389, 0.4, -0.866025, -0.492404, -0.086824, 0.0, 0.0, 0.0, 0.0, 1.0],
                [0.482983, -0.778922, -0.400009, 0.0, 0.129337, -0.388353, 0.912389, 0.4, -0.866025, -0.492404, -0.086824, 0.0, 0.0, 0.0, 0.0, 1.0],
                [0.482983, -0.868759, -0.109478, 0.0, 0.129337, -0.052877, 0.99019, 0.400001, -0.866025, -0.492404, 0.086824, 0.0, 0.0, 0.0, 0.0, 1.0],
                [0.482983, -0.868759, -0.109478, 0.0, 0.129337, -0.052877, 0.99019, 0.4, -0.866025, -0.492404, 0.086824, 0.0, 0.0, 0.0, 0.0, 1.0],
                [0.482983, -0.825843, -0.29105, -0.0, 0.129337, -0.26146, 0.95651, 0.4, -0.866025, -0.499621, -0.019469, -0.0, 0.0, 0.0, 0.0, 1.0],
                [0.482983, -0.825843, -0.29105, 0.0, 0.129337, -0.26146, 0.95651, 0.4, -0.866025, -0.499621, -0.019469, -0.0, 0.0, 0.0, 0.0, 1.0],
                [0.482983, -0.778922, -0.400009, 0.0, 0.129337, -0.388353, 0.912389, 0.4, -0.866025, -0.492404, -0.086824, 0.0, 0.0, 0.0, 0.0, 1.0],
                [0.482983, -0.778922, -0.400009, 0.0, 0.129337, -0.388352, 0.912389, 0.400001, -0.866025, -0.492404, -0.086824, -0.0, 0.0, 0.0, 0.0, 1.0],
                [0.482983, -0.778922, -0.400009, -0.0, 0.129337, -0.388352, 0.912389, 0.400001, -0.866025, -0.492404, -0.086824, 0.0, 0.0, 0.0, 0.0, 1.0],
                [0.482983, -0.792934, -0.37146, 0.0, 0.129337, -0.354965, 0.92589, 0.4, -0.866025, -0.495232, -0.068887, 0.0, 0.0, 0.0, 0.0, 1.0]
            ]
        },
        {
            "name": "Arm_L",
            "time": [0.0, 0.2, 0.4, 0.5333, 0.5667, 0.6, 0.7, 1.0, 1.2, 1.4, 1.6],
            "transform": [
                [-0.133612, 0.583849, -0.800793, -0.0, 0.553238, -0.626469, -0.549058, 0.388212, -0.822239, -0.516389, -0.239303, 1e-06, 0.0, 0.0, 0.0, 1.0],
                [-0.006862, 0.589018, -0.808091, -0.0, 0.249887, -0.781462, -0.57173, 0.388212, -0.968251, -0.205854, -0.141825, 1e-06, 0.0, 0.0, 0.0, 1.0],
                [0.074134, 0.781345, -0.619681, -0.0, 0.305608, -0.609294, -0.731686, 0.388212, -0.949267, -0.135137, -0.283955, 1e-06, 0.0, 0.0, 0.0, 1.0],
                [0.44054, 0.747924, -0.496522, 0.0, -0.21907, -0.446801, -0.867397, 0.388212, -0.870594, 0.490896, -0.032986, 1e-06, 0.0, 0.0, 0.0, 1.0],
                [-0.336319, 0.84143, -0.422949, -0.0, 0.39228, -0.283124, -0.87519, 0.388212, -0.856158, -0.460257, -0.234855, 1e-06, 0.0, 0.0, 0.0, 1.0],
                [-0.562565, 0.47268, -0.678303, 0.0, 0.597948, -0.333965, -0.728647, 0.388212, -0.570946, -0.815501, -0.09476, 1e-06, 0.0, 0.0, 0.0, 1.0],
                [-0.562565, 0.47268, -0.678303, -0.0, 0.597948, -0.333965, -0.728647, 0.388212, -0.570946, -0.815501, -0.09476, 1e-06, 0.0, 0.0, 0.0, 1.0],
                [-0.928179, 0.319406, -0.190957, 0.0, -0.043584, -0.602911, -0.796618, 0.388212, -0.369574, -0.731081, 0.57353, 1e-06, 0.0, 0.0, 0.0, 1.0],
                [-0.894826, 0.407124, -0.183133, -0.0, 0.008805, -0.394054, -0.919045, 0.388212, -0.446329, -0.823998, 0.349025, 1e-06, 0.0, 0.0, 0.0, 1.0],
                [-0.858645, 0.489816, -0.151026, -0.0, 0.080933, -0.16139, -0.983566, 0.388212, -0.50614, -0.856758, 0.098934, 1e-06, 0.0, 0.0, 0.0, 1.0],
                [-0.82332, 0.559068, -0.09791, -0.0, 0.165454, 0.071395, -0.983629, 0.388212, -0.542925, -0.826042, -0.151281, 1e-06, 0.0, 0.0, 0.0, 1.0]
            ]
        },
        {
            "name": "Hand_L",
            "time": [0.0, 0.2, 0.4, 0.5333, 0.5667, 0.6, 0.7, 1.0, 1.2, 1.4, 1.6],
            "transform": [
                [0.995233, -0.096425, 0.014621, 0.0, 0.096685, 0.995147, -0.01827, 0.329779, -0.012788, 0.019596, 0.999726, 0.0, 0.0, 0.0, 0.0, 1.0],
                [0.995233, -0.096425, 0.014621, 0.0, 0.096685, 0.995147, -0.01827, 0.329779, -0.012788, 0.019596, 0.999726, -0.0, 0.0, 0.0, 0.0, 1.0],
                [0.995233, -0.096425, 0.014621, 0.0, 0.096685, 0.995147, -0.01827, 0.329779, -0.012788, 0.019596, 0.999726, -0.0, 0.0, 0.0, 0.0, 1.0],
                [0.995233, -0.096425, 0.014621, -0.0, 0.096685, 0.995147, -0.01827, 0.329779, -0.012788, 0.019596, 0.999726, 0.0, 0.0, 0.0, 0.0, 1.0],
                [0.995233, -0.096425, 0.014621, 0.0, 0.096685, 0.995147, -0.01827, 0.329779, -0.012788, 0.019596, 0.999726, -0.0, 0.0, 0.0, 0.0, 1.0],
                [0.995233, -0.096425, 0.014621, -0.0, 0.096685, 0.995148, -0.01827, 0.329779, -0.012788, 0.019596, 0.999726, -0.0, 0.0, 0.0, 0.0, 1.0],
                [0.995233, -0.096425, 0.014621, 0.0, 0.096685, 0.995148, -0.01827, 0.329779, -0.012788, 0.019596, 0.999726, 0.0, 0.0, 0.0, 0.0, 1.0],
                [0.995233, -0.096425, 0.014621, 0.0, 0.096685, 0.995147, -0.01827, 0.329779, -0.012788, 0.019596, 0.999726, -0.0, 0.0, 0.0, 0.0, 1.0],
                [0.99687, -0.076695, 0.019167, -0.0, 0.077596, 0.995641, -0.05176, 0.329779, -0.015114, 0.053085, 0.998475, -0.0, 0.0, 0.0, 0.0, 1.0],
                [0.99812, -0.056786, 0.023048, 0.0, 0.058557, 0.994635, -0.085286, 0.329779, -0.018082, 0.086475, 0.996089, 0.0, 0.0, 0.0, 0.0, 1.0],
                [0.99898, -0.036744, 0.026255, 0.0, 0.039614, 0.992131, -0.118773, 0.329779, -0.021684, 0.119692, 0.992574, -0.0, 0.0, 0.0, 0.0, 1.0]
            ]
        },
        {
            "name": "Tool_L",
            "time": [0.0, 0.2, 0.4, 0.5333, 0.5667, 0.6, 0.7, 1.0, 1.2, 1.4, 1.6],
            "transform": [
                [1.0, 0.0, 0.0, 0.02, 0.0, -1.0, -0.0, 0.291426, 0.0, 0.0, -1.0, -0.0, 0.0, 0.0, 0.0, 1.0],
                [1.0, 0.0, 0.0, 0.02, 0.0, -1.0, 0.0, 0.291426, 0.0, 0.0, -1.0, -0.0, 0.0, 0.0, 0.0, 1.0],
                [1.0, 0.0, 0.0, 0.02, 0.0, -1.0, -0.0, 0.291426, 0.0, 0.0, -1.0, 0.0, 0.0, 0.0, 0.0, 1.0],
                [1.0, 0.0, 0.0, 0.02, 0.0, -1.0, 0.0, 0.291426, 0.0, -0.0, -1.0, -0.0, 0.0, 0.0, 0.0, 1.0],
                [1.0, 0.0, 0.0, 0.02, 0.0, -1.0, -0.0, 0.291426, 0.0, -0.0, -1.0, -0.0, 0.0, 0.0, 0.0, 1.0],
                [1.0, 0.0, 0.0, 0.02, 0.0, -1.0, 0.0, 0.291426, 0.0, 0.0, -1.0, -0.0, 0.0, 0.0, 0.0, 1.0],
                [1.0, 0.0, 0.0, 0.02, 0.0, -1.0, 0.0, 0.291426, 0.0, 0.0, -1.0, -0.0, 0.0, 0.0, 0.0, 1.0],
                [1.0, 0.0, 0.0, 0.02, 0.0, -1.0, 0.0, 0.291426, 0.0, -0.0, -1.0, -0.0, 0.0, 0.0, 0.0, 1.0],
                [1.0, 0.0, 0.0, 0.02, 0.0, -1.0, -0.0, 0.291426, 0.0, -0.0, -1.0, -0.0, 0.0, 0.0, 0.0, 1.0],
                [1.0, 0.0, 0.0, 0.02, 0.0, -1.0, -0.0, 0.291426, 0.0, -0.0, -1.0, -0.0, 0.0, 0.0, 0.0, 1.0],
                [1.0, 0.0, 0.0, 0.02, 0.0, -1.0, -0.0, 0.291426, 0.0, 0.0, -1.0, -0.0, 0.0, 0.0, 0.0, 1.0]
            ]
        },
        {
            "name": "Elbow_L",
            "time": [0.0, 1.0, 1.6],
            "transform": [
                [-0.99997, 1e-06, -2.3e-05, 0.0, -1e-05, 0.009778, -0.999933, 0.329779, -2e-05, -0.999916, -0.009803, 0.0, 0.0, 0.0, 0.0, 1.0],
                [-0.999973, -2.3e-05, 5e-06, 0.0, 2e-05, 0.009799, -0.999942, 0.329779, 1.4e-05, -0.999922, -0.00978, -0.0, 0.0, 0.0, 0.0, 1.0],
                [-1.0, 0.0, -0.0, 0.0, 0.0, 0.059968, -0.9982, 0.329779, 0.0, -0.9982, -0.059968, -0.0, 0.0, 0.0, 0.0, 1.0]
            ]
        }
    ]
}