{

    "animation": [
        {
            "name": "Root",
            "time": [0.0, 0.0833, 0.1667, 0.2833],
            "transform": [
                [0.995984, -0.0003, -0.089526, -5e-06, -0.08947, 0.032287, -0.995466, 0.000946, 0.00319, 0.999479, 0.03213, 0.759959, 0.0, 0.0, 0.0, 1.0],
                [0.995984, -0.0003, -0.089526, -5e-06, -0.08947, 0.032287, -0.995466, 0.000946, 0.00319, 0.999479, 0.03213, 0.759959, 0.0, 0.0, 0.0, 1.0],
                [0.995984, -0.0003, -0.089526, -5e-06, -0.08947, 0.032287, -0.995466, 0.000946, 0.00319, 0.999479, 0.03213, 0.759959, 0.0, 0.0, 0.0, 1.0],
                [0.995984, -0.0003, -0.089526, -5e-06, -0.08947, 0.032287, -0.995466, 0.000946, 0.00319, 0.999479, 0.03213, 0.759959, 0.0, 0.0, 0.0, 1.0]
            ]
        },
        {
            "name": "Thigh_R",
            "time": [0.0, 0.0833, 0.1667, 0.2833],
            "transform": [
                [0.994533, 0.070982, 0.076579, 0.124994, 0.065164, -0.994976, 0.07597, -0.002831, 0.081587, -0.070564, -0.994165, -1.2e-05, 0.0, 0.0, 0.0, 1.0],
                [0.99456, 0.070959, 0.076257, 0.124994, 0.065166, -0.994977, 0.075948, -0.002831, 0.081264, -0.070565, -0.994191, -1.2e-05, 0.0, 0.0, 0.0, 1.0],
                [0.994593, 0.07093, 0.07585, 0.124994, 0.065168, -0.994979, 0.075922, -0.002831, 0.080854, -0.070568, -0.994225, -1.2e-05, 0.0, 0.0, 0.0, 1.0],
                [0.994549, 0.070968, 0.076387, 0.124994, 0.065165, -0.994977, 0.075957, -0.002831, 0.081394, -0.070565, -0.994181, -1.2e-05, 0.0, 0.0, 0.0, 1.0]
            ]
        },
        {
            "name": "Leg_R",
            "time": [0.0, 0.0833, 0.1667, 0.2833],
            "transform": [
                [0.999962, -0.008679, -0.001157, 0.0, 0.008723, 0.97589, 0.218092, 0.37472, -0.000763, -0.218094, 0.975927, -0.0, 0.0, 0.0, 0.0, 1.0],
                [0.999962, -0.008679, -0.001158, -0.0, 0.008723, 0.97589, 0.218091, 0.37472, -0.000763, -0.218094, 0.975927, -0.0, 0.0, 0.0, 0.0, 1.0],
                [0.999962, -0.008679, -0.001157, 0.0, 0.008723, 0.97589, 0.218092, 0.37472, -0.000763, -0.218094, 0.975927, 0.0, 0.0, 0.0, 0.0, 1.0],
                [0.999962, -0.008679, -0.001158, 0.0, 0.008723, 0.97589, 0.218092, 0.37472, -0.000763, -0.218094, 0.975927, -0.0, 0.0, 0.0, 0.0, 1.0]
            ]
        },
        {
            "name": "Knee_R",
            "time": [0.0, 0.0833, 0.1667, 0.2833],
            "transform": [
                [0.99999, -0.004371, -0.000345, 0.0, 0.000136, 0.109711, -0.993963, 0.37472, 0.004382, 0.993954, 0.109711, -0.0, 0.0, 0.0, 0.0, 1.0],
                [0.999991, -0.004371, -0.000345, -0.0, 0.000136, 0.109711, -0.993964, 0.37472, 0.004382, 0.993954, 0.109711, -0.0, 0.0, 0.0, 0.0, 1.0],
                [0.99999, -0.004371, -0.000345, 0.0, 0.000136, 0.109711, -0.993963, 0.37472, 0.004383, 0.993954, 0.109711, 0.0, 0.0, 0.0, 0.0, 1.0],
                [0.999991, -0.004371, -0.000345, 0.0, 0.000136, 0.109711, -0.993964, 0.37472, 0.004382, 0.993954, 0.109711, -0.0, 0.0, 0.0, 0.0, 1.0]
            ]
        },
        {
            "name": "Thigh_L",
            "time": [0.0, 0.0833, 0.1667, 0.2833],
            "transform": [
                [0.997137, -0.065115, -0.038437, -0.125006, -0.056229, -0.978421, 0.198816, -0.002831, -0.050553, -0.196085, -0.979284, -1.2e-05, 0.0, 0.0, 0.0, 1.0],
                [0.99712, -0.065178, -0.038754, -0.125006, -0.056228, -0.978418, 0.198834, -0.002831, -0.050878, -0.196082, -0.979267, -1.2e-05, 0.0, 0.0, 0.0, 1.0],
                [0.997099, -0.065259, -0.039156, -0.125006, -0.056227, -0.978413, 0.198857, -0.002831, -0.051288, -0.196078, -0.979247, -1.2e-05, 0.0, 0.0, 0.0, 1.0],
                [0.997127, -0.065153, -0.038626, -0.125006, -0.056228, -0.978419, 0.198827, -0.002831, -0.050747, -0.196083, -0.979274, -1.2e-05, 0.0, 0.0, 0.0, 1.0]
            ]
        },
        {
            "name": "Leg_L",
            "time": [0.0, 0.0833, 0.1667, 0.2833],
            "transform": [
                [0.999996, 0.001261, -0.00254, -0.0, -0.000724, 0.979491, 0.201479, 0.37472, 0.002742, -0.201476, 0.97949, -0.0, 0.0, 0.0, 0.0, 1.0],
                [0.999996, 0.001261, -0.00254, -0.0, -0.000724, 0.979491, 0.201479, 0.37472, 0.002742, -0.201476, 0.97949, 0.0, 0.0, 0.0, 0.0, 1.0],
                [0.999996, 0.001261, -0.00254, -0.0, -0.000724, 0.979491, 0.201479, 0.37472, 0.002742, -0.201476, 0.97949, 0.0, 0.0, 0.0, 0.0, 1.0],
                [0.999996, 0.001261, -0.00254, 0.0, -0.000724, 0.979491, 0.201479, 0.37472, 0.002742, -0.201476, 0.97949, -0.0, 0.0, 0.0, 0.0, 1.0]
            ]
        },
        {
            "name": "Knee_L",
            "time": [0.0, 0.0833, 0.1667, 0.2833],
            "transform": [
                [0.999999, 0.000566, -0.001304, -0.0, -0.001355, 0.10126, -0.994859, 0.37472, -0.000431, 0.99486, 0.101261, -0.0, 0.0, 0.0, 0.0, 1.0],
                [0.999999, 0.000566, -0.001304, -0.0, -0.001355, 0.10126, -0.994859, 0.37472, -0.000431, 0.99486, 0.101261, 0.0, 0.0, 0.0, 0.0, 1.0],
                [0.999999, 0.000566, -0.001304, -0.0, -0.001355, 0.10126, -0.994859, 0.37472, -0.000431, 0.99486, 0.101261, 0.0, 0.0, 0.0, 0.0, 1.0],
                [0.999999, 0.000566, -0.001304, 0.0, -0.001355, 0.10126, -0.994859, 0.37472, -0.000431, 0.99486, 0.101261, -0.0, 0.0, 0.0, 0.0, 1.0]
            ]
        },
        {
            "name": "Torso",
            "time": [0.0, 0.0833, 0.1667, 0.2833],
            "transform": [
                [0.99986, -0.01673, -0.000425, 0.0, 0.016694, 0.995257, 0.095843, 0.05, -0.001181, -0.095837, 0.995396, -0.0, 0.0, 0.0, 0.0, 1.0],
                [0.999824, -0.018345, 0.003823, 0.0, 0.018574, 0.997187, -0.072615, 0.05, -0.00248, 0.072673, 0.997353, -0.0, 0.0, 0.0, 0.0, 1.0],
                [0.999589, -0.02741, 0.008443, 0.0, 0.028383, 0.987698, -0.153778, 0.05, -0.004124, 0.153954, 0.988069, -0.0, 0.0, 0.0, 0.0, 1.0],
                [0.999781, -0.01976, 0.006882, 0.0, 0.020832, 0.970789, -0.239028, 0.05, -0.001957, 0.23912, 0.970988, -0.0, 0.0, 0.0, 0.0, 1.0]
            ]
        },
        {
            "name": "Chest",
            "time": [0.0, 0.0833, 0.1667, 0.2833],
            "transform": [
                [0.906054, -0.017525, 0.422799, 0.0, -0.024903, 0.995202, 0.094618, 0.3, -0.422429, -0.096258, 0.90127, -0.0, 0.0, 0.0, 0.0, 1.0],
                [0.864934, -0.023913, 0.501316, -0.0, -0.028944, 0.994825, 0.097392, 0.3, -0.501051, -0.098748, 0.859766, 0.0, 0.0, 0.0, 0.0, 1.0],
                [0.962401, -0.002218, -0.271624, -0.0, -0.063516, 0.970408, -0.232967, 0.3, 0.264103, 0.24146, 0.933781, 0.0, 0.0, 0.0, 0.0, 1.0],
                [0.536181, 0.000806, -0.844102, -0.0, -0.13528, 0.987156, -0.084988, 0.3, 0.833192, 0.159759, 0.529404, 0.0, 0.0, 0.0, 0.0, 1.0]
            ]
        },
        {
            "name": "Head",
            "time": [0.0, 0.0833, 0.1667, 0.2833],
            "transform": [
                [0.940424, -0.031308, -0.338558, 0.0, -0.017174, 0.990106, -0.139266, 0.4, 0.339569, 0.136784, 0.930582, 0.0, 0.0, 0.0, 0.0, 1.0],
                [0.905042, 0.047155, -0.4227, 0.0, -0.040326, 0.998871, 0.025089, 0.4, 0.423406, -0.005661, 0.905922, -0.0, 0.0, 0.0, 0.0, 1.0],
                [0.939988, -0.093915, 0.328028, -0.0, -0.061682, 0.898764, 0.434071, 0.400001, -0.335585, -0.428255, 0.839035, 0.0, 0.0, 0.0, 0.0, 1.0],
                [0.540453, -0.362442, 0.759306, 0.0, -0.013043, 0.898742, 0.438283, 0.4, -0.841273, -0.246775, 0.481001, -0.0, 0.0, 0.0, 0.0, 1.0]
            ]
        },
        {
            "name": "Shoulder_R",
            "time": [0.0, 0.0833, 0.1667, 0.2833],
            "transform": [
                [0.083467, 0.962965, 0.256379, 0.0, -0.022355, -0.255403, 0.966576, 0.4, 0.99626, -0.086409, 0.000209, 0.0, 0.0, 0.0, 0.0, 1.0],
                [0.165352, 0.950968, 0.261378, 0.0, -0.044282, -0.2576, 0.965236, 0.4, 0.98524, -0.171178, -0.000484, -0.0, 0.0, 0.0, 0.0, 1.0],
                [-0.088154, 0.959574, 0.267295, -0.0, 0.023604, -0.266252, 0.963614, 0.400001, 0.995827, 0.091255, 0.000822, 0.0, 0.0, 0.0, 0.0, 1.0],
                [0.092097, 0.914882, 0.393076, 0.0, -0.024665, -0.392536, 0.919406, 0.4, 0.995444, -0.09437, -0.013585, -0.0, 0.0, 0.0, 0.0, 1.0]
            ]
        },
        {
            "name": "Arm_R",
            "time": [0.0, 0.0833, 0.1667, 0.2833],
            "transform": [
                [0.41988, -0.4385, -0.794618, -0.0, 0.85658, 0.480829, 0.187281, 0.388213, 0.299953, -0.759289, 0.577501, -0.0, 0.0, 0.0, 0.0, 1.0],
                [0.887808, -0.416575, 0.195607, -0.0, 0.459338, 0.828304, -0.320814, 0.388213, -0.028379, 0.374671, 0.926723, -0.0, 0.0, 0.0, 0.0, 1.0],
                [0.881925, 0.053371, 0.468359, -0.0, 0.036277, 0.982939, -0.180318, 0.388213, -0.469992, 0.176018, 0.864942, 0.0, 0.0, 0.0, 0.0, 1.0],
                [0.814726, -0.576221, 0.064738, 0.0, 0.332139, 0.555278, 0.762463, 0.388213, -0.475295, -0.599696, 0.643785, 0.0, 0.0, 0.0, 0.0, 1.0]
            ]
        },
        {
            "name": "Hand_R",
            "time": [0.0, 0.0833, 0.1667, 0.2833],
            "transform": [
                [0.999978, -0.000922, 0.006554, 0.0, 0.001287, 0.998432, -0.055969, 0.329779, -0.006492, 0.055976, 0.998411, 0.0, 0.0, 0.0, 0.0, 1.0],
                [0.841106, -0.400752, 0.363233, -0.0, 0.540538, 0.646373, -0.538536, 0.329779, -0.018964, 0.649307, 0.76029, 0.0, 0.0, 0.0, 0.0, 1.0],
                [0.99763, 0.007788, -0.068364, 0.0, -0.068699, 0.057199, -0.995996, 0.329779, -0.003846, 0.998332, 0.057599, 0.0, 0.0, 0.0, 0.0, 1.0],
                [0.883982, 0.329412, 0.33176, -0.0, 0.465046, -0.546619, -0.696376, 0.329779, -0.048048, 0.769867, -0.636393, 0.0, 0.0, 0.0, 0.0, 1.0]
            ]
        },
        {
            "name": "Tool_R",
            "time": [0.0, 0.0833, 0.1667, 0.2833],
            "transform": [
                [1.0, 0.0, 0.0, -0.02, 0.0, -1.0, -0.0, 0.291426, 0.0, -0.0, -1.0, -0.0, 0.0, 0.0, 0.0, 1.0],
                [0.997752, 0.001956, -0.066982, -0.02, 0.066982, -0.058275, 0.996051, 0.291426, -0.001955, -0.998299, -0.058275, 0.0, 0.0, 0.0, 0.0, 1.0],
                [-0.438978, -0.070182, 0.895753, -0.016491, -0.000818, 0.996975, 0.077712, 0.241577, -0.898497, 0.033381, -0.437708, -0.001669, 0.0, 0.0, 0.0, 1.0],
                [0.059935, -0.068221, 0.995869, -0.016589, -0.048671, 0.996275, 0.071178, 0.241612, -0.997015, -0.052736, 0.056391, 0.002637, 0.0, 0.0, 0.0, 1.0]
            ]
        },
        {
            "name": "Elbow_R",
            "time": [0.0, 0.0833, 0.1667, 0.2833],
            "transform": [
                [-1.0, -3e-06, -1e-06, 0.0, 1e-06, 0.028, -0.999608, 0.329779, 3e-06, -0.999608, -0.028, 0.0, 0.0, 0.0, 0.0, 1.0],
                [-0.999999, -0.0, -0.0, -0.0, 1e-06, 0.346102, -0.938197, 0.329779, 0.0, -0.938197, -0.346102, 0.0, 0.0, 0.0, 0.0, 1.0],
                [-1.0, 0.0, -0.0, 0.0, 0.0, 0.68644, -0.727186, 0.329779, 0.0, -0.727186, -0.68644, 0.0, 0.0, 0.0, 0.0, 1.0],
                [-1.0, 0.0, -0.0, -0.0, 1e-06, 0.904746, -0.425952, 0.329779, 0.0, -0.425952, -0.904746, 0.0, 0.0, 0.0, 0.0, 1.0]
            ]
        },
        {
            "name": "Shoulder_L",
            "time": [0.0, 0.0833, 0.1667, 0.2833],
            "transform": [
                [0.08028, -0.963164, -0.256653, 0.0, 0.021498, -0.255751, 0.966503, 0.4, -0.99654, -0.083108, 0.000174, 0.0, 0.0, 0.0, 0.0, 1.0],
                [-0.017784, -0.945814, -0.32422, 0.0, -0.004763, -0.324188, 0.945981, 0.4, -0.999831, 0.018368, 0.001261, -0.0, 0.0, 0.0, 0.0, 1.0],
                [-0.112687, -0.91609, -0.384813, -0.0, -0.030176, -0.383946, 0.922862, 0.400001, -0.993172, 0.115606, 0.015621, 0.0, 0.0, 0.0, 0.0, 1.0],
                [-0.172573, -0.891067, -0.419783, 0.0, -0.046213, -0.418383, 0.907094, 0.4, -0.983912, 0.175939, 0.031023, -0.0, 0.0, 0.0, 0.0, 1.0]
            ]
        },
        {
            "name": "Arm_L",
            "time": [0.0, 0.0833, 0.1667, 0.2833],
            "transform": [
                [0.125728, 0.102492, 0.986756, 0.0, -0.863414, 0.501155, 0.057959, 0.388212, -0.488578, -0.859266, 0.151503, 0.0, 0.0, 0.0, 0.0, 1.0],
                [0.258177, 0.54293, 0.799107, 0.0, -0.680849, 0.689084, -0.248208, 0.388212, -0.685411, -0.47999, 0.547559, 0.0, 0.0, 0.0, 0.0, 1.0],
                [0.469961, 0.635307, 0.612798, -0.0, -0.183835, 0.749465, -0.636009, 0.388212, -0.863332, 0.186245, 0.469011, -0.0, 0.0, 0.0, 0.0, 1.0],
                [0.590966, 0.202541, 0.780857, -0.0, 0.463975, 0.706502, -0.534399, 0.388212, -0.659915, 0.67811, 0.323544, -0.0, 0.0, 0.0, 0.0, 1.0]
            ]
        },
        {
            "name": "Hand_L",
            "time": [0.0, 0.0833, 0.1667, 0.2833],
            "transform": [
                [0.990542, 0.137212, 0.000448, 0.0, -0.136522, 0.985879, -0.096982, 0.329779, -0.013749, 0.096003, 0.995286, -0.0, 0.0, 0.0, 0.0, 1.0],
                [1.0, 0.0, 0.0, 0.0, -0.0, 0.965926, -0.258819, 0.329779, -0.0, 0.258819, 0.965926, 0.0, 0.0, 0.0, 0.0, 1.0],
                [1.0, 0.0, -0.0, -0.0, -0.0, 0.258819, -0.965926, 0.329779, -0.0, 0.965926, 0.25882, -0.0, 0.0, 0.0, 0.0, 1.0],
                [1.0, 0.0, -0.0, 0.0, -0.0, 0.258819, -0.965926, 0.329779, -0.0, 0.965926, 0.258819, -0.0, 0.0, 0.0, 0.0, 1.0]
            ]
        },
        {
            "name": "Tool_L",
            "time": [0.0, 0.1667, 0.2833],
            "transform": [
                [1.0, 0.0, 0.0, 0.02, -0.0, -1.0, 0.0, 0.291426, 0.0, -0.0, -1.0, -0.0, 0.0, 0.0, 0.0, 1.0],
                [0.707107, 0.0, 0.707107, 0.02, 0.0, -1.0, 0.0, 0.291426, 0.707107, 0.0, -0.707107, -0.0, 0.0, 0.0, 0.0, 1.0],
                [0.422618, 0.0, 0.906308, 0.02, -0.0, -1.0, 0.0, 0.291426, 0.906308, -0.0, -0.422618, -0.0, 0.0, 0.0, 0.0, 1.0]
            ]
        },
        {
            "name": "Elbow_L",
            "time": [0.0, 0.0833, 0.1667, 0.2833],
            "transform": [
                [-1.0, -0.0, -0.0, 0.0, 0.0, 0.048062, -0.998844, 0.329779, 0.0, -0.998845, -0.048062, -0.0, 0.0, 0.0, 0.0, 1.0],
                [-1.0, -0.0, -0.0, 0.0, 0.0, 0.130526, -0.991445, 0.329779, 0.0, -0.991445, -0.130526, 0.0, 0.0, 0.0, 0.0, 1.0],
                [-1.0, 1e-06, -1e-06, -0.0, 1e-06, 0.608763, -0.793352, 0.329779, -1e-06, -0.793353, -0.608762, -0.0, 0.0, 0.0, 0.0, 1.0],
                [-1.0, 1e-06, -0.0, 0.0, 1e-06, 0.608762, -0.793354, 0.329779, -0.0, -0.793354, -0.608761, -0.0, 0.0, 0.0, 0.0, 1.0]
            ]
        }
    ]
}