{

    "animation": [
        {
            "name": "Root",
            "time": [0.0, 0.05, 0.1, 0.2, 0.4, 0.5833],
            "transform": [
                [0.793961, -0.0, -0.607969, -5e-06, -0.606524, -0.068896, -0.792074, 0.000946, -0.041887, 0.997624, -0.054701, 0.4342, 0.0, 0.0, 0.0, 1.0],
                [0.981387, -0.006242, -0.191937, -5e-06, -0.190497, 0.094766, -0.977103, 0.000946, 0.024288, 0.99548, 0.091813, 0.484086, 0.0, 0.0, 0.0, 1.0],
                [0.962653, -0.084221, 0.257304, -5e-06, 0.270149, 0.236173, -0.933403, 0.000946, 0.017844, 0.968054, 0.250105, 0.533972, 0.0, 0.0, 0.0, 1.0],
                [0.964519, -0.042624, 0.26055, -5e-06, 0.263711, 0.202772, -0.943048, 0.000946, -0.012636, 0.978298, 0.206818, 0.727305, 0.0, 0.0, 0.0, 1.0],
                [0.964227, 0.044219, 0.261362, -5e-06, 0.25372, 0.131546, -0.958291, 0.000946, -0.076756, 0.990323, 0.115621, 0.733972, 0.0, 0.0, 0.0, 1.0],
                [0.924261, -0.0, -0.381761, -5e-06, -0.380853, -0.068896, -0.922065, 0.000946, -0.026302, 0.997624, -0.063678, 0.5842, 0.0, 0.0, 0.0, 1.0]
            ]
        },
        {
            "name": "Thigh_R",
            "time": [0.0, 0.05, 0.1, 0.2, 0.4, 0.5833],
            "transform": [
                [0.877477, 0.460242, -0.134832, 0.124994, 0.474985, -0.872857, 0.111665, -0.00283, -0.066298, -0.162029, -0.984534, -1.2e-05, 0.0, 0.0, 0.0, 1.0],
                [0.958151, 0.279564, 0.061379, 0.124994, 0.253274, -0.927965, 0.273228, -0.00283, 0.133333, -0.24625, -0.959948, -1.2e-05, 0.0, 0.0, 0.0, 1.0],
                [0.951374, 0.110679, 0.287469, 0.124994, -0.006725, -0.925537, 0.378598, -0.00283, 0.307966, -0.362121, -0.879786, -1.2e-05, 0.0, 0.0, 0.0, 1.0],
                [0.960385, 0.04355, 0.275249, 0.124994, 0.000246, -0.987821, 0.155435, -0.002831, 0.278678, -0.14921, -0.948698, -1.2e-05, 0.0, 0.0, 0.0, 1.0],
                [0.971891, 0.098817, 0.213684, 0.124994, 0.024505, -0.945176, 0.325636, -0.00283, 0.234147, -0.311247, -0.921032, -1.2e-05, 0.0, 0.0, 0.0, 1.0],
                [0.962337, 0.245976, -0.115769, 0.124994, 0.267634, -0.931964, 0.244565, -0.00283, -0.047735, -0.266338, -0.962696, -1.2e-05, 0.0, 0.0, 0.0, 1.0]
            ]
        },
        {
            "name": "Leg_R",
            "time": [0.0, 0.05, 0.1, 0.2, 0.4, 0.5833],
            "transform": [
                [0.989907, 0.137249, -0.035146, 0.0, 0.008635, 0.189159, 0.98191, 0.37472, 0.141414, -0.972302, 0.186066, 0.0, 0.0, 0.0, 0.0, 1.0],
                [0.998223, 0.054285, -0.024447, -0.0, 0.008708, 0.273096, 0.961948, 0.37472, 0.058895, -0.960451, 0.27214, -0.0, 0.0, 0.0, 0.0, 1.0],
                [0.999682, -0.025205, 0.000245, 0.0, 0.00872, 0.354942, 0.934848, 0.37472, -0.023649, -0.934549, 0.355048, 0.0, 0.0, 0.0, 0.0, 1.0],
                [0.999958, -0.004921, -0.007742, -0.0, 0.008723, 0.771479, 0.636195, 0.37472, 0.002842, -0.636236, 0.771489, 0.0, 0.0, 0.0, 0.0, 1.0],
                [0.998708, 0.033425, -0.038264, 0.0, 0.008712, 0.629309, 0.777107, 0.37472, 0.050055, -0.776438, 0.628205, -0.0, 0.0, 0.0, 0.0, 1.0],
                [0.999114, -0.041119, 0.00897, -0.0, 0.008715, 0.410654, 0.911751, 0.37472, -0.041173, -0.910863, 0.410649, -0.0, 0.0, 0.0, 0.0, 1.0]
            ]
        },
        {
            "name": "Knee_R",
            "time": [0.0, 0.05, 0.1, 0.2, 0.4, 0.5833],
            "transform": [
                [0.997148, 0.062437, -0.042389, 0.0, -0.072428, 0.633996, -0.769938, 0.37472, -0.021198, 0.770812, 0.63671, 0.0, 0.0, 0.0, 0.0, 1.0],
                [0.999506, 0.023053, -0.021343, -0.0, -0.030927, 0.602494, -0.797525, 0.37472, -0.005529, 0.79779, 0.602909, -0.0, 0.0, 0.0, 0.0, 1.0],
                [0.999913, -0.012561, 0.004043, 0.0, 0.010461, 0.567783, -0.823111, 0.37472, 0.008044, 0.823082, 0.567865, 0.0, 0.0, 0.0, 0.0, 1.0],
                [0.999989, -0.003133, -0.003448, -0.0, -0.002186, 0.338012, -0.941139, 0.37472, 0.004114, 0.941136, 0.338001, 0.0, 0.0, 0.0, 0.0, 1.0],
                [0.999661, 0.012388, -0.022928, 0.0, -0.026027, 0.430377, -0.902274, 0.37472, -0.00131, 0.902564, 0.430553, -0.0, 0.0, 0.0, 0.0, 1.0],
                [0.999759, -0.019237, 0.010548, -0.0, 0.019299, 0.542516, -0.839824, 0.37472, 0.010433, 0.839825, 0.542757, -0.0, 0.0, 0.0, 0.0, 1.0]
            ]
        },
        {
            "name": "Thigh_L",
            "time": [0.0, 0.05, 0.1, 0.2, 0.4, 0.5833],
            "transform": [
                [0.851055, -0.354554, 0.387292, -0.125006, -0.518747, -0.453578, 0.724683, -0.00283, -0.081273, -0.817653, -0.569944, -1.2e-05, 0.0, 0.0, 0.0, 1.0],
                [0.947074, -0.034462, 0.319159, -0.125006, -0.309391, -0.363097, 0.878883, -0.002831, 0.085598, -0.931113, -0.354542, -1.2e-05, 0.0, 0.0, 0.0, 1.0],
                [0.951195, 0.260466, 0.165487, -0.125006, -0.118088, -0.188222, 0.975001, -0.00283, 0.285104, -0.946958, -0.148278, -1.2e-05, 0.0, 0.0, 0.0, 1.0],
                [0.963632, 0.16559, 0.209738, -0.125006, -0.082147, -0.563301, 0.822152, -0.00283, 0.254288, -0.809482, -0.529213, -1.2e-05, 0.0, 0.0, 0.0, 1.0],
                [0.986387, 0.088361, 0.138673, -0.125006, -0.035983, -0.70691, 0.706386, -0.002831, 0.160446, -0.701761, -0.694109, -1.2e-05, 0.0, 0.0, 0.0, 1.0],
                [0.973579, -0.216354, -0.073042, -0.125006, -0.134747, -0.802557, 0.581159, -0.00283, -0.184356, -0.555961, -0.810506, -1.2e-05, 0.0, 0.0, 0.0, 1.0]
            ]
        },
        {
            "name": "Leg_L",
            "time": [0.0, 0.05, 0.1, 0.2, 0.4, 0.5833],
            "transform": [
                [0.999873, -0.015504, 0.003946, -0.0, 0.000698, 0.288705, 0.957419, 0.37472, -0.015983, -0.957292, 0.28868, -0.0, 0.0, 0.0, 0.0, 1.0],
                [0.999964, -0.008303, 0.002202, 0.0, 0.000961, 0.362913, 0.931824, 0.37472, -0.008537, -0.931786, 0.362908, 0.0, 0.0, 0.0, 0.0, 1.0],
                [1.0, -0.001262, -0.000101, -0.0, 0.00064, 0.434885, 0.900487, 0.37472, -0.001092, -0.900485, 0.434886, 0.0, 0.0, 0.0, 0.0, 1.0],
                [0.999938, 0.006725, -0.008958, -0.0, 0.000483, 0.773115, 0.634266, 0.37472, 0.011191, -0.63423, 0.773064, 0.0, 0.0, 0.0, 0.0, 1.0],
                [0.999486, 0.020687, -0.024505, 0.0, -0.002343, 0.809193, 0.587538, 0.37472, 0.031984, -0.587179, 0.808826, -0.0, 0.0, 0.0, 0.0, 1.0],
                [0.999618, 0.02234, -0.016285, 0.0, 0.007322, 0.354098, 0.935181, 0.37472, 0.026659, -0.93494, 0.3538, 0.0, 0.0, 0.0, 0.0, 1.0]
            ]
        },
        {
            "name": "Knee_L",
            "time": [0.0, 0.05, 0.1, 0.2, 0.4, 0.5833],
            "transform": [
                [0.999965, -0.007098, 0.004536, -0.0, 0.007874, 0.596324, -0.802705, 0.37472, 0.002993, 0.802713, 0.596359, -0.0, 0.0, 0.0, 0.0, 1.0],
                [0.99999, -0.00381, 0.002383, 0.0, 0.004118, 0.564386, -0.825501, 0.37472, 0.0018, 0.825503, 0.564396, 0.0, 0.0, 0.0, 0.0, 1.0],
                [1.0, -0.000644, 0.000129, -0.0, 0.000452, 0.531562, -0.847019, 0.37472, 0.000477, 0.847019, 0.531562, 0.0, 0.0, 0.0, 0.0, 1.0],
                [0.999984, 0.002586, -0.005064, -0.0, -0.005639, 0.336805, -0.941558, 0.37472, -0.000729, 0.941571, 0.336814, 0.0, 0.0, 0.0, 0.0, 1.0],
                [0.999868, 0.008405, -0.013894, 0.0, -0.015811, 0.30877, -0.951005, 0.37472, -0.003704, 0.9511, 0.308863, -0.0, 0.0, 0.0, 0.0, 1.0],
                [0.999895, 0.008633, -0.011628, 0.0, -0.014474, 0.568238, -0.822737, 0.37472, -0.000495, 0.822819, 0.568303, 0.0, 0.0, 0.0, 0.0, 1.0]
            ]
        },
        {
            "name": "Torso",
            "time": [0.0, 0.05, 0.1, 0.2, 0.4, 0.5833],
            "transform": [
                [0.994882, 0.099312, -0.01864, 0.0, -0.096251, 0.87527, -0.473961, 0.05, -0.030755, 0.473329, 0.880349, 0.0, 0.0, 0.0, 0.0, 1.0],
                [0.986689, -0.032237, -0.159393, -0.0, -0.053098, 0.86257, -0.503145, 0.05, 0.153708, 0.504911, 0.849376, 0.0, 0.0, 0.0, 0.0, 1.0],
                [0.942296, -0.166607, -0.290381, 0.0, -0.016445, 0.843291, -0.537206, 0.05, 0.334378, 0.510982, 0.791889, -0.0, 0.0, 0.0, 0.0, 1.0],
                [0.964699, -0.160784, -0.208576, 0.0, 0.018391, 0.831195, -0.555678, 0.05, 0.262711, 0.532226, 0.80481, 0.0, 0.0, 0.0, 0.0, 1.0],
                [0.988915, -0.142899, -0.040331, 0.0, 0.092846, 0.807095, -0.583076, 0.05, 0.115872, 0.572869, 0.811416, -0.0, 0.0, 0.0, 0.0, 1.0],
                [0.998092, 0.060138, 0.013981, 0.0, -0.057018, 0.984652, -0.164951, 0.05, -0.023686, 0.163839, 0.986203, 0.0, 0.0, 0.0, 0.0, 1.0]
            ]
        },
        {
            "name": "Chest",
            "time": [0.0, 0.05, 0.1, 0.2, 0.4, 0.5833],
            "transform": [
                [0.445261, 0.485866, -0.752115, 0.0, -0.692791, 0.719085, 0.054389, 0.3, 0.56726, 0.496841, 0.656784, -0.0, 0.0, 0.0, 0.0, 1.0],
                [0.823446, 0.31028, -0.47504, -0.0, -0.456286, 0.859763, -0.229368, 0.3, 0.337254, 0.405627, 0.849545, -0.0, 0.0, 0.0, 0.0, 1.0],
                [0.994843, 0.075987, -0.067175, 0.0, -0.09594, 0.919874, -0.3803, 0.3, 0.032894, 0.384783, 0.922421, -0.0, 0.0, 0.0, 0.0, 1.0],
                [0.998977, 0.040082, 0.020957, 0.0, -0.031721, 0.95115, -0.307094, 0.3, -0.032242, 0.306115, 0.951449, 0.0, 0.0, 0.0, 0.0, 1.0],
                [0.980334, -0.055247, 0.189456, 0.0, 0.081854, 0.987373, -0.135624, 0.3, -0.179571, 0.148465, 0.972478, -0.0, 0.0, 0.0, 0.0, 1.0],
                [0.989132, 0.025285, 0.144842, -0.0, -0.040657, 0.993728, 0.104174, 0.3, -0.1413, -0.108931, 0.983955, 0.0, 0.0, 0.0, 0.0, 1.0]
            ]
        },
        {
            "name": "Head",
            "time": [0.0, 0.05, 0.1, 0.2, 0.4, 0.5833],
            "transform": [
                [0.236792, -0.938991, 0.24945, 0.0, 0.13531, 0.286122, 0.948591, 0.4, -0.962092, -0.190866, 0.194806, 0.0, 0.0, 0.0, 0.0, 1.0],
                [0.73975, -0.61931, 0.263108, -0.0, 0.080011, 0.469201, 0.879459, 0.4, -0.668108, -0.629528, 0.396643, 0.0, 0.0, 0.0, 0.0, 1.0],
                [0.987638, -0.049057, 0.148877, 0.0, -0.104117, 0.504681, 0.857005, 0.4, -0.117177, -0.861911, 0.493334, 0.0, 0.0, 0.0, 0.0, 1.0],
                [0.998059, 0.04617, 0.041806, 0.0, -0.059681, 0.516843, 0.853997, 0.4, 0.017822, -0.854834, 0.518595, -0.0, 0.0, 0.0, 0.0, 1.0],
                [0.953507, 0.265225, -0.143111, 0.0, -0.016333, 0.519644, 0.854227, 0.4, 0.300929, -0.812174, 0.499816, -0.0, 0.0, 0.0, 0.0, 1.0],
                [0.973072, -0.106243, 0.204558, 0.0, 0.056238, 0.970051, 0.236303, 0.4, -0.223537, -0.218436, 0.949904, 0.0, 0.0, 0.0, 0.0, 1.0]
            ]
        },
        {
            "name": "Shoulder_R",
            "time": [0.0, 0.05, 0.1, 0.2, 0.4, 0.5833],
            "transform": [
                [-1e-06, 0.940871, 0.338764, 0.0, -3e-06, -0.338763, 0.940871, 0.4, 1.0, -0.0, 3e-06, 0.0, 0.0, 0.0, 0.0, 1.0],
                [6.1e-05, 0.955462, 0.295113, -0.0, -1.9e-05, -0.295113, 0.955462, 0.4, 1.0, -6.4e-05, 0.0, 0.0, 0.0, 0.0, 0.0, 1.0],
                [0.482358, 0.837467, 0.256865, 0.0, -0.129172, -0.222026, 0.966447, 0.4, 0.866398, -0.499353, 0.001082, 0.0, 0.0, 0.0, 0.0, 1.0],
                [0.403622, 0.878175, 0.256704, 0.0, -0.108088, -0.232841, 0.96649, 0.4, 0.908519, -0.417843, 0.00094, -0.0, 0.0, 0.0, 0.0, 1.0],
                [0.235509, 0.937422, 0.256468, 0.0, -0.063069, -0.248593, 0.966552, 0.4, 0.969823, -0.243807, 0.000577, -0.0, 0.0, 0.0, 0.0, 1.0],
                [0.091333, 0.902109, 0.421731, 0.0, -0.024461, -0.421341, 0.906573, 0.4, 0.99552, -0.093116, -0.016416, 0.0, 0.0, 0.0, 0.0, 1.0]
            ]
        },
        {
            "name": "Arm_R",
            "time": [0.0, 0.05, 0.1, 0.2, 0.4, 0.5833],
            "transform": [
                [0.611106, -0.790687, 0.036912, -0.0, 0.754049, 0.567338, -0.330966, 0.388213, 0.240749, 0.230089, 0.94292, 0.0, 0.0, 0.0, 0.0, 1.0],
                [0.49814, -0.327772, 0.802759, -0.0, 0.235373, 0.942154, 0.23863, 0.388213, -0.834539, 0.070077, 0.546473, 0.0, 0.0, 0.0, 0.0, 1.0],
                [0.494094, -0.840689, -0.221614, 0.0, -0.472509, -0.045691, -0.880141, 0.388213, 0.729799, 0.539587, -0.419808, -0.0, 0.0, 0.0, 0.0, 1.0],
                [0.294236, -0.951527, -0.089559, 0.0, -0.484507, -0.067733, -0.872161, 0.388213, 0.823819, 0.300013, -0.480951, 0.0, 0.0, 0.0, 0.0, 1.0],
                [-0.177729, -0.958843, 0.221434, -0.0, -0.524073, -0.098231, -0.845989, 0.388213, 0.832923, -0.266404, -0.485045, -0.0, 0.0, 0.0, 0.0, 1.0],
                [0.096193, -0.512847, -0.853073, -0.0, 0.001762, 0.857134, -0.51509, 0.388213, 0.995361, 0.048045, 0.083354, 0.0, 0.0, 0.0, 0.0, 1.0]
            ]
        },
        {
            "name": "Hand_R",
            "time": [0.0, 0.05, 0.1, 0.2, 0.4, 0.5833],
            "transform": [
                [-0.1919, -0.078904, 0.978238, -0.0, 0.97944, 0.047805, 0.195992, 0.329779, -0.062229, 0.995735, 0.068108, -0.0, 0.0, 0.0, 0.0, 1.0],
                [-0.596586, -0.716675, 0.361194, -0.0, 0.71442, -0.269205, 0.645858, 0.329779, -0.365636, 0.643355, 0.672611, 0.0, 0.0, 0.0, 0.0, 1.0],
                [1.0, 0.0, 0.0, 0.0, -0.0, 1.0, -0.0, 0.329779, -0.0, 0.0, 1.0, 0.0, 0.0, 0.0, 0.0, 1.0],
                [0.999555, 0.02979, -0.00144, -0.0, -0.029699, 0.989737, -0.139783, 0.329779, -0.002739, 0.139763, 0.990181, 0.0, 0.0, 0.0, 0.0, 1.0],
                [0.995965, 0.08811, -0.017038, -0.0, -0.087283, 0.906906, -0.412194, 0.329779, -0.020866, 0.412018, 0.910937, 0.0, 0.0, 0.0, 0.0, 1.0],
                [0.99083, -0.12806, -0.043098, -0.0, 0.074084, 0.781636, -0.619319, 0.329779, 0.112997, 0.610447, 0.783956, 0.0, 0.0, 0.0, 0.0, 1.0]
            ]
        },
        {
            "name": "Tool_R",
            "time": [0.0, 0.05, 0.1, 0.2, 0.4, 0.5833],
            "transform": [
                [0.995234, -0.070182, -0.06771, -0.02, 0.06771, 0.996975, -0.038148, 0.291425, 0.070182, 0.033381, 0.996975, -0.0, 0.0, 0.0, 0.0, 1.0],
                [0.995234, -0.070182, -0.06771, -0.02, 0.06771, 0.996975, -0.038148, 0.291425, 0.070182, 0.033381, 0.996975, -0.0, 0.0, 0.0, 0.0, 1.0],
                [1.0, 0.0, 0.0, -0.02, 0.0, -0.965926, -0.258819, 0.291425, 0.0, 0.258819, -0.965926, 0.0, 0.0, 0.0, 0.0, 1.0],
                [1.0, 0.0, 0.0, -0.02, 0.0, -0.90272, -0.430229, 0.291425, 0.0, 0.430229, -0.90272, -0.0, 0.0, 0.0, 0.0, 1.0],
                [1.0, 0.0, 0.0, -0.02, 0.0, -0.687908, -0.725798, 0.291425, 0.0, 0.725798, -0.687908, 0.0, 0.0, 0.0, 0.0, 1.0],
                [1.0, 0.0, 0.0, -0.02, 0.0, -0.965926, -0.258819, 0.291425, 0.0, 0.258819, -0.965926, -0.0, 0.0, 0.0, 0.0, 1.0]
            ]
        },
        {
            "name": "Elbow_R",
            "time": [0.0, 0.05, 0.1, 0.2, 0.4, 0.5833],
            "transform": [
                [-1.0, 0.0, -0.0, -0.0, 1e-06, 0.682554, -0.730835, 0.329779, 0.0, -0.730835, -0.682554, -0.0, 0.0, 0.0, 0.0, 1.0],
                [-1.0, -0.0, -1e-06, -0.0, 1e-06, 0.372392, -0.928076, 0.329779, 0.0, -0.928075, -0.372392, 0.0, 0.0, 0.0, 0.0, 1.0],
                [-1.0, -0.0, -1e-06, 0.0, 0.0, -0.0, -1.0, 0.329779, 0.0, -1.0, 0.0, 0.0, 0.0, 0.0, 0.0, 1.0],
                [-1.0, -0.0, -0.0, -0.0, 0.0, 0.070054, -0.997543, 0.329779, 0.0, -0.997543, -0.070054, 0.0, 0.0, 0.0, 0.0, 1.0],
                [-1.0, -0.0, -1e-06, -0.0, 1e-06, 0.21079, -0.977531, 0.329779, 0.0, -0.977531, -0.21079, 0.0, 0.0, 0.0, 0.0, 1.0],
                [-1.0, -0.0, -1e-06, -0.0, 0.0, 0.324801, -0.945783, 0.329779, 0.0, -0.945783, -0.324801, 0.0, 0.0, 0.0, 0.0, 1.0]
            ]
        },
        {
            "name": "Shoulder_L",
            "time": [0.0, 0.05, 0.1, 0.2, 0.4, 0.5833],
            "transform": [
                [0.0, -0.906371, -0.422482, 0.0, -0.0, -0.422482, 0.906371, 0.4, -1.0, -0.0, -0.0, 0.0, 0.0, 0.0, 0.0, 1.0],
                [-0.04069, -0.916218, -0.398609, -0.0, -0.010897, -0.398509, 0.917099, 0.4, -0.999112, 0.041661, 0.006232, 0.0, 0.0, 0.0, 0.0, 1.0],
                [-0.081751, -0.951885, -0.295352, 0.0, -0.021892, -0.294557, 0.955383, 0.4, -0.996412, 0.084569, 0.003242, 0.0, 0.0, 0.0, 0.0, 1.0],
                [-0.089233, -0.944952, -0.314805, 0.0, -0.023896, -0.313944, 0.949141, 0.4, -0.995724, 0.092218, 0.005434, -0.0, 0.0, 0.0, 0.0, 1.0],
                [-0.102669, -0.930055, -0.352783, 0.0, -0.027494, -0.351869, 0.935645, 0.4, -0.994336, 0.105761, 0.010555, -0.0, 0.0, 0.0, 0.0, 1.0],
                [-0.123918, -0.944995, -0.302703, 0.0, -0.033184, -0.300938, 0.953066, 0.4, -0.991738, 0.128147, 0.005933, 0.0, 0.0, 0.0, 0.0, 1.0]
            ]
        },
        {
            "name": "Arm_L",
            "time": [0.0, 0.05, 0.1, 0.2, 0.4, 0.5833],
            "transform": [
                [-0.008271, 0.532053, 0.846671, 0.0, -0.072039, 0.844183, -0.531193, 0.388212, -0.997368, -0.065387, 0.031347, -0.0, 0.0, 0.0, 0.0, 1.0],
                [0.118893, 0.109575, 0.986842, -0.0, -0.46084, 0.886446, -0.042906, 0.388212, -0.879484, -0.449675, 0.155889, -0.0, 0.0, 0.0, 0.0, 1.0],
                [0.392431, -0.249806, 0.885209, 0.0, -0.670525, 0.581082, 0.461239, 0.388212, -0.629599, -0.774559, 0.060533, 0.0, 0.0, 0.0, 0.0, 1.0],
                [0.342055, -0.163566, 0.925335, -0.0, -0.576966, 0.740697, 0.344207, 0.388212, -0.741693, -0.651624, 0.158988, 0.0, 0.0, 0.0, 0.0, 1.0],
                [0.281651, 0.057721, 0.957779, -0.0, -0.297977, 0.954098, 0.030126, 0.388212, -0.912076, -0.293881, 0.285922, -0.0, 0.0, 0.0, 0.0, 1.0],
                [0.18789, -0.067239, 0.979886, 0.0, -0.524803, 0.836427, 0.158024, 0.388212, -0.830229, -0.543938, 0.121869, 0.0, 0.0, 0.0, 0.0, 1.0]
            ]
        },
        {
            "name": "Hand_L",
            "time": [0.0, 0.05, 0.1, 0.2, 0.4, 0.5833],
            "transform": [
                [0.99932, -0.033233, 0.015992, -0.0, 0.036748, 0.860435, -0.508234, 0.329779, 0.00313, 0.508476, 0.861071, 0.0, 0.0, 0.0, 0.0, 1.0],
                [0.99932, -0.032504, 0.017426, 0.0, 0.036748, 0.837447, -0.545283, 0.329779, 0.00313, 0.545552, 0.838072, 0.0, 0.0, 0.0, 0.0, 1.0],
                [0.99932, -0.031713, 0.018827, -0.0, 0.036748, 0.812865, -0.581293, 0.329779, 0.003131, 0.581589, 0.813477, -0.0, 0.0, 0.0, 0.0, 1.0],
                [0.998343, 0.055091, 0.016633, 0.0, -0.036003, 0.823406, -0.566309, 0.329779, -0.044894, 0.564772, 0.824025, -0.0, 0.0, 0.0, 0.0, 1.0],
                [0.973733, 0.227053, 0.017047, 0.0, -0.182879, 0.824497, -0.5355, 0.329779, -0.135642, 0.518317, 0.844363, 0.0, 0.0, 0.0, 0.0, 1.0],
                [0.99932, -0.033233, 0.015992, 0.0, 0.036748, 0.860435, -0.508234, 0.329779, 0.00313, 0.508476, 0.861071, 0.0, 0.0, 0.0, 0.0, 1.0]
            ]
        },
        {
            "name": "Tool_L",
            "time": [0.0, 0.05, 0.1, 0.2, 0.4, 0.5833],
            "transform": [
                [0.422618, -0.0, 0.906308, 0.02, -0.0, -1.0, -0.0, 0.291426, 0.906308, 0.0, -0.422618, 0.0, 0.0, 0.0, 0.0, 1.0],
                [0.843391, -0.0, 0.5373, 0.02, -0.0, -1.0, -0.0, 0.291426, 0.5373, 0.0, -0.843391, -0.0, 0.0, 0.0, 0.0, 1.0],
                [1.0, -0.0, 0.0, 0.02, -0.0, -1.0, 0.0, 0.291426, 0.0, -0.0, -1.0, -0.0, 0.0, 0.0, 0.0, 1.0],
                [1.0, 0.0, 0.0, 0.02, 0.0, -1.0, -0.0, 0.291426, 0.0, 0.0, -1.0, -0.0, 0.0, 0.0, 0.0, 1.0],
                [1.0, -0.0, 0.0, 0.02, -0.0, -1.0, 0.0, 0.291426, 0.0, -0.0, -1.0, -0.0, 0.0, 0.0, 0.0, 1.0],
                [1.0, 0.0, 0.0, 0.02, 0.0, -1.0, 0.0, 0.291426, 0.0, 0.0, -1.0, -0.0, 0.0, 0.0, 0.0, 1.0]
            ]
        },
        {
            "name": "Elbow_L",
            "time": [0.0, 0.05, 0.1, 0.2, 0.4, 0.5833],
            "transform": [
                [-1.0, -0.0, -0.0, -0.0, 0.0, 0.263558, -0.964644, 0.329779, 0.0, -0.964644, -0.263558, 0.0, 0.0, 0.0, 0.0, 1.0],
                [-1.0, 0.0, -0.0, 0.0, 1e-06, 0.284539, -0.958665, 0.329779, -0.0, -0.958664, -0.284539, 0.0, 0.0, 0.0, 0.0, 1.0],
                [-1.0, 0.0, -0.0, -0.0, 0.0, 0.305384, -0.952229, 0.329779, 0.0, -0.952229, -0.305384, -0.0, 0.0, 0.0, 0.0, 1.0],
                [-1.0, 0.0, -0.0, 0.0, 0.0, 0.295925, -0.955212, 0.329779, 0.0, -0.955212, -0.295925, -0.0, 0.0, 0.0, 0.0, 1.0],
                [-1.0, 0.0, -0.0, 0.0, 0.0, 0.271809, -0.962351, 0.329779, 0.0, -0.962351, -0.271809, 0.0, 0.0, 0.0, 0.0, 1.0],
                [-1.0, -1e-06, 0.0, 0.0, -0.0, 0.263558, -0.964643, 0.329779, 1e-06, -0.964644, -0.263558, 0.0, 0.0, 0.0, 0.0, 1.0]
            ]
        }
    ]
}