{

    "animation": [
        {
            "name": "Root",
            "time": [0.0, 0.0833, 0.1667, 0.2833],
            "transform": [
                [0.995984, -0.0003, -0.089526, -5e-06, -0.08947, 0.032287, -0.995466, 0.000946, 0.00319, 0.999479, 0.03213, 0.759959, 0.0, 0.0, 0.0, 1.0],
                [0.995984, -0.0003, -0.089526, -5e-06, -0.08947, 0.032287, -0.995466, 0.000946, 0.00319, 0.999479, 0.03213, 0.759959, 0.0, 0.0, 0.0, 1.0],
                [0.995984, -0.0003, -0.089526, -5e-06, -0.08947, 0.032287, -0.995466, 0.000946, 0.00319, 0.999479, 0.03213, 0.759959, 0.0, 0.0, 0.0, 1.0],
                [0.995984, -0.0003, -0.089526, -5e-06, -0.08947, 0.032287, -0.995466, 0.000946, 0.00319, 0.999479, 0.03213, 0.759959, 0.0, 0.0, 0.0, 1.0]
            ]
        },
        {
            "name": "Thigh_R",
            "time": [0.0, 0.0833, 0.1667, 0.2833],
            "transform": [
                [0.994533, 0.070982, 0.076579, 0.124994, 0.065164, -0.994976, 0.07597, -0.002831, 0.081587, -0.070564, -0.994165, -1.2e-05, 0.0, 0.0, 0.0, 1.0],
                [0.994599, 0.070925, 0.075769, 0.124994, 0.065169, -0.99498, 0.075916, -0.002831, 0.080773, -0.070568, -0.994231, -1.2e-05, 0.0, 0.0, 0.0, 1.0],
                [0.994649, 0.070881, 0.075152, 0.124994, 0.065172, -0.994982, 0.075876, -0.002831, 0.080153, -0.070572, -0.994281, -1.2e-05, 0.0, 0.0, 0.0, 1.0],
                [0.994593, 0.07093, 0.07585, 0.124994, 0.065168, -0.994979, 0.075922, -0.002831, 0.080854, -0.070568, -0.994225, -1.2e-05, 0.0, 0.0, 0.0, 1.0]
            ]
        },
        {
            "name": "Leg_R",
            "time": [0.0, 0.0833, 0.1667, 0.2833],
            "transform": [
                [0.999962, -0.008679, -0.001157, 0.0, 0.008723, 0.97589, 0.218092, 0.37472, -0.000763, -0.218094, 0.975927, -0.0, 0.0, 0.0, 0.0, 1.0],
                [0.999962, -0.008679, -0.001158, -0.0, 0.008723, 0.97589, 0.218092, 0.37472, -0.000763, -0.218094, 0.975927, -0.0, 0.0, 0.0, 0.0, 1.0],
                [0.999962, -0.008679, -0.001157, 0.0, 0.008723, 0.97589, 0.218091, 0.37472, -0.000763, -0.218094, 0.975927, -0.0, 0.0, 0.0, 0.0, 1.0],
                [0.999962, -0.008679, -0.001157, 0.0, 0.008723, 0.97589, 0.218092, 0.37472, -0.000763, -0.218094, 0.975927, 0.0, 0.0, 0.0, 0.0, 1.0]
            ]
        },
        {
            "name": "Knee_R",
            "time": [0.0, 0.0833, 0.1667, 0.2833],
            "transform": [
                [0.99999, -0.004371, -0.000345, 0.0, 0.000136, 0.109711, -0.993963, 0.37472, 0.004382, 0.993954, 0.109711, -0.0, 0.0, 0.0, 0.0, 1.0],
                [0.99999, -0.004371, -0.000345, -0.0, 0.000136, 0.109711, -0.993963, 0.37472, 0.004382, 0.993954, 0.109711, -0.0, 0.0, 0.0, 0.0, 1.0],
                [0.999991, -0.004371, -0.000345, 0.0, 0.000136, 0.109711, -0.993964, 0.37472, 0.004382, 0.993954, 0.109711, -0.0, 0.0, 0.0, 0.0, 1.0],
                [0.99999, -0.004371, -0.000345, 0.0, 0.000136, 0.109711, -0.993963, 0.37472, 0.004383, 0.993954, 0.109711, 0.0, 0.0, 0.0, 0.0, 1.0]
            ]
        },
        {
            "name": "Thigh_L",
            "time": [0.0, 0.0833, 0.1667, 0.2833],
            "transform": [
                [0.997137, -0.065115, -0.038437, -0.125006, -0.056229, -0.978421, 0.198816, -0.002831, -0.050553, -0.196085, -0.979284, -1.2e-05, 0.0, 0.0, 0.0, 1.0],
                [0.997095, -0.065275, -0.039235, -0.125006, -0.056227, -0.978412, 0.198861, -0.002831, -0.051369, -0.196077, -0.979243, -1.2e-05, 0.0, 0.0, 0.0, 1.0],
                [0.997063, -0.065397, -0.039844, -0.125006, -0.056225, -0.978405, 0.198895, -0.002831, -0.05199, -0.196071, -0.979211, -1.2e-05, 0.0, 0.0, 0.0, 1.0],
                [0.997099, -0.065259, -0.039156, -0.125006, -0.056227, -0.978413, 0.198857, -0.002831, -0.051288, -0.196078, -0.979247, -1.2e-05, 0.0, 0.0, 0.0, 1.0]
            ]
        },
        {
            "name": "Leg_L",
            "time": [0.0, 0.0833, 0.1667, 0.2833],
            "transform": [
                [0.999996, 0.001261, -0.00254, -0.0, -0.000724, 0.979491, 0.201479, 0.37472, 0.002742, -0.201476, 0.97949, -0.0, 0.0, 0.0, 0.0, 1.0],
                [0.999996, 0.001261, -0.00254, -0.0, -0.000724, 0.979491, 0.201479, 0.37472, 0.002742, -0.201476, 0.97949, 0.0, 0.0, 0.0, 0.0, 1.0],
                [0.999996, 0.001261, -0.00254, -0.0, -0.000724, 0.979491, 0.201479, 0.37472, 0.002742, -0.201476, 0.97949, -0.0, 0.0, 0.0, 0.0, 1.0],
                [0.999996, 0.001261, -0.00254, -0.0, -0.000724, 0.979491, 0.201479, 0.37472, 0.002742, -0.201476, 0.97949, 0.0, 0.0, 0.0, 0.0, 1.0]
            ]
        },
        {
            "name": "Knee_L",
            "time": [0.0, 0.0833, 0.1667, 0.2833],
            "transform": [
                [0.999999, 0.000566, -0.001304, -0.0, -0.001355, 0.10126, -0.994859, 0.37472, -0.000431, 0.99486, 0.101261, -0.0, 0.0, 0.0, 0.0, 1.0],
                [0.999999, 0.000566, -0.001304, -0.0, -0.001355, 0.10126, -0.994859, 0.37472, -0.000431, 0.99486, 0.101261, 0.0, 0.0, 0.0, 0.0, 1.0],
                [0.999999, 0.000566, -0.001304, -0.0, -0.001355, 0.10126, -0.994859, 0.37472, -0.000431, 0.99486, 0.101261, -0.0, 0.0, 0.0, 0.0, 1.0],
                [0.999999, 0.000566, -0.001304, -0.0, -0.001355, 0.10126, -0.994859, 0.37472, -0.000431, 0.99486, 0.101261, 0.0, 0.0, 0.0, 0.0, 1.0]
            ]
        },
        {
            "name": "Torso",
            "time": [0.0, 0.0833, 0.1667, 0.2833],
            "transform": [
                [0.99986, -0.01673, -0.000425, 0.0, 0.016694, 0.995257, 0.095843, 0.05, -0.001181, -0.095837, 0.995396, -0.0, 0.0, 0.0, 0.0, 1.0],
                [0.99965, -0.026149, 0.004077, 0.0, 0.026088, 0.999558, 0.014268, 0.05, -0.004449, -0.014156, 0.99989, -0.0, 0.0, 0.0, 0.0, 1.0],
                [0.999338, -0.035166, 0.009333, 0.0, 0.035715, 0.99709, -0.067356, 0.05, -0.006937, 0.067645, 0.997685, -0.0, 0.0, 0.0, 0.0, 1.0],
                [0.999589, -0.02741, 0.008443, 0.0, 0.028383, 0.987698, -0.153778, 0.05, -0.004124, 0.153954, 0.988069, -0.0, 0.0, 0.0, 0.0, 1.0]
            ]
        },
        {
            "name": "Chest",
            "time": [0.0, 0.0833, 0.1667, 0.2833],
            "transform": [
                [0.906054, -0.017525, 0.422799, 0.0, -0.024903, 0.995202, 0.094618, 0.3, -0.422429, -0.096258, 0.90127, -0.0, 0.0, 0.0, 0.0, 1.0],
                [0.864934, -0.023913, 0.501316, 0.0, -0.028944, 0.994825, 0.097392, 0.3, -0.501051, -0.098748, 0.859766, 0.0, 0.0, 0.0, 0.0, 1.0],
                [0.965651, -0.021743, -0.258933, -0.0, 0.025328, 0.999624, 0.010518, 0.3, 0.258607, -0.016715, 0.965838, -0.0, 0.0, 0.0, 0.0, 1.0],
                [0.543058, -0.012571, -0.839601, -0.0, 0.018021, 0.999832, -0.003314, 0.3, 0.839502, -0.013331, 0.543193, 0.0, 0.0, 0.0, 0.0, 1.0]
            ]
        },
        {
            "name": "Head",
            "time": [0.0, 0.0833, 0.1667, 0.2833],
            "transform": [
                [0.940424, -0.031308, -0.338558, 0.0, -0.017174, 0.990106, -0.139266, 0.4, 0.339569, 0.136784, 0.930582, 0.0, 0.0, 0.0, 0.0, 1.0],
                [0.905042, 0.010135, -0.425201, 0.0, -0.040326, 0.997257, -0.062064, 0.4, 0.423406, 0.073317, 0.902968, 0.0, 0.0, 0.0, 0.0, 1.0],
                [0.939988, 0.023941, 0.340366, 0.0, -0.061682, 0.993024, 0.100498, 0.400001, -0.335586, -0.115461, 0.934907, -0.0, 0.0, 0.0, 0.0, 1.0],
                [0.546625, -0.142164, 0.825222, 0.0, -0.034439, 0.980832, 0.191785, 0.400001, -0.836669, -0.133254, 0.531251, 0.0, 0.0, 0.0, 0.0, 1.0]
            ]
        },
        {
            "name": "Shoulder_R",
            "time": [0.0, 0.0833, 0.1667, 0.2833],
            "transform": [
                [0.083467, 0.962965, 0.256379, 0.0, -0.022355, -0.255403, 0.966576, 0.4, 0.99626, -0.086409, 0.000209, 0.0, 0.0, 0.0, 0.0, 1.0],
                [0.165352, 0.950968, 0.261378, 0.0, -0.044282, -0.2576, 0.965236, 0.4, 0.98524, -0.171178, -0.000484, 0.0, 0.0, 0.0, 0.0, 1.0],
                [0.246181, 0.931555, 0.267583, 0.0, -0.065927, -0.259345, 0.963532, 0.400001, 0.966979, -0.254844, -0.002431, -0.0, 0.0, 0.0, 0.0, 1.0],
                [0.083467, 0.962965, 0.256379, 0.0, -0.022355, -0.255403, 0.966576, 0.400001, 0.99626, -0.086409, 0.000209, 0.0, 0.0, 0.0, 0.0, 1.0]
            ]
        },
        {
            "name": "Arm_R",
            "time": [0.0, 0.0833, 0.1667, 0.2833],
            "transform": [
                [0.41988, -0.4385, -0.794618, -0.0, 0.85658, 0.480829, 0.187281, 0.388213, 0.299953, -0.759289, 0.577501, -0.0, 0.0, 0.0, 0.0, 1.0],
                [0.868162, -0.34, -0.361516, -0.0, 0.390633, 0.917468, 0.07522, 0.388213, 0.306105, -0.206523, 0.929326, 0.0, 0.0, 0.0, 0.0, 1.0],
                [0.990309, 0.13389, 0.036912, -0.0, -0.114305, 0.936694, -0.330966, 0.388213, -0.078888, 0.323539, 0.94292, -0.0, 0.0, 0.0, 0.0, 1.0],
                [0.793924, -0.60744, 0.026482, -0.0, 0.572451, 0.732097, -0.369235, 0.388213, 0.204901, 0.308304, 0.928958, -0.0, 0.0, 0.0, 0.0, 1.0]
            ]
        },
        {
            "name": "Hand_R",
            "time": [0.0, 0.0833, 0.1667, 0.2833],
            "transform": [
                [0.999978, -0.000922, 0.006554, 0.0, 0.001287, 0.998432, -0.055969, 0.329779, -0.006492, 0.055976, 0.998411, 0.0, 0.0, 0.0, 0.0, 1.0],
                [0.841106, -0.400752, 0.363233, 0.0, 0.540537, 0.646373, -0.538536, 0.329779, -0.018964, 0.649307, 0.76029, -0.0, 0.0, 0.0, 0.0, 1.0],
                [0.999792, 0.007788, 0.018845, 0.0, 0.018369, 0.0572, -0.998194, 0.329779, -0.008852, 0.998332, 0.057045, 0.0, 0.0, 0.0, 0.0, 1.0],
                [0.995081, -0.078723, -0.060141, -0.0, -0.056349, 0.049536, -0.997181, 0.329779, 0.081481, 0.995665, 0.044856, -0.0, 0.0, 0.0, 0.0, 1.0]
            ]
        },
        {
            "name": "Tool_R",
            "time": [0.0, 0.0833, 0.1667, 0.2833],
            "transform": [
                [1.0, 0.0, 0.0, -0.02, 0.0, -1.0, -0.0, 0.291426, 0.0, -0.0, -1.0, -0.0, 0.0, 0.0, 0.0, 1.0],
                [0.997752, 0.001956, -0.066982, -0.02, 0.066982, -0.058275, 0.996051, 0.291425, -0.001955, -0.998299, -0.058275, -0.0, 0.0, 0.0, 0.0, 1.0],
                [-0.285149, -0.154407, 0.945964, -0.016491, 0.005161, 0.986677, 0.162608, 0.241577, -0.958469, 0.05125, -0.280553, -0.001669, 0.0, 0.0, 0.0, 1.0],
                [-0.44603, -0.068219, 0.892415, -0.016589, -0.077739, 0.996276, 0.037305, 0.241612, -0.891636, -0.052736, -0.449672, 0.002637, 0.0, 0.0, 0.0, 1.0]
            ]
        },
        {
            "name": "Elbow_R",
            "time": [0.0, 0.0833, 0.1667, 0.2833],
            "transform": [
                [-1.0, -3e-06, -1e-06, 0.0, 1e-06, 0.028, -0.999608, 0.329779, 3e-06, -0.999608, -0.028, 0.0, 0.0, 0.0, 0.0, 1.0],
                [-1.0, 1e-06, 0.0, 0.0, -0.0, 0.346102, -0.938197, 0.329779, -0.0, -0.938197, -0.346103, -0.0, 0.0, 0.0, 0.0, 1.0],
                [-1.0, -1e-06, -0.0, 0.0, -1e-06, 0.686641, -0.726997, 0.329779, 1e-06, -0.726997, -0.686641, 0.0, 0.0, 0.0, 0.0, 1.0],
                [-1.0, 1e-06, 2e-06, -0.0, -1e-06, 0.691012, -0.722844, 0.329779, -2e-06, -0.722844, -0.691011, -0.0, 0.0, 0.0, 0.0, 1.0]
            ]
        },
        {
            "name": "Shoulder_L",
            "time": [0.0, 0.0833, 0.1667, 0.2833],
            "transform": [
                [0.08028, -0.963164, -0.256653, 0.0, 0.021498, -0.255751, 0.966503, 0.4, -0.99654, -0.083108, 0.000174, 0.0, 0.0, 0.0, 0.0, 1.0],
                [-0.017785, -0.945814, -0.32422, 0.0, -0.004763, -0.324187, 0.945981, 0.4, -0.999831, 0.018368, 0.001261, 0.0, 0.0, 0.0, 0.0, 1.0],
                [-0.112687, -0.91609, -0.384813, 0.0, -0.030176, -0.383946, 0.922862, 0.400001, -0.993172, 0.115606, 0.015621, -0.0, 0.0, 0.0, 0.0, 1.0],
                [-0.172573, -0.891067, -0.419783, 0.0, -0.046213, -0.418383, 0.907094, 0.400001, -0.983912, 0.175939, 0.031023, 0.0, 0.0, 0.0, 0.0, 1.0]
            ]
        },
        {
            "name": "Arm_L",
            "time": [0.0, 0.0833, 0.1667, 0.2833],
            "transform": [
                [0.125728, 0.102492, 0.986756, 0.0, -0.863414, 0.501155, 0.057959, 0.388212, -0.488578, -0.859266, 0.151503, 0.0, 0.0, 0.0, 0.0, 1.0],
                [0.149353, 0.371441, 0.916365, 0.0, -0.577021, 0.785331, -0.224283, 0.388212, -0.802958, -0.495264, 0.331621, -0.0, 0.0, 0.0, 0.0, 1.0],
                [0.283283, 0.569065, 0.771956, 0.0, -0.196185, 0.822292, -0.534179, 0.388212, -0.938756, -0.000122, 0.344584, -0.0, 0.0, 0.0, 0.0, 1.0],
                [0.036449, 0.306442, 0.951191, 0.0, -0.074547, 0.950005, -0.303203, 0.388212, -0.996551, -0.059858, 0.057471, -0.0, 0.0, 0.0, 0.0, 1.0]
            ]
        },
        {
            "name": "Hand_L",
            "time": [0.0, 0.0833, 0.1667, 0.2833],
            "transform": [
                [0.990542, 0.137212, 0.000448, 0.0, -0.136522, 0.985879, -0.096982, 0.329779, -0.013749, 0.096003, 0.995286, -0.0, 0.0, 0.0, 0.0, 1.0],
                [1.0, 0.0, 0.0, -0.0, -0.0, 0.906308, -0.422618, 0.329779, -0.0, 0.422618, 0.906308, -0.0, 0.0, 0.0, 0.0, 1.0],
                [1.0, 0.0, 0.0, 0.0, -0.0, 0.906308, -0.422618, 0.329779, -0.0, 0.422618, 0.906308, 0.0, 0.0, 0.0, 0.0, 1.0],
                [1.0, 0.0, 0.0, 0.0, -0.0, 0.906308, -0.422618, 0.329779, -0.0, 0.422618, 0.906308, -0.0, 0.0, 0.0, 0.0, 1.0]
            ]
        },
        {
            "name": "Tool_L",
            "time": [0.0, 0.1667, 0.2833],
            "transform": [
                [1.0, 0.0, 0.0, 0.02, -0.0, -1.0, 0.0, 0.291426, 0.0, -0.0, -1.0, -0.0, 0.0, 0.0, 0.0, 1.0],
                [0.5, 0.0, 0.866026, 0.02, -0.0, -1.0, -0.0, 0.291426, 0.866026, 0.0, -0.5, 0.0, 0.0, 0.0, 0.0, 1.0],
                [0.5, -0.0, 0.866026, 0.02, 0.0, -1.0, 0.0, 0.291426, 0.866026, 0.0, -0.5, -0.0, 0.0, 0.0, 0.0, 1.0]
            ]
        },
        {
            "name": "Elbow_L",
            "time": [0.0, 0.0833, 0.1667, 0.2833],
            "transform": [
                [-1.0, -0.0, -0.0, 0.0, 0.0, 0.048062, -0.998844, 0.329779, 0.0, -0.998845, -0.048062, -0.0, 0.0, 0.0, 0.0, 1.0],
                [-1.0, -0.0, -0.0, -0.0, 0.0, 0.216439, -0.976296, 0.329779, 0.0, -0.976296, -0.216439, -0.0, 0.0, 0.0, 0.0, 1.0],
                [-1.0, 0.0, -0.0, 0.0, 0.0, 0.216439, -0.976296, 0.329779, 0.0, -0.976296, -0.216439, 0.0, 0.0, 0.0, 0.0, 1.0],
                [-1.0, -0.0, -0.0, 0.0, 0.0, 0.216439, -0.976296, 0.329779, 0.0, -0.976296, -0.216439, -0.0, 0.0, 0.0, 0.0, 1.0]
            ]
        }
    ]
}