{

    "animation": [
        {
            "name": "Root",
            "time": [0.0, 0.05, 0.1, 0.15, 0.5],
            "transform": [
                [0.913513, 0.0, -0.406809, -5e-06, -0.406809, 0.0, -0.913513, 0.000946, 0.0, 1.0, 0.0, 0.701907, 0.0, 0.0, 0.0, 1.0],
                [0.782029, -0.061036, 0.620246, -0.100005, 0.623208, 0.086993, -0.777203, 0.502239, -0.00652, 0.994337, 0.10607, 0.679563, 0.0, 0.0, 0.0, 1.0],
                [0.558685, -0.020472, 0.829127, -5e-06, 0.822249, 0.14448, -0.550483, 1.000946, -0.108523, 0.989296, 0.097552, 0.609858, 0.0, 0.0, 0.0, 1.0],
                [0.298731, -0.0, 0.954338, -5e-06, 0.933781, 0.206435, -0.292296, 1.000946, -0.197009, 0.97846, 0.061669, 0.540153, 0.0, 0.0, 0.0, 1.0],
                [0.128473, -0.0, 0.991713, -5e-06, 0.970352, 0.206435, -0.125706, 1.000946, -0.204725, 0.97846, 0.026521, 0.540153, 0.0, 0.0, 0.0, 1.0]
            ]
        },
        {
            "name": "Thigh_R",
            "time": [0.0, 0.05, 0.1, 0.15, 0.3, 0.5],
            "transform": [
                [0.975681, 0.120048, 0.183396, 0.133605, 0.008297, -0.856312, 0.516389, -0.002831, 0.219036, -0.502309, -0.836486, 0.03025, 0.0, 0.0, 0.0, 1.0],
                [0.893179, 0.330117, 0.305374, 0.138529, 0.133754, -0.843341, 0.520464, -0.002831, 0.42935, -0.424021, -0.797411, 0.047556, 0.0, 0.0, 0.0, 1.0],
                [0.764133, 0.60232, 0.230888, 0.140713, 0.3657, -0.699359, 0.614132, 0.002877, 0.531378, -0.384842, -0.754674, 0.056352, 0.0, 0.0, 0.0, 1.0],
                [0.56369, 0.815932, 0.128475, 0.142898, 0.547737, -0.485674, 0.681251, 0.008584, 0.618252, -0.313645, -0.720687, 0.065149, 0.0, 0.0, 0.0, 1.0],
                [0.533307, 0.820866, 0.20436, 0.142898, 0.588696, -0.533631, 0.607186, 0.008584, 0.607472, -0.203511, -0.767829, 0.065149, 0.0, 0.0, 0.0, 1.0],
                [0.536809, 0.818637, 0.204131, 0.142897, 0.58381, -0.535084, 0.610614, 0.008584, 0.609099, -0.208609, -0.765166, 0.065149, 0.0, 0.0, 0.0, 1.0]
            ]
        },
        {
            "name": "Leg_R",
            "time": [0.0, 0.05, 0.1, 0.15, 0.3, 0.5],
            "transform": [
                [0.999848, -0.008216, -0.015396, 0.0, 0.017451, 0.470494, 0.88223, 0.37472, -4e-06, -0.882366, 0.470565, -0.0, 0.0, 0.0, 0.0, 1.0],
                [0.999838, -0.004072, -0.017559, 0.0, 0.017451, 0.462577, 0.886406, 0.37472, 0.004513, -0.88657, 0.462573, -0.0, 0.0, 0.0, 0.0, 1.0],
                [0.999802, 0.001057, -0.019848, -0.0, 0.017451, 0.431325, 0.902027, 0.37472, 0.009514, -0.902196, 0.431221, -0.0, 0.0, 0.0, 0.0, 1.0],
                [0.999497, 0.001489, -0.031695, -0.0, 0.028461, 0.399517, 0.916284, 0.37472, 0.014027, -0.916724, 0.399273, 0.0, 0.0, 0.0, 0.0, 1.0],
                [0.998803, 0.029311, -0.039164, -0.0, 0.024787, 0.386968, 0.92176, 0.37472, 0.042173, -0.921627, 0.385778, -0.0, 0.0, 0.0, 0.0, 1.0],
                [0.998942, 0.026029, -0.037932, -0.0, 0.026615, 0.345558, 0.93802, 0.37472, 0.037524, -0.938036, 0.344499, -0.0, 0.0, 0.0, 0.0, 1.0]
            ]
        },
        {
            "name": "Knee_R",
            "time": [0.0, 0.5],
            "transform": [
                [1.0, 0.0, -1e-06, 0.0, -1e-06, 0.0, -1.0, 0.37472, -0.0, 1.0, 0.0, -0.0, 0.0, 0.0, 0.0, 1.0],
                [1.0, 0.0, -1e-06, -0.0, -1e-06, 0.0, -1.0, 0.37472, -0.0, 1.0, 0.0, -0.0, 0.0, 0.0, 0.0, 1.0]
            ]
        },
        {
            "name": "Thigh_L",
            "time": [0.0, 0.05, 0.1, 0.15, 0.3, 0.5],
            "transform": [
                [0.917572, -0.210721, 0.337132, -0.125006, -0.306422, -0.915131, 0.261996, -0.002831, 0.253312, -0.343705, -0.904268, -1.2e-05, 0.0, 0.0, 0.0, 1.0],
                [0.937133, 0.025082, 0.34807, -0.125006, -0.154635, -0.8643, 0.478617, -0.002831, 0.312842, -0.502351, -0.806086, -1.2e-05, 0.0, 0.0, 0.0, 1.0],
                [0.768282, -0.356345, 0.531751, -0.124728, -0.457471, -0.886716, 0.066743, -0.008538, 0.447728, -0.294539, -0.844266, -0.000156, 0.0, 0.0, 0.0, 1.0],
                [0.722796, -0.202664, 0.660674, -0.124449, -0.554662, -0.740389, 0.379699, -0.014245, 0.412205, -0.640897, -0.647561, -0.0003, 0.0, 0.0, 0.0, 1.0],
                [0.722105, -0.157459, 0.673624, -0.124449, -0.558196, -0.707812, 0.432919, -0.014245, 0.408632, -0.688627, -0.599008, -0.0003, 0.0, 0.0, 0.0, 1.0],
                [0.722105, -0.157459, 0.673624, -0.124449, -0.558196, -0.707812, 0.432919, -0.014245, 0.408632, -0.688627, -0.599008, -0.0003, 0.0, 0.0, 0.0, 1.0]
            ]
        },
        {
            "name": "Leg_L",
            "time": [0.0, 0.05, 0.1, 0.15, 0.3, 0.5],
            "transform": [
                [0.999504, 0.004518, 0.031155, -0.0, -0.019844, 0.858683, 0.512124, 0.37472, -0.024439, -0.512488, 0.858346, 0.0, 0.0, 0.0, 0.0, 1.0],
                [0.997744, 0.06386, 0.020713, 0.0, -0.064266, 0.819267, 0.5698, 0.37472, 0.019418, -0.569845, 0.821523, 0.0, 0.0, 0.0, 0.0, 1.0],
                [0.99205, 0.123218, 0.025584, 0.0, -0.120355, 0.869556, 0.478943, 0.37472, 0.036768, -0.478214, 0.877474, 0.0, 0.0, 0.0, 0.0, 1.0],
                [0.95888, 0.265871, 0.099312, -0.0, -0.255739, 0.657658, 0.708579, 0.37472, 0.123077, -0.704839, 0.698609, -0.0, 0.0, 0.0, 0.0, 1.0],
                [0.961148, 0.262708, 0.084735, -0.0, -0.252639, 0.713531, 0.653489, 0.37472, 0.111216, -0.649506, 0.752179, -0.0, 0.0, 0.0, 0.0, 1.0],
                [0.961148, 0.262708, 0.084735, 0.0, -0.252639, 0.713531, 0.653489, 0.37472, 0.111216, -0.649506, 0.752179, 0.0, 0.0, 0.0, 0.0, 1.0]
            ]
        },
        {
            "name": "Knee_L",
            "time": [0.0, 0.5],
            "transform": [
                [1.0, -0.0, 0.0, -0.0, 0.0, 0.0, -1.0, 0.37472, 0.0, 1.0, 0.0, 0.0, 0.0, 0.0, 0.0, 1.0],
                [1.0, -0.0, 0.0, 0.0, 0.0, 0.0, -1.0, 0.37472, 0.0, 1.0, 0.0, 0.0, 0.0, 0.0, 0.0, 1.0]
            ]
        },
        {
            "name": "Torso",
            "time": [0.0, 0.05, 0.1, 0.15, 0.3, 0.5],
            "transform": [
                [0.999988, -0.004974, 0.000289, -0.0, 0.004983, 0.998307, -0.057949, 0.05, 0.0, 0.057949, 0.99832, 0.0, 0.0, 0.0, 0.0, 1.0],
                [0.99978, -0.020968, -0.000395, -0.0, 0.020972, 0.999603, 0.018823, 0.05, 0.0, -0.018827, 0.999823, 0.0, 0.0, 0.0, 0.0, 1.0],
                [0.999994, -0.003415, 0.000221, -0.0, 0.003422, 0.997913, -0.064485, 0.05, -0.0, 0.064486, 0.997919, 0.0, 0.0, 0.0, 0.0, 1.0],
                [0.999919, 0.012548, -0.001866, 0.0, -0.012686, 0.989044, -0.147074, 0.05, -0.0, 0.147086, 0.989124, -0.0, 0.0, 0.0, 0.0, 1.0],
                [0.994277, 0.104237, -0.023406, 0.0, -0.106833, 0.970122, -0.217832, 0.05, 0.0, 0.219085, 0.975706, 0.0, 0.0, 0.0, 0.0, 1.0],
                [0.994277, 0.104237, -0.023405, 0.0, -0.106833, 0.970122, -0.217832, 0.05, -0.0, 0.219085, 0.975706, -0.0, 0.0, 0.0, 0.0, 1.0]
            ]
        },
        {
            "name": "Chest",
            "time": [0.0, 0.05, 0.1, 0.15, 0.3, 0.5],
            "transform": [
                [0.824625, -0.071026, -0.561203, 0.0, 0.121386, 0.991194, 0.052918, 0.3, 0.552502, -0.111759, 0.825985, 0.0, 0.0, 0.0, 0.0, 1.0],
                [0.945854, -0.063652, -0.318292, 0.0, 0.038891, 0.995744, -0.083556, 0.3, 0.322255, 0.066653, 0.944303, 0.0, 0.0, 0.0, 0.0, 1.0],
                [0.999659, -0.022603, 0.013109, -0.0, 0.021943, 0.998583, 0.048484, 0.3, -0.014186, -0.048179, 0.998738, 0.0, 0.0, 0.0, 0.0, 1.0],
                [0.938086, -0.0221, 0.345697, 0.0, -0.038165, 0.985294, 0.166552, 0.3, -0.344294, -0.169434, 0.923447, -0.0, 0.0, 0.0, 0.0, 1.0],
                [0.920715, -0.066426, 0.38454, 0.0, -0.102561, 0.909575, 0.402684, 0.3, -0.376517, -0.410196, 0.830647, -0.0, 0.0, 0.0, 0.0, 1.0],
                [0.920715, -0.066426, 0.38454, -0.0, -0.102561, 0.909575, 0.402684, 0.3, -0.376517, -0.410196, 0.830647, 0.0, 0.0, 0.0, 0.0, 1.0]
            ]
        },
        {
            "name": "Head",
            "time": [0.0, 0.05, 0.1, 0.15, 0.3, 0.5],
            "transform": [
                [0.619781, -0.083227, 0.780349, 0.0, 0.012803, 0.995301, 0.095984, 0.4, -0.784671, -0.049498, 0.617934, 0.0, 0.0, 0.0, 0.0, 1.0],
                [0.950113, 0.105984, -0.293347, 0.0, -0.10253, 0.994359, 0.027175, 0.4, 0.294572, 0.004258, 0.95562, -0.0, 0.0, 0.0, 0.0, 1.0],
                [0.78588, 0.037019, -0.61727, 0.0, -0.022283, 0.999254, 0.031558, 0.4, 0.617977, -0.011046, 0.786118, -0.0, 0.0, 0.0, 0.0, 1.0],
                [0.51216, -0.022048, -0.858607, 0.0, 0.054313, 0.998501, 0.006758, 0.4, 0.857171, -0.050095, 0.51259, -0.0, 0.0, 0.0, 0.0, 1.0],
                [0.51216, -0.022048, -0.858607, 0.0, 0.054313, 0.998501, 0.006757, 0.4, 0.857171, -0.050095, 0.51259, 0.0, 0.0, 0.0, 0.0, 1.0],
                [0.51216, -0.022048, -0.858607, 0.0, 0.054313, 0.998501, 0.006757, 0.4, 0.857171, -0.050095, 0.51259, -0.0, 0.0, 0.0, 0.0, 1.0]
            ]
        },
        {
            "name": "Shoulder_R",
            "time": [0.0, 0.05, 0.1, 0.15, 0.3, 0.5],
            "transform": [
                [-0.025157, 0.992905, 0.116219, 0.0, 0.006735, -0.116085, 0.993217, 0.4, 0.999661, 0.025769, -0.003767, 0.0, 0.0, 0.0, 0.0, 1.0],
                [-0.152311, 0.979734, 0.130088, 0.0, 0.040769, -0.125284, 0.991283, 0.4, 0.987492, 0.156287, -0.020861, 0.0, 0.0, 0.0, 0.0, 1.0],
                [0.237789, 0.925281, 0.295487, 0.0, -0.063646, -0.288716, 0.955297, 0.4, 0.96923, -0.245965, -0.009763, -0.0, 0.0, 0.0, 0.0, 1.0],
                [0.482998, 0.778968, 0.399902, 0.0, -0.129279, -0.388262, 0.912436, 0.4, 0.866026, -0.492404, -0.086826, -0.0, 0.0, 0.0, 0.0, 1.0],
                [0.482998, 0.778968, 0.399902, 0.0, -0.129279, -0.388262, 0.912436, 0.4, 0.866026, -0.492404, -0.086826, 0.0, 0.0, 0.0, 0.0, 1.0],
                [0.482998, 0.778968, 0.399902, 0.0, -0.129279, -0.388262, 0.912436, 0.4, 0.866026, -0.492404, -0.086826, -0.0, 0.0, 0.0, 0.0, 1.0]
            ]
        },
        {
            "name": "Arm_R",
            "time": [0.0, 0.05, 0.1, 0.1167, 0.15, 0.3, 0.5],
            "transform": [
                [0.65608, -0.677354, 0.332793, 0.0, 0.716826, 0.421379, -0.555519, 0.388385, 0.236051, 0.603019, 0.762003, -0.0, 0.0, 0.0, 0.0, 1.0],
                [0.195387, -0.577416, 0.792726, 0.0, 0.792306, 0.569311, 0.219399, 0.388385, -0.577993, 0.585214, 0.568726, 0.0, 0.0, 0.0, 0.0, 1.0],
                [0.730352, -0.681688, -0.043448, -0.0, 0.66375, 0.723278, -0.190538, 0.388385, 0.161313, 0.110321, 0.980718, -0.0, 0.0, 0.0, 0.0, 1.0],
                [0.44248, -0.705786, -0.553243, -0.0, 0.835189, 0.549008, -0.032405, 0.388385, 0.326606, -0.447723, 0.83239, -0.0, 0.0, 0.0, 0.0, 1.0],
                [0.098232, -0.58118, -0.807824, -0.0, 0.958795, 0.272718, -0.079614, 0.388386, 0.266579, -0.766717, 0.584022, 0.0, 0.0, 0.0, 0.0, 1.0],
                [-0.245957, -0.646672, -0.722026, 0.0, 0.968502, -0.134101, -0.209813, 0.388385, 0.038856, -0.750888, 0.659285, 0.0, 0.0, 0.0, 0.0, 1.0],
                [-0.298795, -0.62402, -0.722026, -0.0, 0.954026, -0.214043, -0.209813, 0.388385, -0.023617, -0.751522, 0.659285, 0.0, 0.0, 0.0, 0.0, 1.0]
            ]
        },
        {
            "name": "Hand_R",
            "time": [0.0, 0.05, 0.1, 0.15, 0.3, 0.5],
            "transform": [
                [0.084997, -0.000479, 0.996381, 0.0, 0.582574, 0.811281, -0.049307, 0.33, -0.808321, 0.584657, 0.069235, 0.0, 0.0, 0.0, 0.0, 1.0],
                [0.999996, 0.000156, 0.002796, 0.0, 0.002564, 0.350852, -0.936427, 0.33, -0.001127, 0.936431, 0.35085, 0.0, 0.0, 0.0, 0.0, 1.0],
                [0.629706, 0.108045, 0.769283, 0.0, -0.070723, 0.994142, -0.081735, 0.33, -0.773607, -0.002936, 0.633659, 0.0, 0.0, 0.0, 0.0, 1.0],
                [0.094116, -0.1235, 0.987872, 0.0, 0.192558, 0.975797, 0.103645, 0.33, -0.976762, 0.180468, 0.115619, 0.0, 0.0, 0.0, 0.0, 1.0],
                [0.094116, -0.123499, 0.987872, 0.0, 0.192558, 0.975797, 0.103644, 0.33, -0.976762, 0.180468, 0.115619, 0.0, 0.0, 0.0, 0.0, 1.0],
                [0.094116, -0.123499, 0.987871, 0.0, 0.192558, 0.975797, 0.103644, 0.33, -0.976762, 0.180468, 0.115619, 0.0, 0.0, 0.0, 0.0, 1.0]
            ]
        },
        {
            "name": "Tool_R",
            "time": [0.0, 0.05, 0.1, 0.15, 0.3, 0.5],
            "transform": [
                [1.0, -0.0, 0.0, -0.0, 0.0, -1.0, 0.0, 0.291203, 0.0, -0.0, -1.0, 0.0, 0.0, 0.0, 0.0, 1.0],
                [1.0, 0.0, 0.0, -0.0, 0.0, -1.0, -0.0, 0.291204, 0.0, 0.0, -1.0, -0.0, 0.0, 0.0, 0.0, 1.0],
                [0.999827, 0.007846, -0.016883, -0.0, -0.005096, -0.756907, -0.653503, 0.291204, -0.017906, 0.653476, -0.756736, 0.0, 0.0, 0.0, 0.0, 1.0],
                [0.999164, -0.004691, -0.040615, 0.0, -0.013562, -0.975181, -0.220996, 0.291204, -0.038571, 0.221362, -0.974429, 0.0, 0.0, 0.0, 0.0, 1.0],
                [0.999164, -0.020963, -0.035102, 0.0, -0.013562, -0.979876, 0.199148, 0.291204, -0.03857, -0.198506, -0.979341, 0.0, 0.0, 0.0, 0.0, 1.0],
                [0.999164, -0.020963, -0.035102, -0.0, -0.013562, -0.979876, 0.199149, 0.291204, -0.038571, -0.198506, -0.979341, 0.0, 0.0, 0.0, 0.0, 1.0]
            ]
        },
        {
            "name": "Elbow_R",
            "time": [0.0, 0.5],
            "transform": [
                [-1.0, 0.0, 0.0, 0.0, -0.0, -0.0, -1.0, 0.33, -0.0, -1.0, -0.0, 0.0, 0.0, 0.0, 0.0, 1.0],
                [-1.0, 0.0, 0.0, 0.0, -0.0, -0.0, -1.0, 0.33, -0.0, -1.0, -0.0, 0.0, 0.0, 0.0, 0.0, 1.0]
            ]
        },
        {
            "name": "Shoulder_L",
            "time": [0.0, 0.05, 0.1, 0.15, 0.3, 0.5],
            "transform": [
                [0.014558, -0.942326, -0.33438, 0.0, 0.003894, -0.334359, 0.942438, 0.4, -0.999886, -0.015022, -0.001198, 0.0, 0.0, 0.0, 0.0, 1.0],
                [-0.030608, -0.953343, -0.300332, -0.0, -0.008196, -0.300223, 0.953834, 0.4, -0.999498, 0.031656, 0.001376, 0.0, 0.0, 0.0, 0.0, 1.0],
                [-0.053053, -0.957561, -0.283306, -0.0, -0.014204, -0.282953, 0.959029, 0.4, -0.998491, 0.054904, 0.00141, -0.0, 0.0, 0.0, 0.0, 1.0],
                [-0.075383, -0.960928, -0.266336, 0.0, -0.020181, -0.265571, 0.96388, 0.4, -0.99695, 0.078036, 0.000627, -0.0, 0.0, 0.0, 0.0, 1.0],
                [-0.075383, -0.960928, -0.266336, -0.0, -0.020181, -0.265571, 0.96388, 0.4, -0.99695, 0.078036, 0.000627, 0.0, 0.0, 0.0, 0.0, 1.0],
                [-0.075383, -0.960928, -0.266336, -0.0, -0.020181, -0.265571, 0.96388, 0.4, -0.99695, 0.078036, 0.000627, -0.0, 0.0, 0.0, 0.0, 1.0]
            ]
        },
        {
            "name": "Arm_L",
            "time": [0.0, 0.05, 0.1, 0.15, 0.3, 0.5],
            "transform": [
                [0.12054, -0.520117, 0.845546, 0.0, -0.84657, 0.390977, 0.361187, 0.388354, -0.518448, -0.759351, -0.393187, -0.0, 0.0, 0.0, 0.0, 1.0],
                [0.003579, -0.250049, 0.968226, 0.0, -0.907299, 0.406303, 0.108284, 0.388355, -0.42047, -0.878859, -0.225415, -0.0, 0.0, 0.0, 0.0, 1.0],
                [0.073465, -0.351372, 0.933349, 0.0, -0.889216, 0.400662, 0.220826, 0.388354, -0.45155, -0.846171, -0.283012, -0.0, 0.0, 0.0, 0.0, 1.0],
                [0.13872, -0.449049, 0.882673, -0.0, -0.862662, 0.382952, 0.330397, 0.388354, -0.486386, -0.807281, -0.334254, -0.0, 0.0, 0.0, 0.0, 1.0],
                [-0.000456, -0.359004, 0.933336, 0.0, -0.710595, 0.656813, 0.252293, 0.388354, -0.703601, -0.663108, -0.255406, -0.0, 0.0, 0.0, 0.0, 1.0],
                [-0.000457, -0.359004, 0.933336, 0.0, -0.710595, 0.656813, 0.252293, 0.388354, -0.703601, -0.663108, -0.255406, -0.0, 0.0, 0.0, 0.0, 1.0]
            ]
        },
        {
            "name": "Hand_L",
            "time": [0.0, 0.05, 0.1, 0.15, 0.3, 0.5],
            "transform": [
                [0.999089, -0.039379, 0.016435, 0.0, 0.04128, 0.794407, -0.605981, 0.33, 0.010807, 0.606108, 0.795309, -0.0, 0.0, 0.0, 0.0, 1.0],
                [0.994729, 0.096207, 0.035461, 0.0, -0.050516, 0.760795, -0.647023, 0.33, -0.089227, 0.641822, 0.761645, 0.0, 0.0, 0.0, 0.0, 1.0],
                [0.995905, 0.090143, 0.006837, -0.0, -0.064609, 0.76262, -0.643611, 0.33, -0.063231, 0.640534, 0.765322, -0.0, 0.0, 0.0, 0.0, 1.0],
                [0.996215, 0.084141, -0.021822, -0.0, -0.078587, 0.764522, -0.639789, 0.33, -0.037149, 0.639082, 0.768241, 0.0, 0.0, 0.0, 0.0, 1.0],
                [0.996215, 0.08414, -0.021822, 0.0, -0.078586, 0.764522, -0.639788, 0.33, -0.037148, 0.639082, 0.768241, -0.0, 0.0, 0.0, 0.0, 1.0],
                [0.996215, 0.08414, -0.021822, 0.0, -0.078587, 0.764523, -0.639789, 0.33, -0.037149, 0.639082, 0.768241, 0.0, 0.0, 0.0, 0.0, 1.0]
            ]
        },
        {
            "name": "Tool_L",
            "time": [0.0, 0.05, 0.1, 0.15, 0.3, 0.5],
            "transform": [
                [-1.0, 0.0, 0.0, 0.0, 0.0, 0.980805, -0.194992, 0.291204, -0.0, -0.194992, -0.980805, -0.0, 0.0, 0.0, 0.0, 1.0],
                [-1.0, 0.0, 0.0, 0.0, 0.0, 0.978092, -0.208176, 0.291204, -0.0, -0.208175, -0.978092, -0.0, 0.0, 0.0, 0.0, 1.0],
                [-1.0, 0.0, 0.0, -0.0, 0.0, 0.994508, -0.104663, 0.291204, -0.0, -0.104663, -0.994508, -0.0, 0.0, 0.0, 0.0, 1.0],
                [-1.0, -0.0, 0.0, 0.0, 0.0, 1.0, -0.0, 0.291204, -0.0, -0.0, -1.0, -0.0, 0.0, 0.0, 0.0, 1.0],
                [-1.0, 0.0, 0.0, -0.0, 0.0, 1.0, -0.0, 0.291203, -0.0, -0.0, -1.0, -0.0, 0.0, 0.0, 0.0, 1.0],
                [-1.0, 0.0, 0.0, 0.0, 0.0, 1.0, -0.0, 0.291204, -0.0, -0.0, -1.0, -0.0, 0.0, 0.0, 0.0, 1.0]
            ]
        },
        {
            "name": "Elbow_L",
            "time": [0.0, 0.5],
            "transform": [
                [-1.0, 0.0, -0.0, 0.0, 0.0, -0.0, -1.0, 0.33, -0.0, -1.0, 0.0, 0.0, 0.0, 0.0, 0.0, 1.0],
                [-1.0, 0.0, -0.0, 0.0, 0.0, -0.0, -1.0, 0.33, -0.0, -1.0, 0.0, 0.0, 0.0, 0.0, 0.0, 1.0]
            ]
        }
    ]
}