{

    "animation": [
        {
            "name": "Root",
            "time": [0.0, 0.0167, 0.0333, 0.0667, 0.1, 0.1333, 0.15, 0.1667, 0.2, 0.3, 0.3167, 0.5833],
            "transform": [
                [-0.081885, -0.004706, 0.996631, -5e-06, 0.995888, -0.039261, 0.081639, 0.000946, 0.038744, 0.999218, 0.007901, 0.562111, 0.0, 0.0, 0.0, 1.0],
                [0.110665, -0.014163, 0.993757, -5e-06, 0.993725, -0.014754, -0.110872, 0.050946, 0.016232, 0.999791, 0.012441, 0.593036, 0.0, 0.0, 0.0, 1.0],
                [0.308143, -0.018836, 0.951154, -5e-06, 0.951321, 0.012385, -0.307952, 0.100946, -0.005979, 0.999746, 0.021736, 0.623962, 0.0, 0.0, 0.0, 1.0],
                [0.497953, -0.017856, 0.86702, -5e-06, 0.866803, 0.040652, -0.496991, 0.200946, -0.026372, 0.999014, 0.03572, 0.654887, 0.0, 0.0, 0.0, 1.0],
                [0.667125, -0.011004, 0.744865, -5e-06, 0.743674, 0.06823, -0.665051, 0.500946, -0.043504, 0.997609, 0.053702, 0.685812, 0.0, 0.0, 0.0, 1.0],
                [0.039292, -0.024185, 0.998935, -5e-06, 0.999208, 0.007301, -0.039126, 0.500946, -0.006347, 0.999681, 0.024453, 0.583345, 0.0, 0.0, 0.0, 1.0],
                [-0.023127, -0.014882, 0.999622, -5e-06, 0.999595, -0.016924, 0.022874, 0.500946, 0.016578, 0.999746, 0.015267, 0.577728, 0.0, 0.0, 0.0, 1.0],
                [-0.081885, -0.004706, 0.996631, -5e-06, 0.995888, -0.039261, 0.081639, 0.500946, 0.038744, 0.999218, 0.007901, 0.572111, 0.0, 0.0, 0.0, 1.0],
                [-0.155407, -0.004155, 0.987842, -5e-06, 0.987084, -0.040043, 0.15512, 0.600946, 0.038911, 0.999189, 0.010324, 0.541935, 0.0, 0.0, 0.0, 1.0],
                [-0.264165, -0.001406, 0.964476, -5e-06, 0.963621, -0.042521, 0.263868, 0.600946, 0.040639, 0.999095, 0.012587, 0.527896, 0.0, 0.0, 0.0, 1.0],
                [-0.315013, 0.0, 0.949088, -5e-06, 0.948186, -0.043593, 0.314713, 0.600946, 0.041373, 0.999049, 0.013732, 0.520877, 0.0, 0.0, 0.0, 1.0],
                [-0.315013, 0.0, 0.949088, -5e-06, 0.948186, -0.043593, 0.314713, 0.600946, 0.041373, 0.999049, 0.013732, 0.520877, 0.0, 0.0, 0.0, 1.0]
            ]
        },
        {
            "name": "Thigh_R",
            "time": [0.0, 0.0167, 0.0333, 0.0667, 0.1, 0.1333, 0.15, 0.1667, 0.2, 0.3, 0.3167, 0.5833],
            "transform": [
                [0.847283, 0.304004, 0.435537, 0.124994, 0.347353, -0.93749, -0.021366, -0.002831, 0.401817, 0.169388, -0.899917, -1.2e-05, 0.0, 0.0, 0.0, 1.0],
                [0.86419, 0.321566, 0.387001, 0.124994, 0.329442, -0.942961, 0.047866, -0.002831, 0.380319, 0.086128, -0.920836, -1.2e-05, 0.0, 0.0, 0.0, 1.0],
                [0.88013, 0.334731, 0.336639, 0.124994, 0.313281, -0.942311, 0.117909, -0.002831, 0.356687, 0.001687, -0.934222, -1.2e-05, 0.0, 0.0, 0.0, 1.0],
                [0.894912, 0.343335, 0.285052, 0.124994, 0.299065, -0.935544, 0.187926, -0.002831, 0.3312, -0.082928, -0.939909, -1.2e-05, 0.0, 0.0, 0.0, 1.0],
                [0.908371, 0.347327, 0.232866, 0.124994, 0.286942, -0.922806, 0.257085, -0.002831, 0.304182, -0.166709, -0.937913, -1.2e-05, 0.0, 0.0, 0.0, 1.0],
                [0.872777, 0.28714, 0.394729, 0.124994, 0.292052, -0.955142, 0.049057, -0.002831, 0.391109, 0.072465, -0.917487, -1.2e-05, 0.0, 0.0, 0.0, 1.0],
                [0.860218, 0.296195, 0.415081, 0.124994, 0.319736, -0.94741, 0.013434, -0.002831, 0.397232, 0.12116, -0.909685, -1.2e-05, 0.0, 0.0, 0.0, 1.0],
                [0.847283, 0.304004, 0.435537, 0.124994, 0.347353, -0.93749, -0.021366, -0.002831, 0.401817, 0.169388, -0.899917, -1.2e-05, 0.0, 0.0, 0.0, 1.0],
                [0.844758, 0.288473, 0.45074, 0.124994, 0.342391, -0.938663, -0.040952, -0.002831, 0.41128, 0.188924, -0.891715, -1.2e-05, 0.0, 0.0, 0.0, 1.0],
                [0.832306, 0.254056, 0.492668, 0.124994, 0.352744, -0.928351, -0.117193, -0.002831, 0.427595, 0.271326, -0.862289, -1.2e-05, 0.0, 0.0, 0.0, 1.0],
                [0.825906, 0.235506, 0.512265, 0.124994, 0.358453, -0.920645, -0.154667, -0.002831, 0.435189, 0.311364, -0.844785, -1.2e-05, 0.0, 0.0, 0.0, 1.0],
                [0.825906, 0.235506, 0.512265, 0.124994, 0.358453, -0.920645, -0.154667, -0.002831, 0.435189, 0.311364, -0.844785, -1.2e-05, 0.0, 0.0, 0.0, 1.0]
            ]
        },
        {
            "name": "Leg_R",
            "time": [0.0, 0.0167, 0.0333, 0.0667, 0.1, 0.1333, 0.15, 0.1667, 0.2, 0.3, 0.3167, 0.5833],
            "transform": [
                [0.995906, 0.046319, -0.07762, 0.0, 0.019895, 0.725341, 0.688101, 0.37472, 0.088173, -0.686827, 0.721452, -0.0, 0.0, 0.0, 0.0, 1.0],
                [0.997006, 0.032339, -0.070221, -0.0, 0.020643, 0.763968, 0.644923, 0.37472, 0.074503, -0.644441, 0.761016, 0.0, 0.0, 0.0, 0.0, 1.0],
                [0.997899, 0.018779, -0.061996, 0.0, 0.022188, 0.800067, 0.599498, 0.37472, 0.060859, -0.599613, 0.797973, -0.0, 0.0, 0.0, 0.0, 1.0],
                [0.998579, 0.005715, -0.052987, -0.0, 0.024524, 0.833438, 0.552066, 0.37472, 0.047316, -0.552579, 0.832116, 0.0, 0.0, 0.0, 0.0, 1.0],
                [0.999041, -0.006785, -0.043243, 0.0, 0.027634, 0.863909, 0.502887, 0.37472, 0.033946, -0.503598, 0.863271, -0.0, 0.0, 0.0, 0.0, 1.0],
                [0.998037, 0.011995, -0.061459, -0.0, 0.037098, 0.677422, 0.734658, 0.37472, 0.050446, -0.735495, 0.675649, -0.0, 0.0, 0.0, 0.0, 1.0],
                [0.997162, 0.029397, -0.069307, -0.0, 0.028765, 0.701983, 0.711612, 0.37472, 0.069571, -0.711585, 0.699147, 0.0, 0.0, 0.0, 0.0, 1.0],
                [0.995906, 0.046319, -0.07762, -0.0, 0.019895, 0.725341, 0.688101, 0.37472, 0.088173, -0.686827, 0.721452, -0.0, 0.0, 0.0, 0.0, 1.0],
                [0.996039, 0.04486, -0.076764, -0.0, 0.024847, 0.688537, 0.724775, 0.37472, 0.085368, -0.723811, 0.684696, 0.0, 0.0, 0.0, 0.0, 1.0],
                [0.995098, 0.049416, -0.085651, -0.0, 0.025086, 0.711684, 0.702051, 0.37472, 0.095649, -0.700758, 0.706958, 0.0, 0.0, 0.0, 0.0, 1.0],
                [0.994592, 0.051579, -0.090137, 0.0, 0.02508, 0.722957, 0.690437, 0.37472, 0.100777, -0.688963, 0.717756, -0.0, 0.0, 0.0, 0.0, 1.0],
                [0.994592, 0.051579, -0.090137, 0.0, 0.02508, 0.722957, 0.690437, 0.37472, 0.100777, -0.688963, 0.717756, -0.0, 0.0, 0.0, 0.0, 1.0]
            ]
        },
        {
            "name": "Knee_R",
            "time": [0.0, 0.0167, 0.0333, 0.0667, 0.1, 0.1333, 0.15, 0.1667, 0.2, 0.3, 0.3167, 0.5833],
            "transform": [
                [1.0, 0.0, -1e-06, 0.0, -1e-06, 0.0, -1.0, 0.37472, -0.0, 1.0, 0.0, -0.0, 0.0, 0.0, 0.0, 1.0],
                [1.0, 0.0, -1e-06, -0.0, -1e-06, 0.0, -1.0, 0.37472, -0.0, 1.0, 0.0, 0.0, 0.0, 0.0, 0.0, 1.0],
                [1.0, 0.0, -1e-06, 0.0, -1e-06, 0.0, -1.0, 0.37472, -0.0, 1.0, 0.0, -0.0, 0.0, 0.0, 0.0, 1.0],
                [1.0, 0.0, -1e-06, -0.0, -1e-06, 0.0, -1.0, 0.37472, -0.0, 1.0, 0.0, 0.0, 0.0, 0.0, 0.0, 1.0],
                [1.0, 0.0, -1e-06, 0.0, -1e-06, 0.0, -1.0, 0.37472, -0.0, 1.0, 0.0, -0.0, 0.0, 0.0, 0.0, 1.0],
                [1.0, 0.0, -1e-06, -0.0, -1e-06, 0.0, -1.0, 0.37472, -0.0, 1.0, 0.0, -0.0, 0.0, 0.0, 0.0, 1.0],
                [1.0, 0.0, -1e-06, -0.0, -1e-06, 0.0, -1.0, 0.37472, -0.0, 1.0, 0.0, 0.0, 0.0, 0.0, 0.0, 1.0],
                [1.0, 0.0, -1e-06, -0.0, -1e-06, 0.0, -1.0, 0.37472, -0.0, 1.0, 0.0, -0.0, 0.0, 0.0, 0.0, 1.0],
                [1.0, 0.0, -1e-06, -0.0, -1e-06, 0.0, -1.0, 0.37472, -0.0, 1.0, 0.0, 0.0, 0.0, 0.0, 0.0, 1.0],
                [1.0, 0.0, -1e-06, -0.0, -1e-06, 0.0, -1.0, 0.37472, -0.0, 1.0, 0.0, 0.0, 0.0, 0.0, 0.0, 1.0],
                [1.0, 0.0, -1e-06, 0.0, -1e-06, 0.0, -1.0, 0.37472, -0.0, 1.0, 0.0, -0.0, 0.0, 0.0, 0.0, 1.0],
                [1.0, 0.0, -1e-06, 0.0, -1e-06, 0.0, -1.0, 0.37472, -0.0, 1.0, 0.0, -0.0, 0.0, 0.0, 0.0, 1.0]
            ]
        },
        {
            "name": "Thigh_L",
            "time": [0.0, 0.0167, 0.0333, 0.0667, 0.1, 0.1333, 0.15, 0.1667, 0.2, 0.3, 0.3167, 0.5833],
            "transform": [
                [0.964513, -0.162398, 0.208187, -0.125006, -0.264017, -0.583703, 0.767844, -0.002831, -0.003177, -0.79556, -0.605865, -1.2e-05, 0.0, 0.0, 0.0, 1.0],
                [0.967637, -0.17164, 0.184984, -0.125006, -0.252184, -0.68411, 0.684394, -0.002831, 0.00908, -0.708895, -0.705255, -1.2e-05, 0.0, 0.0, 0.0, 1.0],
                [0.970886, -0.177721, 0.160613, -0.125006, -0.238735, -0.772959, 0.587825, -0.002831, 0.019678, -0.609055, -0.792883, -1.2e-05, 0.0, 0.0, 0.0, 1.0],
                [0.974174, -0.180463, 0.135719, -0.125006, -0.224019, -0.847816, 0.480649, -0.002831, 0.028325, -0.498639, -0.866347, -1.2e-05, 0.0, 0.0, 0.0, 1.0],
                [0.977413, -0.179864, 0.110968, -0.125006, -0.208451, -0.907006, 0.365906, -0.002831, 0.034835, -0.380773, -0.924012, -1.2e-05, 0.0, 0.0, 0.0, 1.0],
                [0.989567, -0.061344, 0.130367, -0.125006, -0.139703, -0.629831, 0.764065, -0.002831, 0.035239, -0.774305, -0.63183, -1.2e-05, 0.0, 0.0, 0.0, 1.0],
                [0.978986, -0.113191, 0.169635, -0.125006, -0.203279, -0.608165, 0.767341, -0.002831, 0.01631, -0.785699, -0.618393, -1.2e-05, 0.0, 0.0, 0.0, 1.0],
                [0.964513, -0.162398, 0.208187, -0.125006, -0.264017, -0.583703, 0.767844, -0.002831, -0.003177, -0.79556, -0.605865, -1.2e-05, 0.0, 0.0, 0.0, 1.0],
                [0.971665, -0.129078, 0.198006, -0.125006, -0.236358, -0.536408, 0.810186, -0.002831, 0.001635, -0.834029, -0.551717, -1.2e-05, 0.0, 0.0, 0.0, 1.0],
                [0.98195, -0.095881, 0.163037, -0.125006, -0.189088, -0.477156, 0.858235, -0.002831, -0.004494, -0.873572, -0.486674, -1.2e-05, 0.0, 0.0, 0.0, 1.0],
                [0.986216, -0.080371, 0.144636, -0.125006, -0.165351, -0.446147, 0.879552, -0.002831, -0.006161, -0.891343, -0.453286, -1.2e-05, 0.0, 0.0, 0.0, 1.0],
                [0.986216, -0.080371, 0.144636, -0.125006, -0.165351, -0.446147, 0.879552, -0.002831, -0.006161, -0.891343, -0.453286, -1.2e-05, 0.0, 0.0, 0.0, 1.0]
            ]
        },
        {
            "name": "Leg_L",
            "time": [0.0, 0.0167, 0.0333, 0.0667, 0.1, 0.1333, 0.15, 0.1667, 0.2, 0.3, 0.3167, 0.5833],
            "transform": [
                [0.999678, 0.005607, 0.024727, 0.0, -0.021516, 0.703523, 0.710347, 0.37472, -0.013413, -0.710651, 0.703417, 0.0, 0.0, 0.0, 0.0, 1.0],
                [0.99975, 0.003646, 0.02204, 0.0, -0.017641, 0.734157, 0.67875, 0.37472, -0.013706, -0.67897, 0.734038, -0.0, 0.0, 0.0, 0.0, 1.0],
                [0.999752, 0.00439, 0.021828, -0.0, -0.017451, 0.763376, 0.645719, 0.37472, -0.013828, -0.64594, 0.763263, -0.0, 0.0, 0.0, 0.0, 1.0],
                [0.999752, 0.005379, 0.021574, 0.0, -0.017451, 0.791106, 0.611431, 0.37472, -0.013779, -0.611656, 0.791004, 0.0, 0.0, 0.0, 0.0, 1.0],
                [0.999756, 0.006451, 0.021136, 0.0, -0.017451, 0.817268, 0.575994, 0.37472, -0.013558, -0.576222, 0.81718, -0.0, 0.0, 0.0, 0.0, 1.0],
                [0.999085, 0.039385, 0.016648, -0.0, -0.038652, 0.665357, 0.745524, 0.37472, 0.018285, -0.745486, 0.66627, -0.0, 0.0, 0.0, 0.0, 1.0],
                [0.999539, 0.022391, 0.020485, 0.0, -0.030263, 0.684802, 0.728101, 0.37472, 0.002275, -0.728386, 0.685163, 0.0, 0.0, 0.0, 0.0, 1.0],
                [0.999678, 0.005607, 0.024727, 0.0, -0.021516, 0.703523, 0.710347, 0.37472, -0.013413, -0.710651, 0.703417, -0.0, 0.0, 0.0, 0.0, 1.0],
                [0.999581, 0.01625, 0.023958, 0.0, -0.028647, 0.674519, 0.737702, 0.37472, -0.004173, -0.738079, 0.674702, 0.0, 0.0, 0.0, 0.0, 1.0],
                [0.999611, 0.009791, 0.026099, 0.0, -0.025796, 0.679704, 0.733033, 0.37472, -0.010563, -0.733422, 0.679692, 0.0, 0.0, 0.0, 0.0, 1.0],
                [0.999609, 0.006571, 0.027184, 0.0, -0.024356, 0.682274, 0.730691, 0.37472, -0.013746, -0.731068, 0.682166, 0.0, 0.0, 0.0, 0.0, 1.0],
                [0.999609, 0.006571, 0.027184, 0.0, -0.024356, 0.682274, 0.730691, 0.37472, -0.013746, -0.731068, 0.682166, 0.0, 0.0, 0.0, 0.0, 1.0]
            ]
        },
        {
            "name": "Knee_L",
            "time": [0.0, 0.0167, 0.0333, 0.0667, 0.1, 0.1333, 0.15, 0.1667, 0.2, 0.3, 0.3167, 0.5833],
            "transform": [
                [1.0, -0.0, 0.0, 0.0, 0.0, 0.0, -1.0, 0.37472, 0.0, 1.0, 0.0, 0.0, 0.0, 0.0, 0.0, 1.0],
                [1.0, -0.0, 0.0, 0.0, 0.0, 0.0, -1.0, 0.37472, 0.0, 1.0, 0.0, -0.0, 0.0, 0.0, 0.0, 1.0],
                [1.0, -0.0, 0.0, -0.0, 0.0, 0.0, -1.0, 0.37472, 0.0, 1.0, 0.0, -0.0, 0.0, 0.0, 0.0, 1.0],
                [1.0, -0.0, 0.0, 0.0, 0.0, 0.0, -1.0, 0.37472, 0.0, 1.0, 0.0, 0.0, 0.0, 0.0, 0.0, 1.0],
                [1.0, -0.0, 0.0, 0.0, 0.0, 0.0, -1.0, 0.37472, 0.0, 1.0, 0.0, -0.0, 0.0, 0.0, 0.0, 1.0],
                [1.0, -0.0, 0.0, -0.0, 0.0, 0.0, -1.0, 0.37472, 0.0, 1.0, 0.0, -0.0, 0.0, 0.0, 0.0, 1.0],
                [1.0, -0.0, 0.0, 0.0, 0.0, 0.0, -1.0, 0.37472, 0.0, 1.0, 0.0, 0.0, 0.0, 0.0, 0.0, 1.0],
                [1.0, -0.0, 0.0, 0.0, 0.0, 0.0, -1.0, 0.37472, 0.0, 1.0, 0.0, -0.0, 0.0, 0.0, 0.0, 1.0],
                [1.0, -0.0, 0.0, 0.0, 0.0, 0.0, -1.0, 0.37472, 0.0, 1.0, 0.0, 0.0, 0.0, 0.0, 0.0, 1.0],
                [1.0, -0.0, 0.0, 0.0, 0.0, 0.0, -1.0, 0.37472, 0.0, 1.0, 0.0, 0.0, 0.0, 0.0, 0.0, 1.0],
                [1.0, -0.0, 0.0, 0.0, 0.0, 0.0, -1.0, 0.37472, 0.0, 1.0, 0.0, 0.0, 0.0, 0.0, 0.0, 1.0],
                [1.0, -0.0, 0.0, 0.0, 0.0, 0.0, -1.0, 0.37472, 0.0, 1.0, 0.0, 0.0, 0.0, 0.0, 0.0, 1.0]
            ]
        },
        {
            "name": "Torso",
            "time": [0.0, 0.0167, 0.0333, 0.0667, 0.1, 0.1333, 0.15, 0.1667, 0.2, 0.3, 0.3167, 0.5833],
            "transform": [
                [1.0, -0.000324, -2.8e-05, -0.0, 0.000326, 0.996366, 0.085178, 0.05, 0.0, -0.085178, 0.996366, 0.0, 0.0, 0.0, 0.0, 1.0],
                [0.999995, -0.00309, -0.000146, 0.0, 0.003094, 0.998885, 0.047106, 0.05, -0.0, -0.047106, 0.99889, 0.0, 0.0, 0.0, 0.0, 1.0],
                [0.999983, -0.005811, -5.2e-05, -0.0, 0.005811, 0.999943, 0.008954, 0.05, 0.0, -0.008954, 0.99996, 0.0, 0.0, 0.0, 0.0, 1.0],
                [0.999964, -0.008467, 0.000247, -0.0, 0.008471, 0.999538, -0.029194, 0.05, 0.0, 0.029195, 0.999574, 0.0, 0.0, 0.0, 0.0, 1.0],
                [0.999939, -0.011043, 0.000744, -0.0, 0.011068, 0.997675, -0.067253, 0.05, 0.0, 0.067257, 0.997736, 0.0, 0.0, 0.0, 0.0, 1.0],
                [0.999794, 0.020247, 0.001139, 0.0, -0.020279, 0.998215, 0.056177, 0.05, 0.0, -0.056189, 0.99842, 0.0, 0.0, 0.0, 0.0, 1.0],
                [0.99995, 0.009946, 0.000705, 0.0, -0.009971, 0.997448, 0.070698, 0.05, -0.0, -0.070701, 0.997497, 0.0, 0.0, 0.0, 0.0, 1.0],
                [1.0, -0.000324, -2.8e-05, 0.0, 0.000326, 0.996366, 0.085178, 0.05, 0.0, -0.085178, 0.996366, -0.0, 0.0, 0.0, 0.0, 1.0],
                [0.999974, 0.007122, 0.000706, 0.0, -0.007156, 0.995099, 0.098629, 0.05, 0.0, -0.098631, 0.995124, 0.0, 0.0, 0.0, 0.0, 1.0],
                [0.99999, 0.00445, 0.000466, 0.0, -0.004474, 0.994554, 0.104127, 0.05, 0.0, -0.104128, 0.994564, 0.0, 0.0, 0.0, 0.0, 1.0],
                [0.999995, 0.003117, 0.000335, 0.0, -0.003135, 0.994268, 0.106873, 0.05, 0.0, -0.106874, 0.994272, -0.0, 0.0, 0.0, 0.0, 1.0],
                [0.999995, 0.003117, 0.000335, 0.0, -0.003135, 0.994268, 0.106873, 0.05, 0.0, -0.106874, 0.994272, -0.0, 0.0, 0.0, 0.0, 1.0]
            ]
        },
        {
            "name": "Chest",
            "time": [0.0, 0.0167, 0.0333, 0.0667, 0.1, 0.1333, 0.15, 0.1667, 0.2, 0.3, 0.3167, 0.5833],
            "transform": [
                [0.827395, -0.039781, 0.56021, 0.0, -0.265387, 0.851402, 0.45242, 0.3, -0.494961, -0.523003, 0.693889, 0.0, 0.0, 0.0, 0.0, 1.0],
                [0.906212, 0.002542, 0.422816, 0.0, -0.179702, 0.907491, 0.379694, 0.3, -0.382737, -0.420064, 0.822836, -0.0, 0.0, 0.0, 0.0, 1.0],
                [0.962592, 0.025613, 0.269743, 0.0, -0.105882, 0.951923, 0.287459, 0.3, -0.249412, -0.305266, 0.919025, 0.0, 0.0, 0.0, 0.0, 1.0],
                [0.993465, 0.028338, 0.110564, 0.0, -0.048232, 0.982181, 0.181645, 0.3, -0.103446, -0.185791, 0.977129, -0.0, 0.0, 0.0, 0.0, 1.0],
                [0.998914, 0.012059, -0.045005, 0.0, -0.008915, 0.997548, 0.069414, 0.3, 0.045732, -0.068937, 0.996573, 0.0, 0.0, 0.0, 0.0, 1.0],
                [0.931978, 0.033676, 0.360947, -0.0, -0.182196, 0.904299, 0.386067, 0.3, -0.313403, -0.425569, 0.848923, 0.0, 0.0, 0.0, 0.0, 1.0],
                [0.885216, -7.8e-05, 0.46518, 0.0, -0.222006, 0.878698, 0.422614, 0.3, -0.408785, -0.477378, 0.777821, 0.0, 0.0, 0.0, 0.0, 1.0],
                [0.827395, -0.039781, 0.56021, 0.0, -0.265387, 0.851402, 0.45242, 0.3, -0.494961, -0.523003, 0.693889, 0.0, 0.0, 0.0, 0.0, 1.0],
                [0.812598, -0.045189, 0.58107, 0.0, -0.291168, 0.832185, 0.4719, 0.3, -0.504882, -0.552654, 0.663074, 0.0, 0.0, 0.0, 0.0, 1.0],
                [0.838175, -0.079903, 0.539517, -0.0, -0.307534, 0.747714, 0.588512, 0.3, -0.450428, -0.659196, 0.602142, 0.0, 0.0, 0.0, 0.0, 1.0],
                [0.850556, -0.09429, 0.517362, -0.0, -0.312308, 0.700953, 0.641193, 0.3, -0.423105, -0.706947, 0.566752, 0.0, 0.0, 0.0, 0.0, 1.0],
                [0.850556, -0.09429, 0.517362, -0.0, -0.312308, 0.700953, 0.641193, 0.3, -0.423105, -0.706947, 0.566752, 0.0, 0.0, 0.0, 0.0, 1.0]
            ]
        },
        {
            "name": "Head",
            "time": [0.0, 0.0167, 0.0333, 0.0667, 0.1, 0.1333, 0.15, 0.1667, 0.2, 0.3, 0.3167, 0.5833],
            "transform": [
                [-0.195088, 0.157862, -0.967998, 0.0, -0.000844, 0.986935, 0.16112, 0.4, 0.980785, 0.032249, -0.192405, -0.0, 0.0, 0.0, 0.0, 1.0],
                [0.029656, 0.13782, -0.990014, 0.0, 0.000447, 0.990447, 0.137894, 0.4, 0.99956, -0.004532, 0.029311, -0.0, 0.0, 0.0, 0.0, 1.0],
                [0.290263, 0.117973, -0.949647, 0.0, 0.004769, 0.992181, 0.124715, 0.4, 0.956935, -0.040729, 0.287431, 0.0, 0.0, 0.0, 0.0, 1.0],
                [0.547611, 0.09837, -0.830931, 0.0, 0.010017, 0.992223, 0.124066, 0.4, 0.836673, -0.076264, 0.542367, -0.0, 0.0, 0.0, 0.0, 1.0],
                [0.759287, 0.079054, -0.645936, 0.0, 0.012356, 0.990664, 0.135769, 0.4, 0.650638, -0.111069, 0.751221, -0.0, 0.0, 0.0, 0.0, 1.0],
                [-0.00595, 0.146075, -0.989256, 0.0, 0.034837, 0.988703, 0.145784, 0.4, 0.999375, -0.033595, -0.010972, -0.0, 0.0, 0.0, 0.0, 1.0],
                [-0.106392, 0.155806, -0.982041, 0.0, 0.006913, 0.987739, 0.155961, 0.4, 0.9943, 0.009804, -0.106164, -0.0, 0.0, 0.0, 0.0, 1.0],
                [-0.19486, 0.157862, -0.968044, 0.0, -0.000882, 0.986935, 0.16112, 0.4, 0.980831, 0.03225, -0.192175, -0.0, 0.0, 0.0, 0.0, 1.0],
                [-0.255832, 0.173261, -0.951068, 0.0, 0.009494, 0.984211, 0.176744, 0.4, 0.966674, 0.036186, -0.253437, 0.0, 0.0, 0.0, 0.0, 1.0],
                [-0.279127, 0.201762, -0.938819, 0.0, 0.01078, 0.978274, 0.207036, 0.4, 0.960193, 0.047669, -0.275238, -0.0, 0.0, 0.0, 0.0, 1.0],
                [-0.278215, 0.208252, -0.937671, 0.0, 0.009031, 0.976737, 0.214249, 0.4, 0.960477, 0.051139, -0.273623, 0.0, 0.0, 0.0, 0.0, 1.0],
                [-0.278215, 0.208252, -0.937671, 0.0, 0.009031, 0.976737, 0.214249, 0.4, 0.960477, 0.051139, -0.273623, 0.0, 0.0, 0.0, 0.0, 1.0]
            ]
        },
        {
            "name": "Shoulder_R",
            "time": [0.0, 0.0167, 0.0333, 0.0667, 0.1, 0.1333, 0.15, 0.1667, 0.2, 0.3, 0.3167, 0.5833],
            "transform": [
                [0.317969, 0.890574, 0.325229, 0.0, -0.085107, -0.314837, 0.945323, 0.4, 0.944274, -0.328263, -0.024315, -0.0, 0.0, 0.0, 0.0, 1.0],
                [0.289427, 0.909657, 0.29792, 0.0, -0.077467, -0.28796, 0.954504, 0.4, 0.95406, -0.299339, -0.012875, 0.0, 0.0, 0.0, 0.0, 1.0],
                [0.26241, 0.925967, 0.271527, 0.0, -0.070236, -0.262313, 0.962423, 0.4, 0.962397, -0.27162, -0.003798, 0.0, 0.0, 0.0, 0.0, 1.0],
                [0.236861, 0.93984, 0.246164, 0.0, -0.063397, -0.237882, 0.969223, 0.4, 0.969473, -0.245178, 0.003238, 0.0, 0.0, 0.0, 0.0, 1.0],
                [0.212719, 0.951584, 0.221897, 0.0, -0.056935, -0.214638, 0.975033, 0.4, 0.975453, -0.220042, 0.008521, 0.0, 0.0, 0.0, 0.0, 1.0],
                [0.280254, 0.915384, 0.289013, 0.0, -0.075012, -0.279274, 0.957277, 0.4, 0.95699, -0.289961, -0.009603, 0.0, 0.0, 0.0, 0.0, 1.0],
                [0.29877, 0.903621, 0.306928, 0.0, -0.079968, -0.296781, 0.951591, 0.4, 0.950969, -0.308851, -0.016409, 0.0, 0.0, 0.0, 0.0, 1.0],
                [0.317969, 0.890574, 0.325229, 0.0, -0.085107, -0.314837, 0.945323, 0.4, 0.944274, -0.328263, -0.024315, -0.0, 0.0, 0.0, 0.0, 1.0],
                [0.323582, 0.886594, 0.330522, 0.0, -0.086609, -0.320096, 0.943418, 0.4, 0.942228, -0.333899, -0.02679, 0.0, 0.0, 0.0, 0.0, 1.0],
                [0.346604, 0.869486, 0.351936, 0.0, -0.092771, -0.341578, 0.935263, 0.4, 0.933413, -0.356816, -0.037729, 0.0, 0.0, 0.0, 0.0, 1.0],
                [0.35846, 0.86018, 0.362764, 0.0, -0.095945, -0.352584, 0.930848, 0.4, 0.928602, -0.368477, -0.043858, 0.0, 0.0, 0.0, 0.0, 1.0],
                [0.35846, 0.86018, 0.362764, 0.0, -0.095945, -0.352584, 0.930848, 0.4, 0.928602, -0.368477, -0.043858, 0.0, 0.0, 0.0, 0.0, 1.0]
            ]
        },
        {
            "name": "Arm_R",
            "time": [0.0, 0.0167, 0.0333, 0.0667, 0.1, 0.1333, 0.15, 0.1667, 0.2, 0.3, 0.3167, 0.5833],
            "transform": [
                [-0.14225, -0.987709, 0.064767, 0.0, -0.592693, 0.032589, -0.804769, 0.388385, 0.792767, -0.152866, -0.590044, 0.0, 0.0, 0.0, 0.0, 1.0],
                [-0.069156, -0.99439, -0.080033, 0.0, -0.544889, 0.104852, -0.831927, 0.388385, 0.835652, -0.013924, -0.549083, 0.0, 0.0, 0.0, 0.0, 1.0],
                [0.013144, -0.975465, -0.219761, 0.0, -0.501051, 0.18377, -0.845681, 0.388385, 0.865318, 0.121227, -0.486342, 0.0, 0.0, 0.0, 0.0, 1.0],
                [0.101076, -0.931865, -0.348442, -0.0, -0.463044, 0.265925, -0.845503, 0.388385, 0.880554, 0.246805, -0.404615, 0.0, 0.0, 0.0, 0.0, 1.0],
                [0.190717, -0.866543, -0.461227, -0.0, -0.432181, 0.347745, -0.832042, 0.388385, 0.881389, 0.358018, -0.308183, -0.0, 0.0, 0.0, 0.0, 1.0],
                [-0.01226, -0.991765, -0.127482, -0.0, -0.53348, 0.114319, -0.838052, 0.388385, 0.845724, 0.057735, -0.530488, 0.0, 0.0, 0.0, 0.0, 1.0],
                [-0.079543, -0.996309, -0.032289, -0.0, -0.562224, 0.071588, -0.823881, 0.388385, 0.823151, -0.04738, -0.565842, -0.0, 0.0, 0.0, 0.0, 1.0],
                [-0.14225, -0.987709, 0.064767, -0.0, -0.592693, 0.032589, -0.804769, 0.388385, 0.792767, -0.152866, -0.590044, -0.0, 0.0, 0.0, 0.0, 1.0],
                [-0.146342, -0.984936, 0.092113, -0.0, -0.602948, 0.014989, -0.79764, 0.388385, 0.784243, -0.172267, -0.596059, -0.0, 0.0, 0.0, 0.0, 1.0],
                [-0.158872, -0.966871, 0.199803, 0.0, -0.643391, -0.052112, -0.763762, 0.388385, 0.748872, -0.249892, -0.613796, 0.0, 0.0, 0.0, 0.0, 1.0],
                [-0.162857, -0.953876, 0.252189, 0.0, -0.663097, -0.083454, -0.743867, 0.388385, 0.730603, -0.288369, -0.618921, 0.0, 0.0, 0.0, 0.0, 1.0],
                [-0.162857, -0.953876, 0.252189, 0.0, -0.663097, -0.083454, -0.743867, 0.388385, 0.730603, -0.288369, -0.618921, 0.0, 0.0, 0.0, 0.0, 1.0]
            ]
        },
        {
            "name": "Hand_R",
            "time": [0.0, 0.0167, 0.0333, 0.0667, 0.1, 0.1333, 0.15, 0.1667, 0.2, 0.3, 0.3167, 0.5833],
            "transform": [
                [0.99996, -0.00393, 0.008002, -0.0, 0.007087, 0.894965, -0.446079, 0.33, -0.005408, 0.446118, 0.894958, -0.0, 0.0, 0.0, 0.0, 1.0],
                [0.999878, -0.00678, 0.014052, 0.0, 0.012562, 0.883995, -0.467327, 0.33, -0.009253, 0.467447, 0.883973, 0.0, 0.0, 0.0, 0.0, 1.0],
                [0.999752, -0.009484, 0.020168, -0.0, 0.018127, 0.872502, -0.488274, 0.33, -0.012965, 0.488518, 0.872458, -0.0, 0.0, 0.0, 0.0, 1.0],
                [0.99958, -0.01204, 0.026344, -0.0, 0.023776, 0.860497, -0.5089, 0.33, -0.016542, 0.509313, 0.860422, -0.0, 0.0, 0.0, 0.0, 1.0],
                [0.999365, -0.014445, 0.032575, 0.0, 0.029506, 0.847992, -0.529187, 0.33, -0.019979, 0.529812, 0.847879, -0.0, 0.0, 0.0, 0.0, 1.0],
                [0.999841, -0.007767, 0.016049, 0.0, 0.014422, 0.881597, -0.471782, 0.33, -0.010484, 0.471938, 0.881569, 0.0, 0.0, 0.0, 0.0, 1.0],
                [0.999911, -0.005878, 0.012011, -0.0, 0.010736, 0.888379, -0.458986, 0.33, -0.007973, 0.459074, 0.888362, 0.0, 0.0, 0.0, 0.0, 1.0],
                [0.99996, -0.00393, 0.008002, -0.0, 0.007087, 0.894965, -0.446079, 0.33, -0.005408, 0.446118, 0.894958, -0.0, 0.0, 0.0, 0.0, 1.0],
                [0.999971, -0.003387, 0.006849, 0.0, 0.006062, 0.897362, -0.441255, 0.33, -0.004652, 0.441283, 0.897356, 0.0, 0.0, 0.0, 0.0, 1.0],
                [0.999997, -0.001153, 0.00227, -0.0, 0.002003, 0.906675, -0.421825, 0.33, -0.001572, 0.421828, 0.906675, 0.0, 0.0, 0.0, 0.0, 1.0],
                [1.0, -0.0, -0.0, 0.0, -0.0, 0.911169, -0.412033, 0.33, 0.0, 0.412034, 0.911169, -0.0, 0.0, 0.0, 0.0, 1.0],
                [1.0, -0.0, -0.0, 0.0, -0.0, 0.911169, -0.412033, 0.33, 0.0, 0.412034, 0.911169, -0.0, 0.0, 0.0, 0.0, 1.0]
            ]
        },
        {
            "name": "Tool_R",
            "time": [0.0, 0.0167, 0.0333, 0.0667, 0.1, 0.1333, 0.15, 0.1667, 0.2, 0.3, 0.3167, 0.5833],
            "transform": [
                [-0.375389, -0.917045, 0.13458, -0.010324, -0.916342, 0.345372, -0.202574, 0.263095, 0.13929, -0.199365, -0.969975, -0.001821, 0.0, 0.0, 0.0, 1.0],
                [0.062735, -0.985706, 0.156359, -0.010263, -0.990184, -0.081079, -0.113849, 0.264357, 0.124899, -0.147682, -0.981117, 0.002306, 0.0, 0.0, 0.0, 1.0],
                [0.534467, -0.834759, 0.132375, -0.007113, -0.841045, -0.540774, -0.014397, 0.259345, 0.083603, -0.103638, -0.991095, 0.009127, 0.0, 0.0, 0.0, 1.0],
                [0.873135, -0.469034, 0.132828, -0.001655, -0.4844, -0.865368, 0.128437, 0.257018, 0.054703, -0.176485, -0.982782, -0.003517, 0.0, 0.0, 0.0, 1.0],
                [0.995015, -0.054986, 0.083202, 0.003844, -0.069781, -0.979892, 0.18693, 0.255419, 0.07125, -0.191804, -0.978844, -0.014073, 0.0, 0.0, 0.0, 1.0],
                [0.549665, -0.817725, 0.170865, -0.00336, -0.82826, -0.560112, -0.016112, 0.257939, 0.108879, -0.132664, -0.985163, -0.026861, 0.0, 0.0, 0.0, 1.0],
                [0.072772, -0.980336, 0.183433, -0.008365, -0.988124, -0.095826, -0.120123, 0.246963, 0.135338, -0.172513, -0.975666, -0.022677, 0.0, 0.0, 0.0, 1.0],
                [-0.375389, -0.914703, 0.149674, -0.010281, -0.916342, 0.341987, -0.208238, 0.263214, 0.13929, -0.215323, -0.966558, -0.001813, 0.0, 0.0, 0.0, 1.0],
                [-0.17109, -0.96998, 0.172819, -0.002553, -0.958479, 0.123244, -0.257155, 0.250679, 0.228136, -0.20964, -0.950792, 0.006695, 0.0, 0.0, 0.0, 1.0],
                [-0.315685, -0.933483, 0.170155, -0.01024, -0.907259, 0.244432, -0.342248, 0.260232, 0.277891, -0.262418, -0.924075, -0.004473, 0.0, 0.0, 0.0, 1.0],
                [-0.433449, -0.881248, 0.188479, -0.014684, -0.867546, 0.35144, -0.351929, 0.271017, 0.243898, -0.316058, -0.916854, 0.007433, 0.0, 0.0, 0.0, 1.0],
                [-0.433449, -0.881248, 0.188479, -0.014684, -0.867546, 0.35144, -0.351929, 0.271017, 0.243898, -0.316058, -0.916854, 0.007433, 0.0, 0.0, 0.0, 1.0]
            ]
        },
        {
            "name": "Elbow_R",
            "time": [0.0, 0.0167, 0.0333, 0.0667, 0.1, 0.1333, 0.15, 0.1667, 0.2, 0.3, 0.3167, 0.5833],
            "transform": [
                [-1.0, 0.0, 0.0, 0.0, -0.0, 0.0, -1.0, 0.33, -0.0, -1.0, -0.0, 0.0, 0.0, 0.0, 0.0, 1.0],
                [-1.0, 0.0, 0.0, 0.0, -0.0, -0.0, -1.0, 0.33, -0.0, -1.0, 0.0, 0.0, 0.0, 0.0, 0.0, 1.0],
                [-1.0, 0.0, 0.0, -0.0, -0.0, 0.0, -1.0, 0.33, -0.0, -1.0, -0.0, 0.0, 0.0, 0.0, 0.0, 1.0],
                [-1.0, 0.0, 0.0, -0.0, -0.0, -0.0, -1.0, 0.33, -0.0, -1.0, -0.0, 0.0, 0.0, 0.0, 0.0, 1.0],
                [-1.0, 0.0, 0.0, 0.0, -0.0, 0.0, -1.0, 0.33, -0.0, -1.0, 0.0, 0.0, 0.0, 0.0, 0.0, 1.0],
                [-1.0, 0.0, 0.0, 0.0, -0.0, 0.0, -1.0, 0.33, -0.0, -1.0, -0.0, 0.0, 0.0, 0.0, 0.0, 1.0],
                [-1.0, 0.0, 0.0, -0.0, -0.0, 0.0, -1.0, 0.33, -0.0, -1.0, 0.0, 0.0, 0.0, 0.0, 0.0, 1.0],
                [-1.0, 0.0, 0.0, -0.0, -0.0, 0.0, -1.0, 0.33, -0.0, -1.0, -0.0, 0.0, 0.0, 0.0, 0.0, 1.0],
                [-1.0, 0.0, 0.0, 0.0, -0.0, 0.0, -1.0, 0.33, -0.0, -1.0, -0.0, 0.0, 0.0, 0.0, 0.0, 1.0],
                [-1.0, 0.0, 0.0, -0.0, -0.0, 0.0, -1.0, 0.33, -0.0, -1.0, -0.0, 0.0, 0.0, 0.0, 0.0, 1.0],
                [-1.0, 0.0, 0.0, -0.0, -0.0, -0.0, -1.0, 0.33, -0.0, -1.0, -0.0, 0.0, 0.0, 0.0, 0.0, 1.0],
                [-1.0, 0.0, 0.0, -0.0, -0.0, -0.0, -1.0, 0.33, -0.0, -1.0, -0.0, 0.0, 0.0, 0.0, 0.0, 1.0]
            ]
        },
        {
            "name": "Shoulder_L",
            "time": [0.0, 0.0167, 0.0333, 0.0667, 0.1, 0.1333, 0.15, 0.1667, 0.2, 0.3, 0.3167, 0.5833],
            "transform": [
                [-0.051893, -0.914183, -0.401965, 0.0, -0.013893, -0.401807, 0.915619, 0.4, -0.998556, 0.053099, 0.00815, -0.0, 0.0, 0.0, 0.0, 1.0],
                [-0.042901, -0.911461, -0.409143, 0.0, -0.011486, -0.409043, 0.912443, 0.4, -0.999013, 0.043844, 0.007079, 0.0, 0.0, 0.0, 0.0, 1.0],
                [-0.035247, -0.909181, -0.414907, -0.0, -0.009437, -0.414844, 0.909844, 0.4, -0.999334, 0.035985, 0.006042, 0.0, 0.0, 0.0, 0.0, 1.0],
                [-0.028597, -0.907271, -0.419574, -0.0, -0.007657, -0.419534, 0.907707, 0.4, -0.999562, 0.02917, 0.00505, -0.0, 0.0, 0.0, 0.0, 1.0],
                [-0.02271, -0.906149, -0.422348, 0.0, -0.006082, -0.422324, 0.906425, 0.4, -0.999723, 0.023154, 0.00408, 0.0, 0.0, 0.0, 0.0, 1.0],
                [-0.021574, -0.906175, -0.422352, -0.0, -0.005777, -0.422331, 0.906423, 0.4, -0.99975, 0.021995, 0.003876, 0.0, 0.0, 0.0, 0.0, 1.0],
                [-0.035178, -0.905781, -0.422283, -0.0, -0.009419, -0.422225, 0.906442, 0.4, -0.999336, 0.035864, 0.006321, 0.0, 0.0, 0.0, 0.0, 1.0],
                [-0.051893, -0.914183, -0.401965, -0.0, -0.013893, -0.401807, 0.915619, 0.4, -0.998556, 0.053099, 0.00815, -0.0, 0.0, 0.0, 0.0, 1.0],
                [-0.046749, -0.908872, -0.414446, 0.0, -0.012516, -0.414335, 0.910039, 0.4, -0.998828, 0.047731, 0.007994, 0.0, 0.0, 0.0, 0.0, 1.0],
                [-0.021639, -0.906173, -0.422352, -0.0, -0.005795, -0.42233, 0.906423, 0.4, -0.999749, 0.022062, 0.003888, -0.0, 0.0, 0.0, 0.0, 1.0],
                [-0.006042, -0.906393, -0.422391, 0.0, -0.00162, -0.422389, 0.906413, 0.4, -0.999981, 0.006161, 0.001084, 0.0, 0.0, 0.0, 0.0, 1.0],
                [-0.006042, -0.906393, -0.422391, 0.0, -0.00162, -0.422389, 0.906413, 0.4, -0.999981, 0.006161, 0.001084, 0.0, 0.0, 0.0, 0.0, 1.0]
            ]
        },
        {
            "name": "Arm_L",
            "time": [0.0, 0.0167, 0.0333, 0.0667, 0.1, 0.1333, 0.15, 0.1667, 0.2, 0.3, 0.3167, 0.5833],
            "transform": [
                [-0.373857, -0.112916, 0.920587, 0.0, -0.375998, 0.925793, -0.039141, 0.388354, -0.847854, -0.360772, -0.388571, -0.0, 0.0, 0.0, 0.0, 1.0],
                [-0.300924, -0.111516, 0.947105, 0.0, -0.299664, 0.953891, 0.017103, 0.388354, -0.905343, -0.278667, -0.320466, -0.0, 0.0, 0.0, 0.0, 1.0],
                [-0.226012, -0.116859, 0.96709, -0.0, -0.216571, 0.97396, 0.067075, 0.388354, -0.949745, -0.194284, -0.245435, -0.0, 0.0, 0.0, 0.0, 1.0],
                [-0.150836, -0.128772, 0.980136, 0.0, -0.128657, 0.985604, 0.109691, 0.388354, -0.98015, -0.109556, -0.165232, -0.0, 0.0, 0.0, 0.0, 1.0],
                [-0.077082, -0.146794, 0.986159, -0.0, -0.038025, 0.988815, 0.144217, 0.388354, -0.996299, -0.026382, -0.081802, 0.0, 0.0, 0.0, 0.0, 1.0],
                [-0.371137, -0.04153, 0.927648, -0.0, -0.313492, 0.94595, -0.083074, 0.388354, -0.874059, -0.321642, -0.364097, 0.0, 0.0, 0.0, 0.0, 1.0],
                [-0.373107, -0.077272, 0.924565, 0.0, -0.344891, 0.936665, -0.060897, 0.388354, -0.861302, -0.341596, -0.376126, -0.0, 0.0, 0.0, 0.0, 1.0],
                [-0.373857, -0.112916, 0.920587, -0.0, -0.375998, 0.925793, -0.039141, 0.388354, -0.847854, -0.360772, -0.388571, 0.0, 0.0, 0.0, 0.0, 1.0],
                [-0.379376, -0.088796, 0.920972, -0.0, -0.388233, 0.918796, -0.071338, 0.388354, -0.839851, -0.384615, -0.383043, 0.0, 0.0, 0.0, 0.0, 1.0],
                [-0.403502, -0.011281, 0.914909, -0.0, -0.430359, 0.884754, -0.178891, 0.388354, -0.807451, -0.465922, -0.361854, 0.0, 0.0, 0.0, 0.0, 1.0],
                [-0.416759, 0.026181, 0.90864, -0.0, -0.449306, 0.863011, -0.230946, 0.388354, -0.790213, -0.504506, -0.347904, 0.0, 0.0, 0.0, 0.0, 1.0],
                [-0.416759, 0.026181, 0.90864, -0.0, -0.449306, 0.863011, -0.230946, 0.388354, -0.790213, -0.504506, -0.347904, 0.0, 0.0, 0.0, 0.0, 1.0]
            ]
        },
        {
            "name": "Hand_L",
            "time": [0.0, 0.0167, 0.0333, 0.0667, 0.1, 0.1333, 0.15, 0.1667, 0.2, 0.3, 0.3167, 0.5833],
            "transform": [
                [0.997711, 0.061725, -0.027595, 0.0, -0.051483, 0.428988, -0.901842, 0.33, -0.043828, 0.901199, 0.431184, 0.0, 0.0, 0.0, 0.0, 1.0],
                [0.999193, 0.03632, -0.017122, -0.0, -0.035226, 0.58823, -0.807926, 0.33, -0.019272, 0.807877, 0.589035, 0.0, 0.0, 0.0, 0.0, 1.0],
                [0.999891, 0.009243, -0.011464, -0.0, -0.014589, 0.727728, -0.68571, 0.33, 0.002005, 0.685803, 0.727784, 0.0, 0.0, 0.0, 0.0, 1.0],
                [0.999777, -0.018093, -0.010869, -0.0, 0.00932, 0.840473, -0.541773, 0.33, 0.018937, 0.541551, 0.840455, 0.0, 0.0, 0.0, 0.0, 1.0],
                [0.998904, -0.044311, -0.015066, -0.0, 0.035118, 0.922433, -0.384556, 0.33, 0.030937, 0.383606, 0.922979, 0.0, 0.0, 0.0, 0.0, 1.0],
                [0.999536, 0.026383, -0.015215, 0.0, -0.028477, 0.632528, -0.774014, 0.33, -0.010797, 0.774087, 0.632986, -0.0, 0.0, 0.0, 0.0, 1.0],
                [0.998801, 0.044504, -0.020369, 0.0, -0.041025, 0.534309, -0.844293, 0.33, -0.026691, 0.844117, 0.535494, -0.0, 0.0, 0.0, 0.0, 1.0],
                [0.997711, 0.061724, -0.027595, -0.0, -0.051483, 0.428988, -0.901842, 0.33, -0.043828, 0.901199, 0.431184, -0.0, 0.0, 0.0, 0.0, 1.0],
                [0.997365, 0.065944, -0.030226, 0.0, -0.053938, 0.395524, -0.91687, 0.33, -0.048507, 0.916085, 0.398039, -0.0, 0.0, 0.0, 0.0, 1.0],
                [0.995683, 0.083054, -0.041442, -0.0, -0.062114, 0.264431, -0.962402, 0.33, -0.068973, 0.960822, 0.268448, -0.0, 0.0, 0.0, 0.0, 1.0],
                [0.994722, 0.090811, -0.047762, -0.0, -0.065057, 0.198237, -0.977993, 0.33, -0.079344, 0.975938, 0.203098, 0.0, 0.0, 0.0, 0.0, 1.0],
                [0.994722, 0.090811, -0.047762, -0.0, -0.065057, 0.198237, -0.977993, 0.33, -0.079344, 0.975938, 0.203098, 0.0, 0.0, 0.0, 0.0, 1.0]
            ]
        },
        {
            "name": "Tool_L",
            "time": [0.0, 0.0167, 0.0333, 0.0667, 0.1, 0.1333, 0.15, 0.1667, 0.2, 0.3, 0.3167, 0.5833],
            "transform": [
                [-0.90016, 0.426807, -0.086878, 0.026152, 0.431727, 0.900712, -0.048264, 0.277342, 0.057652, -0.080953, -0.995049, 0.003245, 0.0, 0.0, 0.0, 1.0],
                [-0.548205, 0.83031, -0.100282, 0.031409, 0.803663, 0.556174, 0.21165, 0.292641, 0.23151, 0.035435, -0.972187, -0.00259, 0.0, 0.0, 0.0, 1.0],
                [0.032786, 0.996915, -0.071306, 0.030475, 0.905377, 0.000595, 0.424607, 0.270931, 0.42334, -0.07848, -0.902565, -0.016156, 0.0, 0.0, 0.0, 1.0],
                [0.578634, 0.815581, -0.003226, 0.068206, 0.663943, -0.468746, 0.58263, 0.266339, 0.47367, -0.339271, -0.812731, -0.084846, 0.0, 0.0, 0.0, 1.0],
                [0.885336, 0.464934, -0.004026, 0.009014, 0.304087, -0.572454, 0.761464, 0.267386, 0.351725, -0.675376, -0.648195, -0.019495, 0.0, 0.0, 0.0, 1.0],
                [-0.095629, 0.995411, -0.003552, 0.055844, 0.986542, 0.095251, 0.132898, 0.197572, 0.132626, 0.009205, -0.991123, -0.10812, 0.0, 0.0, 0.0, 1.0],
                [-0.602995, 0.797123, -0.031494, 0.044404, 0.793925, 0.603498, 0.073987, 0.269252, 0.077983, 0.01961, -0.996762, -0.155374, 0.0, 0.0, 0.0, 1.0],
                [-0.90016, 0.429355, -0.073254, 0.017374, 0.431727, 0.901792, -0.019582, 0.285891, 0.057652, -0.049252, -0.997121, -0.195674, 0.0, 0.0, 0.0, 1.0],
                [-0.798629, 0.597251, -0.074047, 0.012603, 0.601683, 0.795035, -0.076787, 0.277007, 0.013009, -0.105878, -0.994294, -0.189459, 0.0, 0.0, 0.0, 1.0],
                [-0.889842, 0.453494, -0.05023, 0.011588, 0.442526, 0.830981, -0.337107, 0.226478, -0.111136, -0.3222, -0.940126, -0.167098, 0.0, 0.0, 0.0, 1.0],
                [-0.957331, 0.288812, 0.010213, 0.028872, 0.251549, 0.850171, -0.462528, 0.225053, -0.142267, -0.440224, -0.886546, -0.13103, 0.0, 0.0, 0.0, 1.0],
                [-0.957331, 0.288812, 0.010213, 0.028872, 0.251549, 0.850171, -0.462528, 0.225053, -0.142267, -0.440224, -0.886546, -0.13103, 0.0, 0.0, 0.0, 1.0]
            ]
        },
        {
            "name": "Elbow_L",
            "time": [0.0, 0.0167, 0.0333, 0.0667, 0.1, 0.1333, 0.15, 0.1667, 0.2, 0.3, 0.3167, 0.5833],
            "transform": [
                [-1.0, 0.0, -0.0, 0.0, 0.0, -0.0, -1.0, 0.33, -0.0, -1.0, 0.0, 0.0, 0.0, 0.0, 0.0, 1.0],
                [-1.0, 0.0, -0.0, 0.0, 0.0, -0.0, -1.0, 0.33, -0.0, -1.0, 0.0, 0.0, 0.0, 0.0, 0.0, 1.0],
                [-1.0, 0.0, -0.0, -0.0, 0.0, -0.0, -1.0, 0.33, -0.0, -1.0, 0.0, 0.0, 0.0, 0.0, 0.0, 1.0],
                [-1.0, 0.0, -0.0, 0.0, 0.0, -0.0, -1.0, 0.33, -0.0, -1.0, 0.0, 0.0, 0.0, 0.0, 0.0, 1.0],
                [-1.0, 0.0, -0.0, 0.0, 0.0, -0.0, -1.0, 0.33, -0.0, -1.0, 0.0, 0.0, 0.0, 0.0, 0.0, 1.0],
                [-1.0, 0.0, -0.0, 0.0, 0.0, -0.0, -1.0, 0.33, -0.0, -1.0, 0.0, 0.0, 0.0, 0.0, 0.0, 1.0],
                [-1.0, 0.0, -0.0, 0.0, 0.0, -0.0, -1.0, 0.33, -0.0, -1.0, 0.0, 0.0, 0.0, 0.0, 0.0, 1.0],
                [-1.0, 0.0, -0.0, 0.0, 0.0, -0.0, -1.0, 0.33, -0.0, -1.0, 0.0, 0.0, 0.0, 0.0, 0.0, 1.0],
                [-1.0, 0.0, -0.0, 0.0, 0.0, -0.0, -1.0, 0.33, -0.0, -1.0, 0.0, 0.0, 0.0, 0.0, 0.0, 1.0],
                [-1.0, 0.0, -0.0, 0.0, 0.0, -0.0, -1.0, 0.33, -0.0, -1.0, -0.0, -0.0, 0.0, 0.0, 0.0, 1.0],
                [-1.0, 0.0, -0.0, 0.0, 0.0, -0.0, -1.0, 0.33, -0.0, -1.0, 0.0, 0.0, 0.0, 0.0, 0.0, 1.0],
                [-1.0, 0.0, -0.0, 0.0, 0.0, -0.0, -1.0, 0.33, -0.0, -1.0, 0.0, 0.0, 0.0, 0.0, 0.0, 1.0]
            ]
        }
    ]
}