{"animation": [{"name": "Root", "time": [0.0, 0.1, 0.2, 0.25, 0.3, 0.4, 0.6, 1.4], "transform": [[-0.433298, -0.015479, 0.901118, -5e-06, 0.899077, 0.061982, 0.433381, 0.000946, -0.062561, 0.997957, -0.01294, 0.463453, 0.0, 0.0, 0.0, 1.0], [0.1415, -0.035165, 0.989313, -5e-06, 0.981763, 0.133156, -0.135687, 0.672347, -0.126962, 0.990471, 0.053366, 0.480106, 0.0, 0.0, 0.0, 1.0], [0.999448, -0.032868, -0.004765, -5e-06, -0.00141, 0.101352, -0.99485, 1.008047, 0.033181, 0.994308, 0.10125, 0.446759, 0.0, 0.0, 0.0, 1.0], [0.93194, -0.167482, -0.321616, -5e-06, -0.304164, 0.121805, -0.9448, 1.091913, 0.197411, 0.978322, 0.062573, 0.501534, 0.0, 0.0, 0.0, 1.0], [0.583081, -0.288299, -0.75954, -5e-06, -0.759043, 0.13995, -0.635821, 1.200946, 0.289604, 0.947258, -0.137229, 0.521649, 0.0, 0.0, 0.0, 1.0], [0.36033, 0.001174, -0.932824, -5e-06, -0.932815, -0.004036, -0.360332, 1.200946, -0.004188, 0.999991, -0.00036, 0.517649, 0.0, 0.0, 0.0, 1.0], [0.141404, 0.001174, -0.989951, -5e-06, -0.989943, -0.004036, -0.141408, 1.200946, -0.004162, 0.999991, 0.000591, 0.617649, 0.0, 0.0, 0.0, 1.0], [0.643669, 0.0, -0.765304, -5e-06, -0.765304, 0.0, -0.643669, 1.200946, 0.0, 1.0, 0.0, 0.613972, 0.0, 0.0, 0.0, 1.0]]}, {"name": "Thigh_R", "time": [0.0, 0.1, 0.15, 0.2, 0.25, 0.3, 0.4, 0.6, 1.0, 1.4], "transform": [[0.627539, 0.571261, 0.529012, 0.124994, 0.584933, -0.794346, 0.163909, -0.002831, 0.513854, 0.206578, -0.832633, -1.2e-05, 0.0, 0.0, 0.0, 1.0], [0.875137, -0.257254, 0.409822, 0.124994, -0.205443, -0.964375, -0.166653, -0.002831, 0.438094, 0.061649, -0.896812, -1.2e-05, 0.0, 0.0, 0.0, 1.0], [0.967457, -0.056296, 0.246692, 0.124994, 0.006351, -0.969227, -0.246087, -0.002831, 0.252955, 0.239645, -0.937328, -1.2e-05, 0.0, 0.0, 0.0, 1.0], [0.982076, 0.161908, 0.096506, 0.124994, 0.18748, -0.891946, -0.411443, -0.002831, 0.019462, 0.422161, -0.906312, -1.2e-05, 0.0, 0.0, 0.0, 1.0], [0.909213, 0.296404, 0.292361, 0.124994, 0.369068, -0.898798, -0.236536, -0.002831, 0.192664, 0.322963, -0.926593, -1.2e-05, 0.0, 0.0, 0.0, 1.0], [0.823763, 0.481164, 0.29982, 0.124189, 0.431991, -0.875214, 0.217674, -0.016834, 0.367144, -0.049792, -0.928828, -0.002133, 0.0, 0.0, 0.0, 1.0], [0.74741, 0.655816, 0.106234, 0.124994, 0.407071, -0.578434, 0.706901, -0.002831, 0.525046, -0.4851, -0.69929, -1.2e-05, 0.0, 0.0, 0.0, 1.0], [0.802224, 0.54744, 0.238215, 0.124994, 0.312242, -0.724802, 0.61414, -0.002831, 0.508863, -0.418297, -0.752387, -1.2e-05, 0.0, 0.0, 0.0, 1.0], [0.937034, 0.334792, 0.099397, 0.128856, 0.224257, -0.795, 0.563634, 0.003169, 0.267721, -0.505854, -0.820022, -0.004604, 0.0, 0.0, 0.0, 1.0], [0.881738, 0.400439, 0.249374, 0.131431, 0.272642, -0.863974, 0.42334, 0.007169, 0.384974, -0.305285, -0.870974, -0.007665, 0.0, 0.0, 0.0, 1.0]]}, {"name": "Leg_R", "time": [0.0, 0.1, 0.15, 0.2, 0.25, 0.3, 0.4, 0.6, 1.0, 1.4], "transform": [[0.993557, 0.058913, -0.096812, -0.0, 0.063395, 0.419174, 0.905688, 0.37472, 0.093938, -0.905992, 0.412739, -0.0, 0.0, 0.0, 0.0, 1.0], [0.983715, -0.177505, 0.028235, 0.0, 0.088581, 0.615478, 0.78316, 0.37472, -0.156393, -0.767905, 0.621179, 0.0, 0.0, 0.0, 0.0, 1.0], [0.996221, -0.08682, 0.002433, 0.0, 0.055981, 0.66327, 0.746283, 0.37472, -0.066406, -0.743327, 0.665623, 0.0, 0.0, 0.0, 0.0, 1.0], [0.99941, 0.002204, -0.034265, -0.0, 0.017444, 0.826967, 0.561981, 0.37472, 0.029575, -0.562249, 0.826437, -0.0, 0.0, 0.0, 0.0, 1.0], [0.998718, 0.005564, -0.050326, 0.0, 0.017432, 0.895401, 0.444921, 0.37472, 0.047537, -0.445227, 0.894154, -0.0, 0.0, 0.0, 0.0, 1.0], [0.999334, -0.021611, -0.029456, -0.0, 0.034874, 0.804548, 0.592862, 0.37472, 0.010886, -0.593495, 0.804763, -0.0, 0.0, 0.0, 0.0, 1.0], [0.984658, 0.101196, -0.142155, -0.0, 0.017186, 0.754462, 0.656119, 0.37472, 0.173647, -0.648497, 0.741148, 0.0, 0.0, 0.0, 0.0, 1.0], [0.987282, 0.001588, -0.158964, -0.0, 0.068904, 0.896866, 0.436903, 0.37472, 0.143263, -0.442301, 0.88535, 0.0, 0.0, 0.0, 0.0, 1.0], [0.998934, -0.016322, -0.043197, -0.0, 0.043688, 0.637026, 0.769605, 0.37472, 0.014956, -0.770671, 0.63706, -0.0, 0.0, 0.0, 0.0, 1.0], [0.997908, 0.030698, -0.056914, 0.0, 0.017418, 0.720001, 0.693756, 0.37472, 0.062275, -0.693294, 0.71796, -0.0, 0.0, 0.0, 0.0, 1.0]]}, {"name": "Knee_R", "time": [0.0, 0.1, 0.2, 0.3, 0.4, 0.6, 1.4], "transform": [[1.0, 0.0, -1e-06, -0.0, -1e-06, 0.0, -1.0, 0.37472, -0.0, 1.0, 0.0, -0.0, 0.0, 0.0, 0.0, 1.0], [1.0, 0.0, -1e-06, 0.0, -1e-06, 0.0, -1.0, 0.37472, -0.0, 1.0, 0.0, 0.0, 0.0, 0.0, 0.0, 1.0], [1.0, 0.0, -1e-06, -0.0, -1e-06, 0.0, -1.0, 0.37472, -0.0, 1.0, 0.0, -0.0, 0.0, 0.0, 0.0, 1.0], [1.0, 0.0, -1e-06, -0.0, -1e-06, 0.0, -1.0, 0.37472, -0.0, 1.0, 0.0, -0.0, 0.0, 0.0, 0.0, 1.0], [1.0, 0.0, -1e-06, -0.0, -1e-06, 0.0, -1.0, 0.37472, -0.0, 1.0, 0.0, 0.0, 0.0, 0.0, 0.0, 1.0], [1.0, 0.0, -1e-06, -0.0, -1e-06, 0.0, -1.0, 0.37472, -0.0, 1.0, 0.0, 0.0, 0.0, 0.0, 0.0, 1.0], [1.0, 0.0, -1e-06, 0.0, -1e-06, 0.0, -1.0, 0.37472, -0.0, 1.0, 0.0, -0.0, 0.0, 0.0, 0.0, 1.0]]}, {"name": "Thigh_L", "time": [0.0, 0.1, 0.15, 0.2, 0.25, 0.3, 0.4, 0.6, 1.0, 1.2, 1.4], "transform": [[0.974927, -0.20992, 0.073816, -0.149564, -0.165936, -0.464827, 0.869712, 0.015713, -0.148258, -0.860156, -0.488006, 0.0128, 0.0, 0.0, 0.0, 1.0], [0.869583, -0.288963, 0.400408, -0.137285, -0.485516, -0.352558, 0.799986, 0.006441, -0.089999, -0.890058, -0.446875, 0.006394, 0.0, 0.0, 0.0, 1.0], [0.954991, 0.135014, 0.264128, -0.131146, -0.22149, -0.267739, 0.937688, 0.001805, 0.197319, -0.953985, -0.225784, 0.003191, 0.0, 0.0, 0.0, 1.0], [0.940948, -0.327497, -0.085809, -0.125006, -0.016263, -0.296892, 0.954773, -0.002831, -0.338161, -0.896995, -0.284686, -1.2e-05, 0.0, 0.0, 0.0, 1.0], [0.811389, -0.584066, 0.022714, -0.125006, -0.183069, -0.217032, 0.958844, -0.002831, -0.555099, -0.782153, -0.283022, -1.2e-05, 0.0, 0.0, 0.0, 1.0], [0.531888, -0.845426, 0.048442, -0.124201, -0.539652, -0.294319, 0.788763, 0.011172, -0.652585, -0.445677, -0.612782, 0.002109, 0.0, 0.0, 0.0, 1.0], [0.846843, -0.521807, 0.102844, -0.125006, -0.511617, -0.746437, 0.42554, -0.002831, -0.145282, -0.412982, -0.899079, -1.2e-05, 0.0, 0.0, 0.0, 1.0], [0.874983, -0.467136, -0.127245, -0.125006, -0.456634, -0.883582, 0.103782, -0.00283, -0.160911, -0.032704, -0.986428, -1.2e-05, 0.0, 0.0, 0.0, 1.0], [0.882746, -0.455488, -0.115282, -0.13273, -0.343802, -0.793423, 0.502276, 0.003169, -0.320248, -0.403748, -0.856989, 0.009172, 0.0, 0.0, 0.0, 1.0], [0.921974, -0.368229, -0.119882, -0.135305, -0.163943, -0.651604, 0.740632, 0.005169, -0.350838, -0.66319, -0.661131, 0.012233, 0.0, 0.0, 0.0, 1.0], [0.899453, -0.380837, -0.214355, -0.137879, -0.174983, -0.763305, 0.621889, 0.007169, -0.400457, -0.521851, -0.753197, 0.015294, 0.0, 0.0, 0.0, 1.0]]}, {"name": "Leg_L", "time": [0.0, 0.1, 0.15, 0.2, 0.25, 0.3, 0.4, 0.6, 1.0, 1.4], "transform": [[0.986007, 0.166704, 0.001603, 0.0, -0.128705, 0.755072, 0.642886, 0.37472, 0.105962, -0.634096, 0.765961, -0.0, 0.0, 0.0, 0.0, 1.0], [0.97667, 0.19561, 0.088618, -0.0, -0.126344, 0.189722, 0.973674, 0.37472, 0.173648, -0.962156, 0.21001, 0.0, 0.0, 0.0, 0.0, 1.0], [0.976628, 0.204946, 0.064779, 0.0, -0.126672, 0.305315, 0.943788, 0.37472, 0.173648, -0.929936, 0.324139, 0.0, 0.0, 0.0, 0.0, 1.0], [0.989212, 0.137403, -0.050801, 0.0, -0.079242, 0.793555, 0.603317, 0.37472, 0.123211, -0.592783, 0.795882, -0.0, 0.0, 0.0, 0.0, 1.0], [0.999548, 0.022132, 0.020311, 0.0, -0.029779, 0.641254, 0.766749, 0.37472, 0.003945, -0.767008, 0.641624, 0.0, 0.0, 0.0, 0.0, 1.0], [0.985088, -0.150265, 0.083782, 0.0, -0.018382, 0.392267, 0.919667, 0.37472, -0.171059, -0.907495, 0.383655, 0.0, 0.0, 0.0, 0.0, 1.0], [0.992692, -0.062184, 0.103407, -0.0, -0.062362, 0.469253, 0.880859, 0.37472, -0.103299, -0.880872, 0.461946, 0.0, 0.0, 0.0, 0.0, 1.0], [0.993006, -0.004788, 0.117963, -0.0, -0.053257, 0.873573, 0.483771, 0.37472, -0.105366, -0.48667, 0.867208, 0.0, 0.0, 0.0, 0.0, 1.0], [0.997979, -0.0105, 0.062679, 0.0, -0.034305, 0.741234, 0.670371, 0.37472, -0.053499, -0.671166, 0.739374, 0.0, 0.0, 0.0, 0.0, 1.0], [0.999816, 0.006525, 0.018006, -0.0, -0.017452, 0.697688, 0.716188, 0.37472, -0.007889, -0.716372, 0.697674, -0.0, 0.0, 0.0, 0.0, 1.0]]}, {"name": "Knee_L", "time": [0.0, 0.1, 0.2, 0.3, 0.4, 0.6, 1.4], "transform": [[1.0, -0.0, 0.0, 0.0, 0.0, 0.0, -1.0, 0.37472, 0.0, 1.0, 0.0, -0.0, 0.0, 0.0, 0.0, 1.0], [1.0, -0.0, 0.0, -0.0, 0.0, 0.0, -1.0, 0.37472, 0.0, 1.0, 0.0, 0.0, 0.0, 0.0, 0.0, 1.0], [1.0, -0.0, 0.0, 0.0, 0.0, 0.0, -1.0, 0.37472, 0.0, 1.0, 0.0, -0.0, 0.0, 0.0, 0.0, 1.0], [1.0, -0.0, 0.0, 0.0, 0.0, 0.0, -1.0, 0.37472, 0.0, 1.0, 0.0, 0.0, 0.0, 0.0, 0.0, 1.0], [1.0, -0.0, 0.0, -0.0, 0.0, 0.0, -1.0, 0.37472, 0.0, 1.0, 0.0, 0.0, 0.0, 0.0, 0.0, 1.0], [1.0, -0.0, 0.0, -0.0, 0.0, 0.0, -1.0, 0.37472, 0.0, 1.0, 0.0, 0.0, 0.0, 0.0, 0.0, 1.0], [1.0, -0.0, 0.0, -0.0, 0.0, 0.0, -1.0, 0.37472, 0.0, 1.0, 0.0, -0.0, 0.0, 0.0, 0.0, 1.0]]}, {"name": "Torso", "time": [0.0, 0.1, 0.15, 0.2, 0.25, 0.3, 0.4, 0.6, 0.8, 1.0, 1.4], "transform": [[0.966705, 0.231388, -0.109272, -0.0, -0.255893, 0.874134, -0.412807, 0.05, -0.0, 0.427024, 0.90424, 0.0, 0.0, 0.0, 0.0, 1.0], [0.922959, 0.377602, -0.074596, -0.0, -0.3849, 0.905459, -0.178876, 0.05, 0.0, 0.193807, 0.98104, 0.0, 0.0, 0.0, 0.0, 1.0], [0.926006, 0.361137, 0.109968, 0.0, -0.377509, 0.885847, 0.269744, 0.05, 0.0, -0.291298, 0.956632, 0.0, 0.0, 0.0, 0.0, 1.0], [0.997609, 0.059853, 0.034556, -0.0, -0.069112, 0.863954, 0.498804, 0.05, -0.0, -0.5, 0.866026, 0.0, 0.0, 0.0, 0.0, 1.0], [0.99877, 0.049253, 0.005694, -0.0, -0.049581, 0.992162, 0.114695, 0.05, 0.0, -0.114836, 0.993385, -0.0, 0.0, 0.0, 0.0, 1.0], [0.990196, 0.139682, 0.00072, 0.0, -0.139684, 0.990182, 0.005104, 0.05, 0.0, -0.005154, 0.999987, -0.0, 0.0, 0.0, 0.0, 1.0], [0.99946, 0.03085, -0.011373, -0.0, -0.03288, 0.937763, -0.345718, 0.05, -0.0, 0.345905, 0.93827, -0.0, 0.0, 0.0, 0.0, 1.0], [0.99946, 0.03085, -0.011373, -0.0, -0.03288, 0.937763, -0.345718, 0.05, -0.0, 0.345905, 0.938271, 0.0, 0.0, 0.0, 0.0, 1.0], [0.998197, -0.059793, 0.005319, 0.0, 0.060029, 0.994271, -0.088442, 0.05, -0.0, 0.088602, 0.996068, 0.0, 0.0, 0.0, 0.0, 1.0], [0.988309, -0.152412, -0.004085, -0.0, 0.152466, 0.987954, 0.02648, 0.05, 0.0, -0.026793, 0.999641, -0.0, 0.0, 0.0, 0.0, 1.0], [0.998982, -0.044772, -0.005534, 0.0, 0.045113, 0.991437, 0.122547, 0.05, 0.0, -0.122672, 0.992447, 0.0, 0.0, 0.0, 0.0, 1.0]]}, {"name": "Chest", "time": [0.0, 0.1, 0.15, 0.2, 0.25, 0.3, 0.4, 0.6, 0.8, 1.0, 1.4], "transform": [[0.861062, 0.107385, 0.497032, 0.0, -0.329171, 0.862724, 0.383866, 0.3, -0.38758, -0.494141, 0.778207, -0.0, 0.0, 0.0, 0.0, 1.0], [0.857608, 0.001677, 0.514301, 0.0, -0.140016, 0.962984, 0.23034, 0.3, -0.494878, -0.269552, 0.826098, 0.0, 0.0, 0.0, 0.0, 1.0], [0.812872, -0.16927, 0.557304, 0.0, 0.042118, 0.971416, 0.233616, 0.3, -0.580918, -0.166427, 0.796767, -0.0, 0.0, 0.0, 0.0, 1.0], [0.696188, -0.085575, 0.712741, -0.0, 0.123781, 0.992308, -0.001765, 0.3, -0.707107, 0.089452, 0.701426, 0.0, 0.0, 0.0, 0.0, 1.0], [0.843561, 0.026382, -0.536385, -0.0, 0.044331, 0.991962, 0.118509, 0.3, 0.5352, -0.123748, 0.835612, 0.0, 0.0, 0.0, 0.0, 1.0], [0.785273, -0.023198, -0.618715, 0.0, 0.143208, 0.979005, 0.145054, 0.3, 0.60236, -0.202512, 0.772109, -0.0, 0.0, 0.0, 0.0, 1.0], [0.729624, 0.006624, -0.683816, 0.0, 0.172742, 0.965739, 0.19367, 0.3, 0.66167, -0.25943, 0.703483, -0.0, 0.0, 0.0, 0.0, 1.0], [0.712849, 0.145044, -0.686154, 0.0, 0.064367, 0.960719, 0.269955, 0.3, 0.698356, -0.236603, 0.675513, 0.0, 0.0, 0.0, 0.0, 1.0], [0.706449, 0.095261, -0.701324, 0.0, -0.030494, 0.994077, 0.104309, 0.3, 0.707106, -0.052303, 0.70517, -0.0, 0.0, 0.0, 0.0, 1.0], [0.707102, 0.055048, -0.704966, 0.0, -0.00263, 0.997163, 0.075226, 0.3, 0.707106, -0.051338, 0.705241, -0.0, 0.0, 0.0, 0.0, 1.0], [0.969214, -0.000275, -0.246218, -0.0, 0.00095, 0.999996, 0.002621, 0.3, 0.246216, -0.002774, 0.969211, 0.0, 0.0, 0.0, 0.0, 1.0]]}, {"name": "Head", "time": [0.0, 0.1, 0.2, 0.3, 0.4, 0.6, 1.4], "transform": [[-0.333374, -0.261831, -0.905707, 0.0, -0.115185, 0.964778, -0.23651, 0.4, 0.935733, 0.025478, -0.35179, -0.0, 0.0, 0.0, 0.0, 1.0], [0.26223, -0.191367, -0.945841, 0.0, -0.121571, 0.96578, -0.229107, 0.4, 0.957317, 0.175065, 0.229993, 0.0, 0.0, 0.0, 0.0, 1.0], [0.933919, -0.010731, -0.357325, 0.0, -0.079149, 0.968536, -0.235954, 0.4, 0.348614, 0.248643, 0.903684, 0.0, 0.0, 0.0, 0.0, 1.0], [0.188767, 0.121295, 0.974503, 0.0, -0.080462, 0.990917, -0.107753, 0.4, -0.97872, -0.05807, 0.196812, 0.0, 0.0, 0.0, 0.0, 1.0], [-0.092592, -0.186221, 0.978137, 0.0, -0.038169, 0.982298, 0.1834, 0.4, -0.994972, -0.020353, -0.09806, 0.0, 0.0, 0.0, 0.0, 1.0], [-0.251769, -0.18622, 0.949703, 0.0, -0.067733, 0.982297, 0.174656, 0.4, -0.965413, -0.020353, -0.259925, -0.0, 0.0, 0.0, 0.0, 1.0], [0.478209, -0.003673, 0.878239, 0.0, 0.07897, 0.99612, -0.038834, 0.4, -0.874689, 0.087926, 0.476643, -0.0, 0.0, 0.0, 0.0, 1.0]]}, {"name": "Shoulder_R", "time": [0.0, 0.1, 0.2, 0.3, 0.4, 0.6, 0.8, 1.4], "transform": [[0.482997, 0.819788, 0.307672, 0.0, -0.129279, -0.280761, 0.951031, 0.4, 0.866025, -0.499122, -0.029626, 0.0, 0.0, 0.0, 0.0, 1.0], [0.482997, 0.862102, 0.153273, 0.0, -0.129279, -0.102916, 0.986253, 0.4, 0.866025, -0.496173, 0.061743, 0.0, 0.0, 0.0, 0.0, 1.0], [0.482998, 0.868764, 0.109362, 0.0, -0.129279, -0.052775, 0.990203, 0.4, 0.866026, -0.492403, 0.086823, 0.0, 0.0, 0.0, 0.0, 1.0], [0.399598, 0.87737, 0.265597, 0.0, -0.106956, -0.243132, 0.964077, 0.4, 0.910428, -0.413651, -0.003315, 0.0, 0.0, 0.0, 0.0, 1.0], [0.482998, 0.868764, 0.109362, 0.0, -0.129279, -0.052775, 0.990202, 0.4, 0.866026, -0.492403, 0.086823, 0.0, 0.0, 0.0, 0.0, 1.0], [0.482998, 0.868764, 0.109362, 0.0, -0.129279, -0.052775, 0.990202, 0.4, 0.866026, -0.492403, 0.086823, -0.0, 0.0, 0.0, 0.0, 1.0], [0.482998, 0.778968, 0.399902, 0.0, -0.129279, -0.388262, 0.912436, 0.4, 0.866027, -0.492403, -0.086826, 0.0, 0.0, 0.0, 0.0, 1.0], [0.075495, 0.903513, 0.421863, 0.0, -0.020206, -0.421598, 0.90656, 0.4, 0.996943, -0.076965, -0.013572, 0.0, 0.0, 0.0, 0.0, 1.0]]}, {"name": "Arm_R", "time": [0.0, 0.1, 0.2, 0.2167, 0.2333, 0.25, 0.3, 0.4, 0.6, 0.8, 1.0, 1.4], "transform": [[-0.119139, -0.536283, -0.835586, 0.0, 0.896426, 0.303728, -0.322749, 0.388385, 0.426876, -0.787492, 0.444554, -0.0, 0.0, 0.0, 0.0, 1.0], [-0.250145, -0.789335, -0.560692, -0.0, 0.50077, 0.390151, -0.772664, 0.388385, 0.828646, -0.474055, 0.297682, 0.0, 0.0, 0.0, 0.0, 1.0], [-0.303452, -0.946855, 0.106674, -0.0, -0.601967, 0.10372, -0.791755, 0.388385, 0.738614, -0.304474, -0.601451, 0.0, 0.0, 0.0, 0.0, 1.0], [0.153122, -0.982125, -0.109461, 0.0, -0.783722, -0.053219, -0.618826, 0.388385, 0.60194, 0.180543, -0.777862, -0.0, 0.0, 0.0, 0.0, 1.0], [0.319303, -0.871347, -0.372556, 0.0, -0.743079, 0.013767, -0.669061, 0.388385, 0.588114, 0.490472, -0.643084, -0.0, 0.0, 0.0, 0.0, 1.0], [0.472715, -0.868163, -0.1511, 0.0, -0.685787, -0.254754, -0.681759, 0.388385, 0.553386, 0.425901, -0.7158, -0.0, 0.0, 0.0, 0.0, 1.0], [0.551421, -0.757208, -0.350099, -0.0, -0.280277, 0.227118, -0.932661, 0.388385, 0.785735, 0.612415, -0.086991, 0.0, 0.0, 0.0, 0.0, 1.0], [0.790975, -0.582854, -0.186111, -0.0, 0.000448, 0.30473, -0.952439, 0.388385, 0.611847, 0.75327, 0.241295, -0.0, 0.0, 0.0, 0.0, 1.0], [0.808576, -0.573777, -0.130316, 0.0, 0.256116, 0.542612, -0.799985, 0.388385, 0.529725, 0.613471, 0.585698, -0.0, 0.0, 0.0, 0.0, 1.0], [0.622215, -0.68046, -0.387066, 0.0, 0.437587, 0.71229, -0.548779, 0.388385, 0.649127, 0.172083, 0.74096, 0.0, 0.0, 0.0, 0.0, 1.0], [0.442184, -0.706449, -0.55263, 0.0, 0.846031, 0.533113, -0.004555, 0.388385, 0.297833, -0.465528, 0.833413, 0.0, 0.0, 0.0, 0.0, 1.0], [0.120311, -0.403094, -0.907214, 0.0, 0.976511, 0.212599, 0.035039, 0.388385, 0.178749, -0.890119, 0.419205, 0.0, 0.0, 0.0, 0.0, 1.0]]}, {"name": "Hand_R", "time": [0.0, 0.1, 0.2, 0.25, 0.3, 0.4, 0.6, 1.4], "transform": [[0.663801, -0.370663, 0.649598, -0.0, 0.511756, 0.85849, -0.033083, 0.33, -0.545412, 0.354394, 0.75956, 0.0, 0.0, 0.0, 0.0, 1.0], [0.883736, -0.466356, 0.039016, 0.0, 0.437879, 0.794584, -0.42059, 0.33, 0.165144, 0.388774, 0.906411, -0.0, 0.0, 0.0, 0.0, 1.0], [0.97196, -0.234312, -0.019764, 0.0, 0.228841, 0.961889, -0.149671, 0.33, 0.054081, 0.140951, 0.988537, 0.0, 0.0, 0.0, 0.0, 1.0], [0.991461, -0.11283, 0.065377, -0.0, 0.119912, 0.985859, -0.117057, 0.33, -0.051245, 0.123897, 0.99097, 0.0, 0.0, 0.0, 0.0, 1.0], [0.997989, 0.063146, 0.005555, -0.0, -0.061947, 0.990111, -0.125868, 0.33, -0.013448, 0.12527, 0.992031, -0.0, 0.0, 0.0, 0.0, 1.0], [0.999405, -0.033607, -0.007713, -0.0, 0.03292, 0.996526, -0.076511, 0.33, 0.010257, 0.076212, 0.997039, -0.0, 0.0, 0.0, 0.0, 1.0], [0.999405, -0.034243, -0.004044, 0.0, 0.03292, 0.982465, -0.18352, 0.33, 0.010257, 0.183278, 0.983008, 0.0, 0.0, 0.0, 0.0, 1.0], [7.1e-05, 0.098596, 0.995129, -0.0, 0.155788, 0.982976, -0.097404, 0.33, -0.98779, 0.155035, -0.01529, -0.0, 0.0, 0.0, 0.0, 1.0]]}, {"name": "Tool_R", "time": [0.0, 0.1, 0.2, 0.25, 0.3, 0.4, 0.6, 0.8, 1.0, 1.4], "transform": [[1.0, 0.0, 0.0, 0.0, -0.0, -0.998952, 0.045774, 0.291204, 0.0, -0.045775, -0.998952, 0.0, 0.0, 0.0, 0.0, 1.0], [1.0, -0.0, 0.0, 0.0, 0.0, -0.996923, -0.078391, 0.291204, 0.0, 0.078391, -0.996923, 0.0, 0.0, 0.0, 0.0, 1.0], [1.0, 0.0, 0.0, -0.0, -0.0, -0.97922, -0.2028, 0.291204, 0.0, 0.2028, -0.97922, 0.0, 0.0, 0.0, 0.0, 1.0], [1.0, -0.0, 0.0, -0.0, -0.0, -0.503069, -0.864247, 0.291204, 0.0, 0.864247, -0.503069, -0.0, 0.0, 0.0, 0.0, 1.0], [1.0, -0.0, 0.0, 0.0, 0.0, -0.739299, -0.673377, 0.291204, 0.0, 0.673377, -0.739299, 0.0, 0.0, 0.0, 0.0, 1.0], [1.0, -0.0, 0.0, -0.0, -0.0, -0.827723, -0.561137, 0.291204, 0.0, 0.561137, -0.827722, 0.0, 0.0, 0.0, 0.0, 1.0], [1.0, -0.0, 0.0, 0.0, 0.0, -0.708175, -0.706037, 0.291204, 0.0, 0.706037, -0.708174, 0.0, 0.0, 0.0, 0.0, 1.0], [1.0, -0.0, 0.0, 0.0, 0.0, -0.949147, -0.314833, 0.291204, 0.0, 0.314833, -0.949147, 0.0, 0.0, 0.0, 0.0, 1.0], [1.0, -0.0, 0.0, -0.0, 0.0, -0.999234, -0.039135, 0.291204, 0.0, 0.039135, -0.999234, 0.0, 0.0, 0.0, 0.0, 1.0], [1.0, -0.0, 0.0, 0.0, 0.0, -0.96684, -0.255383, 0.291204, 0.0, 0.255383, -0.96684, 0.0, 0.0, 0.0, 0.0, 1.0]]}, {"name": "Elbow_R", "time": [0.0, 0.1, 0.2, 0.3, 0.4, 0.6, 1.4], "transform": [[-1.0, 0.0, 0.0, -0.0, -0.0, 0.0, -1.0, 0.33, -0.0, -1.0, -0.0, 0.0, 0.0, 0.0, 0.0, 1.0], [-1.0, 0.0, 0.0, 0.0, -0.0, 0.0, -1.0, 0.33, -0.0, -1.0, -0.0, 0.0, 0.0, 0.0, 0.0, 1.0], [-1.0, 0.0, 0.0, 0.0, -0.0, 0.0, -1.0, 0.33, -0.0, -1.0, -0.0, 0.0, 0.0, 0.0, 0.0, 1.0], [-1.0, 0.0, 0.0, -0.0, -0.0, 0.0, -1.0, 0.33, -0.0, -1.0, -0.0, 0.0, 0.0, 0.0, 0.0, 1.0], [-1.0, 0.0, 0.0, -0.0, -0.0, 0.0, -1.0, 0.33, -0.0, -1.0, -0.0, 0.0, 0.0, 0.0, 0.0, 1.0], [-1.0, 0.0, 0.0, 0.0, -0.0, 0.0, -1.0, 0.33, -0.0, -1.0, -0.0, 0.0, 0.0, 0.0, 0.0, 1.0], [-1.0, 0.0, 0.0, 0.0, -0.0, 0.0, -1.0, 0.33, -0.0, -1.0, -0.0, 0.0, 0.0, 0.0, 0.0, 1.0]]}, {"name": "Shoulder_L", "time": [0.0, 0.1, 0.2, 0.3, 0.4, 0.6, 1.4], "transform": [[0.482995, -0.778959, -0.399921, -0.0, 0.129288, -0.388278, 0.912427, 0.4, -0.866025, -0.492403, -0.086826, -0.0, 0.0, 0.0, 0.0, 1.0], [0.482995, -0.783486, -0.390977, -0.0, 0.129288, -0.377807, 0.916812, 0.4, -0.866025, -0.493365, -0.081184, 0.0, 0.0, 0.0, 0.0, 1.0], [0.482995, -0.803123, -0.348863, 0.0, 0.129288, -0.328639, 0.935564, 0.4, -0.866025, -0.496976, -0.054897, 0.0, 0.0, 0.0, 0.0, 1.0], [0.482995, -0.830665, -0.276963, -0.0, 0.129288, -0.245182, 0.960816, 0.4, -0.866025, -0.499878, -0.011027, 0.0, 0.0, 0.0, 0.0, 1.0], [0.482996, -0.868762, -0.109383, 0.0, 0.129288, -0.052794, 0.990201, 0.4, -0.866026, -0.492404, 0.086822, 0.0, 0.0, 0.0, 0.0, 1.0], [0.482996, -0.868762, -0.109383, 0.0, 0.129288, -0.052794, 0.990201, 0.4, -0.866025, -0.492404, 0.086822, -0.0, 0.0, 0.0, 0.0, 1.0], [0.292303, -0.861814, -0.41453, 0.0, 0.078243, -0.410457, 0.908517, 0.4, -0.953119, -0.297996, -0.052547, -0.0, 0.0, 0.0, 0.0, 1.0]]}, {"name": "Arm_L", "time": [0.0, 0.1, 0.2, 0.3, 0.4, 0.6, 1.4], "transform": [[-0.615344, 0.645074, 0.453019, -0.0, -0.301515, 0.338381, -0.891392, 0.388354, -0.728309, -0.685106, -0.013722, -0.0, 0.0, 0.0, 0.0, 1.0], [-0.37964, 0.893709, 0.239062, -0.0, -0.59884, -0.04043, -0.799843, 0.388355, -0.705163, -0.446812, 0.550541, -0.0, 0.0, 0.0, 0.0, 1.0], [-0.204479, 0.956278, 0.209081, -0.0, -0.835033, -0.058953, -0.547024, 0.388354, -0.510783, -0.286441, 0.810583, -0.0, 0.0, 0.0, 0.0, 1.0], [-0.058365, 0.844771, -0.53193, 0.0, -0.507781, -0.483879, -0.71275, 0.388354, -0.859504, 0.228504, 0.4572, 0.0, 0.0, 0.0, 0.0, 1.0], [0.160436, 0.772048, -0.614977, 0.0, -0.486966, -0.48003, -0.729674, 0.388355, -0.858556, 0.416542, 0.298949, 0.0, 0.0, 0.0, 0.0, 1.0], [0.060664, 0.811221, -0.581579, -0.0, -0.443237, -0.50016, -0.743887, 0.388354, -0.894346, 0.302907, 0.329224, -0.0, 0.0, 0.0, 0.0, 1.0], [-0.857607, 0.393585, 0.331057, 0.0, -0.451335, -0.267325, -0.851371, 0.388355, -0.246587, -0.87956, 0.406899, -0.0, 0.0, 0.0, 0.0, 1.0]]}, {"name": "Hand_L", "time": [0.0, 0.1, 0.2, 0.3, 0.4, 0.6, 1.4], "transform": [[0.988856, 0.145824, -0.029957, -0.0, -0.140355, 0.846154, -0.514124, 0.33, -0.049623, 0.512601, 0.857194, -0.0, 0.0, 0.0, 0.0, 1.0], [0.999596, 0.000122, 0.028404, 0.0, 6e-06, 0.999991, -0.004502, 0.33, -0.028404, 0.004496, 0.999585, -0.0, 0.0, 0.0, 0.0, 1.0], [0.997971, -0.000615, 0.063655, 0.0, 0.000974, 0.999986, -0.005607, 0.33, -0.06365, 0.005653, 0.997955, -0.0, 0.0, 0.0, 0.0, 1.0], [0.999933, -0.002598, -0.011289, -0.0, 0.002528, 0.999978, -0.006097, 0.33, 0.011303, 0.006075, 0.999919, -0.0, 0.0, 0.0, 0.0, 1.0], [0.999405, -0.00339, 0.034319, -0.0, 0.003584, 0.999979, -0.005569, 0.33, -0.034299, 0.005688, 0.999396, 0.0, 0.0, 0.0, 0.0, 1.0], [0.999377, -0.002387, 0.035195, -0.0, 0.002599, 0.999979, -0.006001, 0.33, -0.03518, 0.006088, 0.999363, 0.0, 0.0, 0.0, 0.0, 1.0], [0.989798, 0.003635, 0.142428, -0.0, -0.00274, 0.999976, -0.00648, 0.33, -0.142448, 0.006023, 0.989783, 0.0, 0.0, 0.0, 0.0, 1.0]]}, {"name": "Tool_L", "time": [0.0, 0.1, 0.2, 0.3, 0.4, 0.6, 1.4], "transform": [[1.0, 0.00036, -0.000922, 0.0, 0.000362, -0.999999, 0.001703, 0.291204, -0.000921, -0.001704, -0.999998, 0.0, 0.0, 0.0, 0.0, 1.0], [1.0, 0.000304, -0.000777, 0.0, 0.000305, -0.999999, 0.001436, 0.291204, -0.000777, -0.001437, -0.999999, 0.0, 0.0, 0.0, 0.0, 1.0], [1.0, 0.000247, -0.000633, 0.0, 0.000248, -0.999999, 0.001169, 0.291203, -0.000632, -0.001169, -0.999999, 0.0, 0.0, 0.0, 0.0, 1.0], [1.0, 0.000126, -0.000322, -0.0, 0.000126, -1.0, 0.000596, 0.291204, -0.000322, -0.000596, -1.0, 0.0, 0.0, 0.0, 0.0, 1.0], [1.0, 4e-06, -1e-05, -0.0, 4e-06, -1.0, 1.9e-05, 0.291204, -1e-05, -1.9e-05, -1.0, 0.0, 0.0, 0.0, 0.0, 1.0], [1.0, 4e-06, -1e-05, 0.0, 4e-06, -1.0, 1.9e-05, 0.291204, -1e-05, -1.9e-05, -1.0, 0.0, 0.0, 0.0, 0.0, 1.0], [1.0, 0.0, 0.0, -0.0, 0.0, -1.0, 0.0, 0.291203, 0.0, 0.0, -1.0, 0.0, 0.0, 0.0, 0.0, 1.0]]}, {"name": "Elbow_L", "time": [0.0, 0.1, 0.2, 0.4, 0.6, 1.4], "transform": [[-1.0, 0.0, -0.0, 0.0, 0.0, -0.0, -1.0, 0.33, -0.0, -1.0, 0.0, 0.0, 0.0, 0.0, 0.0, 1.0], [-1.0, 0.0, -0.0, 0.0, 0.0, -0.0, -1.0, 0.33, -0.0, -1.0, 0.0, 0.0, 0.0, 0.0, 0.0, 1.0], [-1.0, 0.0, -0.0, 0.0, 0.0, -0.0, -1.0, 0.33, -0.0, -1.0, 0.0, 0.0, 0.0, 0.0, 0.0, 1.0], [-1.0, 0.0, -0.0, 0.0, 0.0, -0.0, -1.0, 0.33, -0.0, -1.0, 0.0, 0.0, 0.0, 0.0, 0.0, 1.0], [-1.0, 0.0, -0.0, 0.0, 0.0, -0.0, -1.0, 0.33, -0.0, -1.0, 0.0, 0.0, 0.0, 0.0, 0.0, 1.0], [-1.0, 0.0, -0.0, 0.0, 0.0, -0.0, -1.0, 0.33, -0.0, -1.0, 0.0, 0.0, 0.0, 0.0, 0.0, 1.0]]}]}