{

    "animation": [
        {
            "name": "Root",
            "time": [0.0, 0.1, 0.15, 0.2, 0.4, 0.6],
            "transform": [
                [0.238122, -0.195846, -0.951285, -5e-06, -0.929509, 0.238054, -0.281681, 0.000946, 0.281623, 0.951302, -0.125355, 0.773972, 0.0, 0.0, 0.0, 1.0],
                [-0.102381, -0.24808, -0.963314, -5e-06, -0.935516, 0.353182, 0.008473, 0.000946, 0.338124, 0.902064, -0.268242, 0.773972, 0.0, 0.0, 0.0, 1.0],
                [0.885108, -0.124036, -0.448553, -5e-06, -0.429169, 0.155235, -0.889785, 0.000946, 0.179996, 0.98006, 0.084167, 0.748972, 0.0, 0.0, 0.0, 1.0],
                [0.768192, 0.038337, 0.639071, -5e-06, 0.616768, 0.223381, -0.754783, 0.000946, -0.171692, 0.973977, 0.147954, 0.773972, 0.0, 0.0, 0.0, 1.0],
                [0.645548, 0.038337, 0.762757, -5e-06, 0.738465, 0.223381, -0.636216, 0.000946, -0.194776, 0.973977, 0.115892, 0.783972, 0.0, 0.0, 0.0, 1.0],
                [0.768192, 0.038337, 0.639071, -5e-06, 0.637212, 0.050858, -0.769008, -0.009054, -0.061983, 0.99797, 0.01464, 0.633972, 0.0, 0.0, 0.0, 1.0]
            ]
        },
        {
            "name": "Thigh_R",
            "time": [0.0, 0.1, 0.15, 0.2, 0.4, 0.6],
            "transform": [
                [0.961085, 0.257871, -0.099034, 0.124994, 0.233442, -0.566549, 0.790268, -0.00283, 0.147679, -0.782641, -0.604701, -1.2e-05, 0.0, 0.0, 0.0, 1.0],
                [0.963525, 0.23689, -0.124469, 0.124994, 0.237948, -0.545638, 0.803528, -0.002831, 0.122432, -0.803839, -0.582107, -1.2e-05, 0.0, 0.0, 0.0, 1.0],
                [0.989296, 0.110278, 0.095537, 0.124994, 0.075631, -0.947535, 0.31057, -0.00283, 0.124773, -0.300021, -0.945737, -1.2e-05, 0.0, 0.0, 0.0, 1.0],
                [0.973772, -0.092643, 0.20781, 0.124994, -0.070108, -0.99108, -0.113314, -0.002831, 0.216455, 0.095773, -0.971583, -1.2e-05, 0.0, 0.0, 0.0, 1.0],
                [0.997593, -0.004745, 0.06919, 0.124994, -0.021677, -0.969005, 0.246083, -0.00283, 0.065878, -0.24699, -0.966775, -1.2e-05, 0.0, 0.0, 0.0, 1.0],
                [0.981655, 0.034539, 0.187512, 0.124994, 0.002449, -0.985657, 0.168731, -0.002831, 0.190651, -0.165175, -0.967661, -1.2e-05, 0.0, 0.0, 0.0, 1.0]
            ]
        },
        {
            "name": "Leg_R",
            "time": [0.0, 0.1, 0.15, 0.2, 0.4, 0.6],
            "transform": [
                [0.999818, 8e-06, -0.019081, 0.0, 0.019072, 0.0309, 0.999344, 0.37472, 0.000597, -0.99952, 0.030894, -0.0, 0.0, 0.0, 0.0, 1.0],
                [0.999815, 0.00269, -0.019059, -0.0, 0.01902, 0.013992, 0.999719, 0.37472, 0.002956, -0.999901, 0.013938, 0.0, 0.0, 0.0, 0.0, 1.0],
                [0.999402, -0.026266, -0.022482, -0.0, 0.032478, 0.490291, 0.870953, 0.37472, -0.011854, -0.871165, 0.490849, 0.0, 0.0, 0.0, 0.0, 1.0],
                [0.99851, -0.053315, -0.011625, 0.0, 0.051369, 0.846536, 0.529847, 0.37472, -0.018408, -0.529654, 0.848014, 0.0, 0.0, 0.0, 0.0, 1.0],
                [0.998358, -0.040612, -0.040391, -0.0, 0.052639, 0.372529, 0.926528, 0.37472, -0.022582, -0.92713, 0.374056, -0.0, 0.0, 0.0, 0.0, 1.0],
                [0.999892, 0.002325, -0.014435, 0.0, 0.011997, 0.433944, 0.900861, 0.37472, 0.008358, -0.900935, 0.433871, 0.0, 0.0, 0.0, 0.0, 1.0]
            ]
        },
        {
            "name": "Knee_R",
            "time": [0.0, 0.1, 0.15, 0.2, 0.4, 0.6],
            "transform": [
                [0.999947, -0.003858, -0.009547, 0.0, -0.004169, 0.696091, -0.717939, 0.37472, 0.009415, 0.717943, 0.696041, -0.0, 0.0, 0.0, 0.0, 1.0],
                [0.999946, -0.002559, -0.010086, -0.0, -0.005385, 0.702147, -0.712013, 0.37472, 0.008904, 0.712028, 0.702094, 0.0, 0.0, 0.0, 0.0, 1.0],
                [0.99984, -0.016177, -0.00769, -0.0, 0.001523, 0.504574, -0.863367, 0.37472, 0.017847, 0.863216, 0.504518, 0.0, 0.0, 0.0, 0.0, 1.0],
                [0.99962, -0.027483, -0.00207, 0.0, 0.005588, 0.27564, -0.961245, 0.37472, 0.026989, 0.960868, 0.275689, 0.0, 0.0, 0.0, 0.0, 1.0],
                [0.999551, -0.026494, -0.01399, -0.0, 0.00323, 0.559498, -0.828826, 0.37472, 0.029787, 0.828408, 0.559332, -0.0, 0.0, 0.0, 0.0, 1.0],
                [0.999971, -0.000914, -0.007558, 0.0, -0.005913, 0.532008, -0.84672, 0.37472, 0.004794, 0.846739, 0.531986, 0.0, 0.0, 0.0, 0.0, 1.0]
            ]
        },
        {
            "name": "Thigh_L",
            "time": [0.0, 0.1, 0.15, 0.2, 0.4, 0.6],
            "transform": [
                [0.99869, 0.017797, -0.047977, -0.125006, 0.034967, -0.92188, 0.385894, -0.002831, -0.037361, -0.387066, -0.921294, -1.2e-05, 0.0, 0.0, 0.0, 1.0],
                [0.998798, 0.033325, -0.035933, -0.125006, 0.045677, -0.898726, 0.436124, -0.002831, -0.01776, -0.437241, -0.899169, -1.2e-05, 0.0, 0.0, 0.0, 1.0],
                [0.999638, -0.014231, 0.022799, -0.125006, -0.024962, -0.806063, 0.591302, -0.00283, 0.009963, -0.591657, -0.806127, -1.2e-05, 0.0, 0.0, 0.0, 1.0],
                [0.999137, 0.035079, 0.022214, -0.125006, 0.001078, -0.556735, 0.830689, -0.002831, 0.041507, -0.829949, -0.556292, -1.2e-05, 0.0, 0.0, 0.0, 1.0],
                [0.997763, -0.056478, 0.035759, -0.125006, -0.060231, -0.527555, 0.847382, -0.002831, -0.028994, -0.84764, -0.529777, -1.2e-05, 0.0, 0.0, 0.0, 1.0],
                [0.997461, 0.030859, 0.064186, -0.125006, -0.018214, -0.760742, 0.648798, -0.002831, 0.06885, -0.648319, -0.758249, -1.2e-05, 0.0, 0.0, 0.0, 1.0]
            ]
        },
        {
            "name": "Leg_L",
            "time": [0.0, 0.1, 0.15, 0.2, 0.4, 0.6],
            "transform": [
                [0.999185, -0.040289, 0.002242, -0.0, 0.008479, 0.263961, 0.964496, 0.37472, -0.039451, -0.963692, 0.264087, -0.0, 0.0, 0.0, 0.0, 1.0],
                [0.999365, -0.035571, -0.001756, 0.0, 0.007487, 0.161629, 0.986824, 0.37472, -0.034819, -0.98621, 0.161793, 0.0, 0.0, 0.0, 0.0, 1.0],
                [0.999977, 0.00679, -6.5e-05, -0.0, -0.003354, 0.502299, 0.864687, 0.37472, 0.005903, -0.864667, 0.50231, 0.0, 0.0, 0.0, 0.0, 1.0],
                [0.999883, 0.014852, 0.003501, -0.0, -0.004542, 0.07069, 0.997489, 0.37472, 0.014567, -0.997388, 0.070749, 0.0, 0.0, 0.0, 0.0, 1.0],
                [0.999608, -0.026322, -0.009534, 0.0, 0.007669, -0.070088, 0.997511, 0.37472, -0.026925, -0.997194, -0.069858, -0.0, 0.0, 0.0, 0.0, 1.0],
                [0.999998, 0.001239, -0.001206, -0.0, 0.000453, 0.485433, 0.874274, 0.37472, 0.001669, -0.874273, 0.485432, -0.0, 0.0, 0.0, 0.0, 1.0]
            ]
        },
        {
            "name": "Knee_L",
            "time": [0.0, 0.1, 0.15, 0.2, 0.4, 0.6],
            "transform": [
                [0.999773, -0.019768, 0.007929, -0.0, 0.018294, 0.606341, -0.794994, 0.37472, 0.010908, 0.794959, 0.606566, -0.0, 0.0, 0.0, 0.0, 1.0],
                [0.99982, -0.018109, 0.005656, 0.0, 0.016034, 0.647205, -0.762147, 0.37472, 0.010141, 0.762101, 0.647379, 0.0, 0.0, 0.0, 0.0, 1.0],
                [0.999994, 0.003387, -0.000941, -0.0, -0.002506, 0.498839, -0.866691, 0.37472, -0.002466, 0.866688, 0.498844, 0.0, 0.0, 0.0, 0.0, 1.0],
                [0.999966, 0.008117, -0.001174, -0.0, -0.006392, 0.68161, -0.731687, 0.37472, -0.005138, 0.73167, 0.681639, 0.0, 0.0, 0.0, 0.0, 1.0],
                [0.999884, -0.015234, 0.000955, 0.0, 0.011794, 0.731314, -0.681939, 0.37472, 0.00969, 0.68187, 0.731409, -0.0, 0.0, 0.0, 0.0, 1.0],
                [1.0, 0.000456, -0.000774, -0.0, -0.000898, 0.507232, -0.861809, 0.37472, -1e-06, 0.861809, 0.507232, -0.0, 0.0, 0.0, 0.0, 1.0]
            ]
        },
        {
            "name": "Torso",
            "time": [0.0, 0.1, 0.15, 0.2, 0.4, 0.6],
            "transform": [
                [0.998333, -0.057683, 0.001953, 0.0, 0.05771, 0.997169, -0.048202, 0.05, 0.000833, 0.048234, 0.998836, -0.0, 0.0, 0.0, 0.0, 1.0],
                [0.992966, 0.108368, -0.04769, 0.0, -0.109709, 0.993612, -0.026457, 0.05, 0.044519, 0.031503, 0.998512, 0.0, 0.0, 0.0, 0.0, 1.0],
                [0.993401, -0.090619, -0.0703, 7.1e-05, 0.101384, 0.980412, 0.168862, 0.050001, 0.05362, -0.174875, 0.98313, 0.000114, 0.0, 0.0, 0.0, 1.0],
                [0.981911, 0.097594, -0.162257, 0.000142, -0.06967, 0.983037, 0.16966, 0.050002, 0.176062, -0.155287, 0.972054, 0.000228, 0.0, 0.0, 0.0, 1.0],
                [0.955867, 0.289818, 0.048209, 0.000142, -0.293681, 0.937851, 0.184896, 0.050002, 0.008373, -0.190894, 0.981575, 0.000228, 0.0, 0.0, 0.0, 1.0],
                [0.984343, -0.069519, -0.161977, 0.000142, 0.061239, 0.996575, -0.055568, 0.050002, 0.165285, 0.044778, 0.985229, 0.000228, 0.0, 0.0, 0.0, 1.0]
            ]
        },
        {
            "name": "Chest",
            "time": [0.0, 0.1, 0.15, 0.2, 0.4, 0.6],
            "transform": [
                [0.939537, 0.125198, -0.31874, -0.0, -0.016098, 0.945891, 0.324084, 0.3, 0.342068, -0.299357, 0.890716, -0.0, 0.0, 0.0, 0.0, 1.0],
                [0.862556, -0.168247, -0.47717, 0.0, 0.290012, 0.937197, 0.19379, 0.3, 0.414598, -0.305539, 0.857178, -0.0, 0.0, 0.0, 0.0, 1.0],
                [0.979714, 0.199816, -0.015287, 0.0, -0.198597, 0.957856, -0.207534, 0.3, -0.026826, 0.20636, 0.978108, 0.0, 0.0, 0.0, 0.0, 1.0],
                [0.795595, -0.019614, 0.605511, 0.0, 0.004936, 0.999652, 0.025895, 0.3, -0.605808, -0.017613, 0.795416, 0.0, 0.0, 0.0, 0.0, 1.0],
                [0.815476, -0.069181, 0.574642, -0.0, 0.009773, 0.994335, 0.105839, 0.3, -0.578709, -0.080694, 0.811532, 0.0, 0.0, 0.0, 0.0, 1.0],
                [0.910941, 0.127877, 0.392216, 0.0, -0.220586, 0.9544, 0.201152, 0.3, -0.348608, -0.269755, 0.897611, 0.0, 0.0, 0.0, 0.0, 1.0]
            ]
        },
        {
            "name": "Head",
            "time": [0.0, 0.1, 0.15, 0.2, 0.4, 0.6],
            "transform": [
                [0.259969, 0.030228, 0.965144, 0.0, -0.049636, 0.998607, -0.017906, 0.4, -0.96434, -0.043251, 0.261107, 0.0, 0.0, 0.0, 0.0, 1.0],
                [-0.268739, 0.106388, 0.95732, 0.0, -0.121025, 0.982275, -0.143135, 0.4, -0.95558, -0.154326, -0.2511, 0.0, 0.0, 0.0, 0.0, 1.0],
                [0.933844, -0.00175, 0.357676, 0.0, -0.050392, 0.98937, 0.136408, 0.4, -0.354113, -0.145408, 0.923829, 0.0, 0.0, 0.0, 0.0, 1.0],
                [0.396536, -0.15367, -0.905066, 0.0, -0.017482, 0.984448, -0.174807, 0.4, 0.917852, 0.08514, 0.387683, -0.0, 0.0, 0.0, 0.0, 1.0],
                [0.063984, -0.320034, -0.945243, -0.0, -0.031647, 0.946056, -0.322452, 0.4, 0.997449, 0.050546, 0.050404, -0.0, 0.0, 0.0, 0.0, 1.0],
                [0.648995, -0.040587, -0.759708, -0.0, -0.039166, 0.995469, -0.08664, 0.400001, 0.759783, 0.085984, 0.644465, -0.0, 0.0, 0.0, 0.0, 1.0]
            ]
        },
        {
            "name": "Shoulder_R",
            "time": [0.0, 0.1, 0.15, 0.2, 0.4, 0.6],
            "transform": [
                [-0.077752, 0.903284, 0.421938, -0.0, 0.020818, -0.421656, 0.906517, 0.4, 0.996755, 0.079268, 0.01398, -0.0, 0.0, 0.0, 0.0, 1.0],
                [-0.077752, 0.903284, 0.421938, -0.0, 0.020818, -0.421656, 0.906517, 0.4, 0.996755, 0.079268, 0.01398, 0.0, 0.0, 0.0, 0.0, 1.0],
                [-0.036784, 0.936562, 0.348565, -0.0, 0.009847, -0.348444, 0.937278, 0.4, 0.999274, 0.03791, 0.003595, 0.0, 0.0, 0.0, 0.0, 1.0],
                [-1e-06, 0.965964, 0.258674, 0.0, -3e-06, -0.258674, 0.965965, 0.4, 1.0, 0.0, 3e-06, -0.0, 0.0, 0.0, 0.0, 1.0],
                [-1e-06, 0.965965, 0.258674, 0.0, -3e-06, -0.258674, 0.965964, 0.4, 1.0, 0.0, 3e-06, -0.0, 0.0, 0.0, 0.0, 1.0],
                [-1e-06, 0.965965, 0.258674, -0.0, -3e-06, -0.258674, 0.965965, 0.400001, 1.0, 0.0, 3e-06, -0.0, 0.0, 0.0, 0.0, 1.0]
            ]
        },
        {
            "name": "Arm_R",
            "time": [0.0, 0.1, 0.15, 0.2, 0.4, 0.6],
            "transform": [
                [-0.006977, 0.330744, -0.943695, 0.0, -0.283233, 0.904418, 0.319072, 0.388213, 0.959026, 0.269511, 0.087367, 0.0, 0.0, 0.0, 0.0, 1.0],
                [0.022336, 0.332502, -0.942838, 0.000605, -0.393997, 0.869677, 0.297367, 0.376712, 0.91884, 0.364833, 0.15043, 0.048656, 0.0, 0.0, 0.0, 1.0],
                [0.094583, 0.865393, -0.492087, 0.021158, -0.444497, 0.479006, 0.756952, 0.362302, 0.890773, 0.147136, 0.42997, 0.014965, 0.0, 0.0, 0.0, 1.0],
                [0.136486, -0.311364, -0.940438, 0.006355, -0.547905, 0.76718, -0.333519, 0.379805, 0.825331, 0.560791, -0.065889, 0.010091, 0.0, 0.0, 0.0, 1.0],
                [0.150401, 0.121268, -0.981159, -0.006142, -0.696632, 0.717199, -0.018143, 0.394875, 0.701486, 0.686236, 0.192347, 0.025406, 0.0, 0.0, 0.0, 1.0],
                [0.079179, -0.408979, -0.909102, -0.086125, -0.44793, 0.800117, -0.398963, 0.357174, 0.890556, 0.438803, -0.119842, -0.057647, 0.0, 0.0, 0.0, 1.0]
            ]
        },
        {
            "name": "Hand_R",
            "time": [0.0, 0.1, 0.15, 0.2, 0.4, 0.6],
            "transform": [
                [0.999657, 0.019752, -0.017178, 0.0, -0.026014, 0.676458, -0.736021, 0.329779, -0.002917, 0.736216, 0.676741, 0.0, 0.0, 0.0, 0.0, 1.0],
                [0.999657, 0.009566, -0.024366, 0.0, -0.026014, 0.259315, -0.965443, 0.329779, -0.002917, 0.965746, 0.259475, 0.0, 0.0, 0.0, 0.0, 1.0],
                [0.997007, -0.047247, 0.061202, -0.0, 0.05941, -0.038461, -0.997492, 0.329779, 0.049482, 0.998143, -0.035539, -0.0, 0.0, 0.0, 0.0, 1.0],
                [1.0, 0.0, 0.0, -0.0, -0.0, 1.0, -0.0, 0.329779, -0.0, 0.0, 1.0, -0.0, 0.0, 0.0, 0.0, 1.0],
                [1.0, 0.0, 0.0, 0.0, -0.0, 1.0, -0.0, 0.329779, -0.0, 0.0, 1.0, -0.0, 0.0, 0.0, 0.0, 1.0],
                [1.0, 0.0, 0.0, -0.0, -0.0, 1.0, -0.0, 0.329779, -0.0, 0.0, 1.0, -0.0, 0.0, 0.0, 0.0, 1.0]
            ]
        },
        {
            "name": "Tool_R",
            "time": [0.0, 0.1, 0.15, 0.2, 0.4, 0.6],
            "transform": [
                [0.999995, 0.002223, -0.002217, -0.02, 0.002218, -0.999995, -0.002222, 0.291425, -0.002222, 0.002217, -0.999995, -0.0, 0.0, 0.0, 0.0, 1.0],
                [1.0, 0.0, 0.0, -0.02, 0.0, -1.0, 0.0, 0.291425, 0.0, 0.0, -1.0, -0.0, 0.0, 0.0, 0.0, 1.0],
                [1.0, 0.0, 0.0, -0.02, 0.0, -1.0, 0.0, 0.291425, 0.0, -0.0, -1.0, -0.0, 0.0, 0.0, 0.0, 1.0],
                [1.0, -0.0, 0.0, -0.02, 0.0, -0.173648, -0.984808, 0.385395, 0.0, 0.984808, -0.173648, 0.034202, 0.0, 0.0, 0.0, 1.0],
                [1.0, -0.0, 0.0, -0.02, 0.0, -0.258819, -0.965926, 0.603129, 0.0, 0.965926, -0.258819, 0.104176, 0.0, 0.0, 0.0, 1.0],
                [1.0, -0.0, 0.0, -0.02, 0.0, -0.34202, -0.939693, 0.103487, 0.0, 0.939693, -0.34202, -0.068404, 0.0, 0.0, 0.0, 1.0]
            ]
        },
        {
            "name": "Elbow_R",
            "time": [0.0, 0.1, 0.15, 0.2, 0.4, 0.6],
            "transform": [
                [-1.0, 0.0, -0.0, 0.0, 0.0, 0.40203, -0.915627, 0.329779, 0.0, -0.915626, -0.40203, 0.0, 0.0, 0.0, 0.0, 1.0],
                [-1.0, -0.0, -0.0, 0.0, 0.0, 0.608492, -0.79356, 0.329779, 0.0, -0.79356, -0.608492, 0.0, 0.0, 0.0, 0.0, 1.0],
                [-1.0, -0.0, -0.0, -0.0, -0.0, 0.719577, -0.694413, 0.329779, 1e-06, -0.694413, -0.719577, -0.0, 0.0, 0.0, 0.0, 1.0],
                [-1.0, -0.0, -1e-06, -0.0, 0.0, -0.0, -1.0, 0.329779, 0.0, -1.0, -0.0, -0.0, 0.0, 0.0, 0.0, 1.0],
                [-1.0, -0.0, -1e-06, 0.0, 0.0, 0.0, -1.0, 0.329779, 0.0, -1.0, -0.0, -0.0, 0.0, 0.0, 0.0, 1.0],
                [-1.0, -0.0, -0.0, -0.0, 0.0, 0.0, -1.0, 0.329779, 0.0, -1.0, -0.0, -0.0, 0.0, 0.0, 0.0, 1.0]
            ]
        },
        {
            "name": "Shoulder_L",
            "time": [0.0, 0.1, 0.15, 0.2, 0.4, 0.6],
            "transform": [
                [-0.080687, -0.956454, -0.280509, 0.0, -0.021607, -0.279682, 0.959849, 0.4, -0.996505, 0.083509, 0.0019, 0.0, 0.0, 0.0, 0.0, 1.0],
                [-0.080687, -0.956454, -0.280509, 0.0, -0.021607, -0.279682, 0.95985, 0.4, -0.996506, 0.083509, 0.0019, 0.0, 0.0, 0.0, 0.0, 1.0],
                [-0.038671, -0.948823, -0.313431, 0.0, -0.010356, -0.313268, 0.949608, 0.4, -0.999198, 0.039968, 0.002288, 0.0, 0.0, 0.0, 0.0, 1.0],
                [0.0, -0.939744, -0.341878, 0.0, -0.0, -0.341878, 0.939744, 0.400001, -1.0, -0.0, -0.0, 0.0, 0.0, 0.0, 0.0, 1.0],
                [0.166165, -0.928645, -0.331673, -0.0, 0.044497, -0.328945, 0.9433, 0.400001, -0.985094, -0.171502, -0.013338, 0.0, 0.0, 0.0, 0.0, 1.0],
                [0.0, -0.939744, -0.341878, -0.0, -0.0, -0.341878, 0.939744, 0.400001, -1.0, -0.0, -0.0, 0.0, 0.0, 0.0, 0.0, 1.0]
            ]
        },
        {
            "name": "Arm_L",
            "time": [0.0, 0.1, 0.15, 0.2, 0.4, 0.6],
            "transform": [
                [0.141729, -0.101144, 0.984725, -0.0, -0.680506, 0.71248, 0.171125, 0.388212, -0.718905, -0.694365, 0.03215, 1e-06, 0.0, 0.0, 0.0, 1.0],
                [0.141729, -0.186584, 0.972162, -0.000897, -0.680506, 0.694854, 0.23257, 0.378885, -0.718905, -0.694524, -0.02849, 0.01767, 0.0, 0.0, 0.0, 1.0],
                [0.173807, -0.366839, 0.913904, -0.003793, -0.62301, 0.677749, 0.390532, 0.386011, -0.76266, -0.637248, -0.110747, 0.012951, 0.0, 0.0, 0.0, 1.0],
                [0.191516, -0.303884, 0.933261, -0.006688, -0.559558, 0.747392, 0.35819, 0.393137, -0.80636, -0.590813, -0.026903, 0.008231, 0.0, 0.0, 0.0, 1.0],
                [0.191516, -0.303884, 0.933261, -0.006688, -0.559558, 0.747392, 0.35819, 0.393137, -0.80636, -0.590813, -0.026903, 0.008231, 0.0, 0.0, 0.0, 1.0],
                [0.089023, -0.64066, 0.762647, -0.017193, -0.370697, 0.689371, 0.622376, 0.396331, -0.924478, -0.338116, -0.176121, 0.037886, 0.0, 0.0, 0.0, 1.0]
            ]
        },
        {
            "name": "Hand_L",
            "time": [0.0, 0.1, 0.15, 0.2, 0.4, 0.6],
            "transform": [
                [0.98078, 0.0845, -0.175868, -0.0, -0.194956, 0.460823, -0.865815, 0.329779, 0.007883, 0.88346, 0.46844, 0.0, 0.0, 0.0, 0.0, 1.0],
                [0.814564, -0.016438, -0.579841, -0.0, -0.542599, 0.331868, -0.771654, 0.329779, 0.205115, 0.943183, 0.261409, -0.0, 0.0, 0.0, 0.0, 1.0],
                [0.801317, -0.069311, -0.594212, 0.0, -0.574234, 0.189436, -0.796473, 0.329779, 0.16777, 0.979444, 0.111997, 0.0, 0.0, 0.0, 0.0, 1.0],
                [0.790172, -0.124248, -0.600159, 0.0, -0.599902, 0.043699, -0.79888, 0.329779, 0.125486, 0.991289, -0.040007, -0.0, 0.0, 0.0, 0.0, 1.0],
                [0.843405, 0.189967, -0.502574, -0.0, -0.498141, -0.07399, -0.863934, 0.329779, -0.201304, 0.978999, 0.032227, 0.0, 0.0, 0.0, 0.0, 1.0],
                [0.840558, -0.157655, -0.518273, -0.0, -0.529711, -0.03886, -0.847288, 0.329779, 0.113439, 0.986729, -0.116175, -0.0, 0.0, 0.0, 0.0, 1.0]
            ]
        },
        {
            "name": "Tool_L",
            "time": [0.0, 0.1, 0.15, 0.2, 0.4, 0.6],
            "transform": [
                [1.0, -0.0, 0.0, 0.02, -0.0, -1.0, 0.0, 0.291426, 0.0, 0.0, -1.0, -0.0, 0.0, 0.0, 0.0, 1.0],
                [1.0, -0.0, 0.0, 0.02, -0.0, -1.0, 0.0, 0.291426, 0.0, 0.0, -1.0, -0.0, 0.0, 0.0, 0.0, 1.0],
                [1.0, 0.0, 0.0, 0.02, 0.0, -1.0, 0.0, 0.291425, 0.0, 0.0, -1.0, -0.0, 0.0, 0.0, 0.0, 1.0],
                [1.0, 0.0, 0.0, 0.02, 0.0, -1.0, -0.0, 0.291425, 0.0, 0.0, -1.0, -0.0, 0.0, 0.0, 0.0, 1.0],
                [1.0, 0.0, 0.0, 0.02, 0.0, -1.0, -0.0, 0.291425, 0.0, 0.0, -1.0, -0.0, 0.0, 0.0, 0.0, 1.0],
                [1.0, 0.0, 0.0, 0.02, 0.0, -1.0, -0.0, 0.291425, 0.0, 0.0, -1.0, -0.0, 0.0, 0.0, 0.0, 1.0]
            ]
        },
        {
            "name": "Elbow_L",
            "time": [0.0, 0.1, 0.15, 0.2, 0.4, 0.6],
            "transform": [
                [-1.0, 0.0, -0.0, -0.0, 0.0, 0.515531, -0.856871, 0.329779, -0.0, -0.856871, -0.515531, 0.0, 0.0, 0.0, 0.0, 1.0],
                [-1.0, 0.0, -0.0, -0.0, 0.0, 0.605356, -0.795955, 0.329779, -0.0, -0.795955, -0.605356, -0.0, 0.0, 0.0, 0.0, 1.0],
                [-1.0, 1e-06, -0.0, 0.0, 1e-06, 0.66573, -0.746193, 0.329779, -0.0, -0.746193, -0.66573, 0.0, 0.0, 0.0, 0.0, 1.0],
                [-1.0, 0.0, -0.0, 0.0, 0.0, 0.721223, -0.692703, 0.329779, 0.0, -0.692703, -0.721223, -0.0, 0.0, 0.0, 0.0, 1.0],
                [-1.0, 0.0, -0.0, -0.0, 0.0, 0.695377, -0.718645, 0.329779, 0.0, -0.718644, -0.695377, 0.0, 0.0, 0.0, 0.0, 1.0],
                [-1.0, 0.0, -0.0, -0.0, 0.0, 0.747306, -0.664481, 0.329779, 0.0, -0.664481, -0.747305, -0.0, 0.0, 0.0, 0.0, 1.0]
            ]
        }
    ]
}