{

    "animation": [
        {
            "name": "Root",
            "time": [0.0, 0.05, 0.0833, 0.1167, 0.2, 0.25, 0.4667, 0.8333],
            "transform": [
                [-0.344633, 0.180444, 0.921232, -5e-06, 0.892674, 0.366631, 0.262137, 0.000946, -0.290451, 0.9127, -0.287431, 0.512498, 0.0, 0.0, 0.0, 1.0],
                [0.850736, 0.187354, 0.491067, -5e-06, 0.414393, 0.335625, -0.845952, 0.234474, -0.323307, 0.923176, 0.20789, 0.465515, 0.0, 0.0, 0.0, 1.0],
                [0.978466, 0.176108, 0.107656, -5e-06, 0.008811, 0.485456, -0.874217, 0.572022, -0.206219, 0.85634, 0.473451, 0.533359, 0.0, 0.0, 0.0, 1.0],
                [0.950078, 0.163874, -0.265515, -5e-06, -0.311241, 0.557626, -0.769534, 0.676041, 0.021952, 0.813756, 0.580792, 0.547138, 0.0, 0.0, 0.0, 1.0],
                [0.342722, 0.006729, -0.939413, -5e-06, -0.91424, 0.232435, -0.331873, 0.753994, 0.216119, 0.972589, 0.085812, 0.564818, 0.0, 0.0, 0.0, 1.0],
                [0.020399, 0.058884, -0.998056, -5e-06, -0.996019, 0.087841, -0.015175, 0.800946, 0.086777, 0.994393, 0.060442, 0.582498, 0.0, 0.0, 0.0, 1.0],
                [-0.173648, -0.0, -0.984808, -5e-06, -0.969846, 0.173648, 0.17101, 0.800946, 0.17101, 0.984808, -0.030154, 0.563503, 0.0, 0.0, 0.0, 1.0],
                [0.920505, -0.0, -0.390732, -5e-06, -0.390732, 0.0, -0.920505, 0.800946, 0.0, 1.0, -0.0, 0.693489, 0.0, 0.0, 0.0, 1.0]
            ]
        },
        {
            "name": "Thigh_R",
            "time": [0.0, 0.05, 0.0833, 0.1167, 0.2, 0.25, 0.4667, 0.8333],
            "transform": [
                [0.999916, -0.00975, -0.008693, 0.124994, -0.010701, -0.993055, -0.11715, -0.00283, -0.007491, 0.117233, -0.993078, -1.2e-05, 0.0, 0.0, 0.0, 1.0],
                [0.947128, 0.226789, -0.226964, 0.124994, 0.320719, -0.689524, 0.64938, -0.00283, -0.009225, -0.687838, -0.725805, -1.2e-05, 0.0, 0.0, 0.0, 1.0],
                [0.972383, 0.209728, -0.102382, 0.124994, 0.23321, -0.890082, 0.391621, -0.00283, -0.008994, -0.404683, -0.914413, -1.2e-05, 0.0, 0.0, 0.0, 1.0],
                [0.974509, 0.204574, -0.092112, 0.124375, 0.224169, -0.871183, 0.4368, -0.013004, 0.009112, -0.446314, -0.894833, -0.007134, 0.0, 0.0, 0.0, 1.0],
                [0.949072, 0.291822, -0.118749, 0.1284, 0.305598, -0.761016, 0.572248, -0.016632, 0.076624, -0.579394, -0.81144, 0.003042, 0.0, 0.0, 0.0, 1.0],
                [0.950165, 0.294216, -0.103063, 0.131807, 0.269109, -0.60721, 0.74758, -0.030434, 0.157369, -0.73806, -0.656126, 0.006095, 0.0, 0.0, 0.0, 1.0],
                [0.974163, 0.220392, -0.049208, 0.124994, 0.194758, -0.709663, 0.677083, -0.00283, 0.114301, -0.669172, -0.734256, -1.2e-05, 0.0, 0.0, 0.0, 1.0],
                [0.971184, 0.218279, 0.095665, 0.124956, 0.211099, -0.974203, 0.079778, 0.004103, 0.110611, -0.057285, -0.99221, 1.3e-05, 0.0, 0.0, 0.0, 1.0]
            ]
        },
        {
            "name": "Leg_R",
            "time": [0.0, 0.05, 0.0833, 0.1167, 0.2, 0.25, 0.4667, 0.8333],
            "transform": [
                [0.990523, -0.130436, -0.042979, -0.0, 0.076587, 0.264871, 0.961237, 0.37472, -0.113996, -0.955421, 0.272352, 0.0, 0.0, 0.0, 0.0, 1.0],
                [0.989586, -0.099829, -0.103691, 0.0, 0.064657, -0.335316, 0.939884, 0.37472, -0.128597, -0.936801, -0.32537, 0.0, 0.0, 0.0, 0.0, 1.0],
                [0.9962, -0.075982, -0.042553, 0.0, 0.0747, 0.494371, 0.866035, 0.37472, -0.044766, -0.865923, 0.498169, -0.0, 0.0, 0.0, 0.0, 1.0],
                [0.997891, -0.039848, -0.051235, 0.0, 0.064885, 0.632866, 0.771537, 0.37472, 0.001681, -0.773234, 0.634117, 0.0, 0.0, 0.0, 0.0, 1.0],
                [0.998519, 0.014695, -0.052374, 0.0, 0.03106, 0.63641, 0.770724, 0.37472, 0.044657, -0.771211, 0.635011, 0.0, 0.0, 0.0, 0.0, 1.0],
                [0.996212, 0.063508, -0.059404, -0.0, 0.00869, 0.606995, 0.794658, 0.37472, 0.086525, -0.792164, 0.604144, 0.0, 0.0, 0.0, 0.0, 1.0],
                [0.995694, -0.084467, -0.038173, 0.0, 0.090155, 0.786808, 0.610577, 0.37472, -0.021539, -0.611389, 0.791037, 0.0, 0.0, 0.0, 0.0, 1.0],
                [0.999961, -0.008472, -0.002448, -0.0, 0.008723, 0.909312, 0.416022, 0.37472, -0.001298, -0.416026, 0.909351, -0.0, 0.0, 0.0, 0.0, 1.0]
            ]
        },
        {
            "name": "Knee_R",
            "time": [0.0, 0.05, 0.0833, 0.1167, 0.2, 0.25, 0.4667, 0.8333],
            "transform": [
                [0.997361, -0.072602, 0.000466, -0.0, 0.044192, 0.601957, -0.797306, 0.37472, 0.057606, 0.79522, 0.603575, 0.0, 0.0, 0.0, 0.0, 1.0],
                [0.996697, -0.076916, -0.026039, 0.0, 0.047635, 0.813496, -0.579617, 0.37472, 0.065764, 0.576462, 0.814473, 0.0, 0.0, 0.0, 0.0, 1.0],
                [0.998981, -0.043749, -0.011074, 0.0, 0.012343, 0.500901, -0.865416, 0.37472, 0.043408, 0.864398, 0.50093, -0.0, 0.0, 0.0, 0.0, 1.0],
                [0.999446, -0.025691, -0.021156, 0.0, -0.00814, 0.42769, -0.903889, 0.37472, 0.03227, 0.90356, 0.427244, 0.0, 0.0, 0.0, 0.0, 1.0],
                [0.999611, 0.001485, -0.027847, 0.0, -0.025822, 0.426415, -0.904159, 0.37472, 0.010532, 0.904526, 0.426288, 0.0, 0.0, 0.0, 0.0, 1.0],
                [0.999001, 0.02483, -0.03717, -0.0, -0.044325, 0.442694, -0.895577, 0.37472, -0.005782, 0.896329, 0.443352, 0.0, 0.0, 0.0, 0.0, 1.0],
                [0.998893, -0.045454, -0.01208, 0.0, 0.003269, 0.323313, -0.946287, 0.37472, 0.046918, 0.9452, 0.323103, 0.0, 0.0, 0.0, 0.0, 1.0],
                [0.99999, -0.004367, -0.000773, -0.0, 0.000174, 0.212897, -0.977075, 0.37472, 0.004431, 0.977065, 0.212896, -0.0, 0.0, 0.0, 0.0, 1.0]
            ]
        },
        {
            "name": "Thigh_L",
            "time": [0.0, 0.05, 0.0833, 0.1167, 0.2, 0.25, 0.4667, 0.8333],
            "transform": [
                [0.991876, -0.019988, 0.125188, -0.125006, -0.089242, -0.811426, 0.577558, -0.002831, 0.090036, -0.584071, -0.806662, -1.2e-05, 0.0, 0.0, 0.0, 1.0],
                [0.976979, -0.212732, -0.013863, -0.125006, -0.206194, -0.959492, 0.191897, -0.00283, -0.054124, -0.184627, -0.981299, -1.2e-05, 0.0, 0.0, 0.0, 1.0],
                [0.995776, 0.044878, -0.07974, -0.125006, 0.08865, -0.688977, 0.719294, -0.00283, -0.022655, -0.723346, -0.690065, -1.2e-05, 0.0, 0.0, 0.0, 1.0],
                [0.994507, -0.074731, 0.07296, -0.124388, -0.079342, -0.086367, 0.99308, 0.007343, -0.067912, -0.993436, -0.091823, 0.00711, 0.0, 0.0, 0.0, 1.0],
                [0.967316, -0.2491, 0.046985, -0.125006, -0.243801, -0.863526, 0.441372, -0.00283, -0.069386, -0.4384, -0.896052, -1.2e-05, 0.0, 0.0, 0.0, 1.0],
                [0.967847, -0.243193, 0.064267, -0.125006, -0.25144, -0.927737, 0.275728, -0.00283, -0.007432, -0.283023, -0.959049, -1.2e-05, 0.0, 0.0, 0.0, 1.0],
                [0.93087, -0.354206, 0.089158, -0.125006, -0.35316, -0.935105, -0.027621, -0.00283, 0.09315, -0.005757, -0.995569, -1.2e-05, 0.0, 0.0, 0.0, 1.0],
                [0.978519, -0.204251, -0.027945, -0.124968, -0.186628, -0.935246, 0.300809, 0.010236, -0.087575, -0.289132, -0.953275, -3.6e-05, 0.0, 0.0, 0.0, 1.0]
            ]
        },
        {
            "name": "Leg_L",
            "time": [0.0, 0.05, 0.0833, 0.1167, 0.2, 0.25, 0.4667, 0.8333],
            "transform": [
                [0.994339, 0.104958, 0.016508, 0.0, -0.095388, 0.813447, 0.573778, 0.37472, 0.046794, -0.572108, 0.81885, -0.0, 0.0, 0.0, 0.0, 1.0],
                [0.999166, -0.026337, 0.031214, 0.0, -0.009828, 0.586768, 0.809701, 0.37472, -0.03964, -0.809328, 0.586023, 0.0, 0.0, 0.0, 0.0, 1.0],
                [0.992403, -0.11826, 0.033895, -0.0, 0.008659, 0.341987, 0.939667, 0.37472, -0.122716, -0.932237, 0.340413, 0.0, 0.0, 0.0, 0.0, 1.0],
                [0.988761, -0.145991, 0.032116, 0.0, 0.002959, 0.23392, 0.972253, 0.37472, -0.149452, -0.961237, 0.231723, -0.0, 0.0, 0.0, 0.0, 1.0],
                [0.986778, -0.15988, 0.026834, 0.0, 0.00861, 0.216973, 0.976132, 0.37472, -0.161889, -0.962991, 0.215479, 0.0, 0.0, 0.0, 0.0, 1.0],
                [0.996517, -0.068026, 0.048476, 0.0, -0.015738, 0.41705, 0.908734, 0.37472, -0.082037, -0.906321, 0.414522, -0.0, 0.0, 0.0, 0.0, 1.0],
                [0.9989, -0.009763, 0.046091, -0.0, -0.034619, 0.511505, 0.858569, 0.37472, -0.031959, -0.859233, 0.510586, 0.0, 0.0, 0.0, 0.0, 1.0],
                [0.999954, -0.008221, 0.004999, -0.0, 0.006258, 0.950322, 0.311209, 0.37472, -0.007309, -0.311164, 0.950328, -0.0, 0.0, 0.0, 0.0, 1.0]
            ]
        },
        {
            "name": "Knee_L",
            "time": [0.0, 0.05, 0.0833, 0.1167, 0.2, 0.25, 0.4667, 0.8333],
            "transform": [
                [0.998551, 0.053827, 0.000153, 0.0, -0.01606, 0.300642, -0.953602, 0.37472, -0.051376, 0.952217, 0.30107, -0.0, 0.0, 0.0, 0.0, 1.0],
                [0.999779, -0.009416, 0.018776, 0.0, 0.021004, 0.45448, -0.890509, 0.37472, -0.000147, 0.890708, 0.454577, 0.0, 0.0, 0.0, 0.0, 1.0],
                [0.997911, -0.053874, 0.035662, -0.0, 0.060093, 0.571256, -0.818568, 0.37472, 0.023728, 0.819002, 0.5733, 0.0, 0.0, 0.0, 0.0, 1.0],
                [0.99685, -0.067588, 0.041497, 0.0, 0.074395, 0.615532, -0.784594, 0.37472, 0.027486, 0.785209, 0.618619, -0.0, 0.0, 0.0, 0.0, 1.0],
                [0.996279, -0.075436, 0.04167, 0.0, 0.07966, 0.621519, -0.779341, 0.37472, 0.032888, 0.779766, 0.625206, 0.0, 0.0, 0.0, 0.0, 1.0],
                [0.99905, -0.026921, 0.034244, 0.0, 0.04336, 0.539331, -0.840975, 0.37472, 0.004171, 0.841664, 0.539988, -0.0, 0.0, 0.0, 0.0, 1.0],
                [0.999703, 0.001215, 0.02434, -0.0, 0.020561, 0.494253, -0.869069, 0.37472, -0.013087, 0.869326, 0.494078, 0.0, 0.0, 0.0, 0.0, 1.0],
                [0.999989, -0.003912, 0.002823, -0.0, 0.003405, 0.157559, -0.987504, 0.37472, 0.003419, 0.987502, 0.15757, -0.0, 0.0, 0.0, 0.0, 1.0]
            ]
        },
        {
            "name": "Torso",
            "time": [0.0, 0.05, 0.0833, 0.1167, 0.2, 0.25, 0.4667, 0.8333],
            "transform": [
                [0.997783, 0.005607, -0.066313, 0.0, -0.015928, 0.987604, -0.156156, 0.05, 0.064615, 0.156866, 0.985504, 0.0, 0.0, 0.0, 0.0, 1.0],
                [0.986383, -0.10869, 0.123431, 0.0, 0.140193, 0.948074, -0.285485, 0.05, -0.085993, 0.298902, 0.950401, -0.0, 0.0, 0.0, 0.0, 1.0],
                [0.994114, -0.099314, 0.04329, 0.0, 0.100535, 0.994567, -0.026997, 0.05, -0.040374, 0.03119, 0.998698, -0.0, 0.0, 0.0, 0.0, 1.0],
                [0.993732, -0.088579, 0.06819, 0.0, 0.097188, 0.986, -0.135496, 0.05, -0.055234, 0.141274, 0.988429, 0.0, 0.0, 0.0, 0.0, 1.0],
                [0.997775, -0.043591, 0.05044, 0.0, 0.038923, 0.995172, 0.0901, 0.05, -0.054124, -0.087936, 0.994655, -0.0, 0.0, 0.0, 0.0, 1.0],
                [0.99585, -0.08444, -0.033951, -0.0, 0.081434, 0.99331, -0.081871, 0.05, 0.040637, 0.078766, 0.996064, -0.0, 0.0, 0.0, 0.0, 1.0],
                [0.988606, 0.087998, -0.122125, -0.0, -0.105604, 0.983614, -0.146122, 0.05, 0.107265, 0.157354, 0.9817, -0.0, 0.0, 0.0, 0.0, 1.0],
                [0.998916, -0.02997, -0.035619, -0.0, 0.032351, 0.997144, 0.068243, 0.05, 0.033472, -0.069321, 0.997033, 0.0, 0.0, 0.0, 0.0, 1.0]
            ]
        },
        {
            "name": "Chest",
            "time": [0.0, 0.05, 0.0833, 0.1167, 0.2, 0.25, 0.4667, 0.6, 0.8333],
            "transform": [
                [0.885336, -0.439346, 0.15217, -0.0, 0.32164, 0.815054, 0.481907, 0.3, -0.335751, -0.377706, 0.862908, 0.0, 0.0, 0.0, 0.0, 1.0],
                [0.811973, -0.143076, 0.565889, 0.0, -0.100908, 0.920487, 0.377519, 0.3, -0.574907, -0.363638, 0.732973, 0.0, 0.0, 0.0, 0.0, 1.0],
                [0.953568, -0.070714, -0.292761, 0.0, 0.042865, 0.994015, -0.100478, 0.3, 0.298114, 0.083264, 0.950892, -0.0, 0.0, 0.0, 0.0, 1.0],
                [0.51823, 0.038256, -0.854385, 0.0, -0.064083, 0.997927, 0.005814, 0.3, 0.852837, 0.051738, 0.519608, -0.0, 0.0, 0.0, 0.0, 1.0],
                [0.61574, 0.044219, -0.786708, 0.0, -0.071156, 0.997465, 0.000372, 0.3, 0.78473, 0.05575, 0.617326, -0.0, 0.0, 0.0, 0.0, 1.0],
                [0.710901, 0.062277, -0.700529, 0.0, -0.016372, 0.997267, 0.072042, 0.3, 0.703101, -0.039745, 0.709978, 0.0, 0.0, 0.0, 0.0, 1.0],
                [0.592116, 0.031742, -0.805228, 0.0, 0.149753, 0.977485, 0.148652, 0.3, 0.791816, -0.208604, 0.574031, 0.0, 0.0, 0.0, 0.0, 1.0],
                [0.576719, 0.018514, -0.816733, -0.0, 0.09215, 0.991888, 0.087554, 0.3, 0.811729, -0.125756, 0.570335, -0.0, 0.0, 0.0, 0.0, 1.0],
                [0.912146, 0.029664, -0.408791, 0.0, -0.020129, 0.999416, 0.027609, 0.3, 0.409371, -0.016954, 0.91221, 0.0, 0.0, 0.0, 0.0, 1.0]
            ]
        },
        {
            "name": "Head",
            "time": [0.0, 0.05, 0.0833, 0.1167, 0.2, 0.25, 0.4667, 0.8333],
            "transform": [
                [-0.225999, 0.204938, -0.952326, 0.0, 0.037125, 0.978722, 0.201807, 0.4, 0.97342, 0.010253, -0.228798, -0.0, 0.0, 0.0, 0.0, 1.0],
                [0.356227, -0.033199, -0.933809, 0.0, -0.126475, 0.988459, -0.08339, 0.4, 0.9258, 0.147809, 0.347917, -0.0, 0.0, 0.0, 0.0, 1.0],
                [0.989365, 0.026222, 0.143072, 0.0, 0.006223, 0.975085, -0.221744, 0.4, -0.145322, 0.220277, 0.964551, -0.0, 0.0, 0.0, 0.0, 1.0],
                [0.32816, 0.220698, 0.918479, -0.0, 0.062777, 0.96508, -0.254325, 0.4, -0.942534, 0.141119, 0.302845, -0.0, 0.0, 0.0, 0.0, 1.0],
                [-0.425634, 0.049431, 0.903544, 0.0, 0.011766, 0.998725, -0.049095, 0.4, -0.904819, -0.010265, -0.425673, -0.0, 0.0, 0.0, 0.0, 1.0],
                [-0.57187, -0.027867, 0.81987, -0.0, -0.013819, 0.999609, 0.024337, 0.4, -0.820228, 0.002588, -0.572031, 0.0, 0.0, 0.0, 0.0, 1.0],
                [-0.821291, -0.086994, 0.563838, -0.0, -0.00697, 0.989762, 0.142557, 0.4, -0.570467, 0.113151, -0.813489, 0.0, 0.0, 0.0, 0.0, 1.0],
                [0.667233, -0.032836, 0.744124, 0.0, 0.02628, 0.999444, 0.020538, 0.4, -0.744385, 0.005852, 0.667725, -0.0, 0.0, 0.0, 0.0, 1.0]
            ]
        },
        {
            "name": "Shoulder_R",
            "time": [0.0, 0.05, 0.0833, 0.1167, 0.2, 0.25, 0.4667, 0.8333],
            "transform": [
                [0.411376, 0.815794, 0.406511, 0.0, -0.110164, -0.398225, 0.910649, 0.4, 0.904784, -0.419401, -0.073949, -0.0, 0.0, 0.0, 0.0, 1.0],
                [-0.089684, 0.992099, 0.087731, -0.0, 0.024013, -0.085906, 0.996014, 0.4, 0.99568, 0.091434, -0.016119, -0.0, 0.0, 0.0, 0.0, 1.0],
                [-0.03344, 0.994797, 0.096236, 0.0, 0.008952, -0.095987, 0.995342, 0.4, 0.9994, 0.034146, -0.005696, -0.0, 0.0, 0.0, 0.0, 1.0],
                [0.022949, 0.983783, 0.177887, -0.0, -0.006148, -0.177792, 0.984049, 0.4, 0.999717, -0.023677, 0.001969, -0.0, 0.0, 0.0, 0.0, 1.0],
                [0.038281, 0.94517, 0.324327, -0.0, -0.010254, -0.324176, 0.945941, 0.4, 0.999214, -0.039537, -0.002718, -0.0, 0.0, 0.0, 0.0, 1.0],
                [0.058717, 0.904612, 0.422172, -0.0, -0.015727, -0.422011, 0.906455, 0.4, 0.998151, -0.059864, -0.010553, 0.0, 0.0, 0.0, 0.0, 1.0],
                [0.058717, 0.904612, 0.422172, -0.0, -0.015727, -0.422011, 0.906455, 0.400001, 0.998151, -0.059864, -0.010553, 0.0, 0.0, 0.0, 0.0, 1.0],
                [0.004978, 0.913124, 0.40765, 0.0, -0.001336, -0.407648, 0.913138, 0.4, 0.999987, -0.00509, -0.000809, -0.0, 0.0, 0.0, 0.0, 1.0]
            ]
        },
        {
            "name": "Arm_R",
            "time": [0.0, 0.05, 0.0833, 0.1167, 0.2, 0.25, 0.4667, 0.8333],
            "transform": [
                [-0.586023, -0.164659, -0.793388, 0.0, -0.190273, 0.979722, -0.062788, 0.388213, 0.787639, 0.114165, -0.605469, 0.0, 0.0, 0.0, 0.0, 1.0],
                [-0.010479, -0.992294, 0.123467, 0.0, -0.469992, -0.104097, -0.876511, 0.388213, 0.882609, -0.067213, -0.465279, 0.0, 0.0, 0.0, 0.0, 1.0],
                [0.429278, -0.888153, 0.164026, 0.0, -0.347358, -0.329996, -0.87775, 0.388213, 0.833704, 0.319823, -0.450167, -0.0, 0.0, 0.0, 0.0, 1.0],
                [0.254879, -0.94863, 0.187452, -0.0, 0.045886, -0.181771, -0.982269, 0.388213, 0.965884, 0.258961, -0.002802, -0.0, 0.0, 0.0, 0.0, 1.0],
                [0.236924, -0.964904, -0.113265, 0.004912, 0.060419, 0.130993, -0.98954, 0.393362, 0.969648, 0.227603, 0.089334, -0.017559, 0.0, 0.0, 0.0, 1.0],
                [0.34921, -0.843789, -0.407521, 0.0, -0.107912, 0.395793, -0.911977, 0.388213, 0.93081, 0.362448, 0.04716, -0.0, 0.0, 0.0, 0.0, 1.0],
                [0.082163, -0.54818, -0.832315, -0.0, 0.026093, 0.836036, -0.548055, 0.388213, 0.996278, 0.023313, 0.082995, 0.0, 0.0, 0.0, 0.0, 1.0],
                [-0.856309, -0.111865, -0.504203, 0.0, 0.287918, 0.707083, -0.64586, 0.388213, 0.428763, -0.698225, -0.573274, 1e-06, 0.0, 0.0, 0.0, 1.0]
            ]
        },
        {
            "name": "Hand_R",
            "time": [0.0, 0.05, 0.0833, 0.1167, 0.2, 0.25, 0.4667, 0.6, 0.8333],
            "transform": [
                [0.99956, -0.010488, 0.027736, 0.0, 0.015134, 0.984808, -0.172987, 0.329779, -0.0255, 0.173331, 0.984534, 0.0, 0.0, 0.0, 0.0, 1.0],
                [0.999757, -0.018344, -0.01221, -0.0, 0.01228, 0.923869, -0.382512, 0.329779, 0.018297, 0.382269, 0.92387, -0.0, 0.0, 0.0, 0.0, 1.0],
                [0.9878, -0.018743, -0.154598, 0.0, 0.036122, 0.993233, 0.110379, 0.329779, 0.151483, -0.114617, 0.981792, -0.0, 0.0, 0.0, 0.0, 1.0],
                [0.99882, 0.03869, -0.02934, -0.0, -0.044813, 0.967159, -0.250192, 0.329779, 0.018696, 0.251211, 0.967752, 0.0, 0.0, 0.0, 0.0, 1.0],
                [0.998622, 0.046417, -0.024504, 0.0, -0.051983, 0.939221, -0.339356, 0.329779, 0.007263, 0.340163, 0.940339, -0.0, 0.0, 0.0, 0.0, 1.0],
                [0.998304, 0.054511, -0.02043, -0.0, -0.058022, 0.90327, -0.425131, 0.329779, -0.004721, 0.425596, 0.904901, -0.0, 0.0, 0.0, 0.0, 1.0],
                [0.99776, -0.046272, 0.048316, -0.0, 0.066764, 0.642788, -0.76313, 0.329779, 0.004255, 0.764646, 0.644437, -0.0, 0.0, 0.0, 0.0, 1.0],
                [0.998558, 0.047881, -0.024282, 0.0, -0.05365, 0.906601, -0.418565, 0.329779, 0.001973, 0.419264, 0.907862, -0.0, 0.0, 0.0, 0.0, 1.0],
                [0.978301, 0.150315, -0.142595, -0.0, -0.206835, 0.748844, -0.629644, 0.329779, 0.012136, 0.645475, 0.763685, -0.0, 0.0, 0.0, 0.0, 1.0]
            ]
        },
        {
            "name": "Tool_R",
            "time": [0.0, 0.05, 0.0833, 0.1167, 0.2, 0.25, 0.4667, 0.6, 0.8333],
            "transform": [
                [1.0, 0.0, 0.0, -0.02, 0.0, -0.834149, 0.551548, -0.282151, 0.0, -0.551539, -0.834162, 0.819152, 0.0, 0.0, 0.0, 1.0],
                [1.0, 0.0, 0.0, -0.02, 0.0, -0.984009, -0.178125, 0.48883, 0.0, 0.178122, -0.984024, 0.935917, 0.0, 0.0, 0.0, 1.0],
                [1.0, 0.0, 0.0, -0.02, 0.0, -0.995592, -0.093794, 0.375316, 0.0, 0.093792, -0.995607, 0.928648, 0.0, 0.0, 0.0, 1.0],
                [1.0, 0.0, 0.0, -0.02, 0.0, -0.838752, -0.544523, 0.88262, 0.0, 0.544515, -0.838764, 0.981685, 0.0, 0.0, 0.0, 1.0],
                [1.0, 0.0, 0.0, -0.02, 0.0, -0.980344, -0.1973, 0.46438, 0.0, 0.197297, -0.980359, 1.027869, 0.0, 0.0, 0.0, 1.0],
                [1.0, 0.0, 0.0, -0.02, 0.0, -1.0, 0.0, 0.291425, 0.0, 0.0, -1.000015, 1.062677, 0.0, 0.0, 0.0, 1.0],
                [1.0, 0.0, 0.0, -0.02, 0.0, -1.0, 0.0, 0.291425, 0.0, 0.0, -1.000015, 1.062677, 0.0, 0.0, 0.0, 1.0],
                [1.0, 0.0, 0.0, -0.02, 0.0, -0.992247, 0.124285, 0.177342, 0.0, -0.124284, -0.992255, 0.761949, 0.0, 0.0, 0.0, 1.0],
                [1.0, 0.0, 0.0, -0.02, 0.0, -0.99863, -0.052336, 0.272159, 0.0, 0.052336, -0.99863, 0.395384, 0.0, 0.0, 0.0, 1.0]
            ]
        },
        {
            "name": "Elbow_R",
            "time": [0.0, 0.05, 0.0833, 0.1167, 0.2, 0.25, 0.4667, 0.8333],
            "transform": [
                [-1.0, 0.0, -1e-06, 0.0, 1e-06, 0.087024, -0.996206, 0.329779, 0.0, -0.996206, -0.087024, 0.0, 0.0, 0.0, 0.0, 1.0],
                [-1.0, 0.0, -1e-06, -0.0, 0.0, 0.194904, -0.980822, 0.329779, 0.0, -0.980822, -0.194904, -0.0, 0.0, 0.0, 0.0, 1.0],
                [-1.0, -0.0, -1e-06, 0.0, 1e-06, -0.058076, -0.998312, 0.329779, 0.0, -0.998312, 0.058076, -0.0, 0.0, 0.0, 0.0, 1.0],
                [-1.0, -0.0, -1e-06, -0.0, 0.0, 0.126647, -0.991948, 0.329779, 0.0, -0.991948, -0.126647, 0.0, 0.0, 0.0, 0.0, 1.0],
                [-1.0, -1e-06, -1e-06, 0.0, 0.0, 0.17268, -0.984978, 0.329779, 1e-06, -0.984979, -0.17268, -0.0, 0.0, 0.0, 0.0, 1.0],
                [-1.0, 0.0, -0.0, -0.0, 0.0, 0.218047, -0.975938, 0.329779, 0.0, -0.975938, -0.218047, -0.0, 0.0, 0.0, 0.0, 1.0],
                [-1.0, 0.0, -0.0, -0.0, 0.0, 0.421638, -0.906764, 0.329779, 0.0, -0.906764, -0.421638, -0.0, 0.0, 0.0, 0.0, 1.0],
                [-1.0, 0.0, -0.0, -0.0, 0.0, 0.3437, -0.93908, 0.329779, 0.0, -0.93908, -0.3437, -0.0, 0.0, 0.0, 0.0, 1.0]
            ]
        },
        {
            "name": "Shoulder_L",
            "time": [0.0, 0.05, 0.0833, 0.1167, 0.2, 0.25, 0.4667, 0.8333],
            "transform": [
                [0.285581, -0.884566, -0.368763, 0.0, 0.076475, -0.362526, 0.92883, 0.4, -0.955298, -0.293457, -0.035884, -0.0, 0.0, 0.0, 0.0, 1.0],
                [0.12145, -0.920567, -0.371222, -0.0, 0.032523, -0.370099, 0.928423, 0.4, -0.992064, -0.12483, -0.015009, -0.0, 0.0, 0.0, 0.0, 1.0],
                [0.163155, -0.914072, -0.371286, 0.0, 0.043691, -0.369265, 0.928296, 0.4, -0.985632, -0.167678, -0.020311, -0.0, 0.0, 0.0, 0.0, 1.0],
                [0.204486, -0.905883, -0.370892, -0.0, 0.054759, -0.367719, 0.928323, 0.4, -0.977336, -0.210139, -0.025589, 0.0, 0.0, 0.0, 0.0, 1.0],
                [0.245332, -0.896034, -0.370048, 0.0, 0.065697, -0.365469, 0.928502, 0.4, -0.96721, -0.252102, -0.030795, -0.0, 0.0, 0.0, 0.0, 1.0],
                [0.285581, -0.884566, -0.368763, -0.0, 0.076475, -0.362526, 0.92883, 0.4, -0.955298, -0.293457, -0.035884, 0.0, 0.0, 0.0, 0.0, 1.0],
                [0.285581, -0.884566, -0.368763, -0.0, 0.076475, -0.362526, 0.92883, 0.400001, -0.955298, -0.293457, -0.035884, 0.0, 0.0, 0.0, 0.0, 1.0],
                [0.023657, -0.965207, -0.260411, 0.0, 0.006335, -0.260333, 0.965498, 0.4, -0.9997, -0.024491, -4.4e-05, -0.0, 0.0, 0.0, 0.0, 1.0]
            ]
        },
        {
            "name": "Arm_L",
            "time": [0.0, 0.05, 0.0833, 0.1167, 0.2, 0.25, 0.4667, 0.6, 0.8333],
            "transform": [
                [0.347568, 0.606892, 0.714757, -0.0, -0.683534, 0.685799, -0.24992, 0.388212, -0.641855, -0.401697, 0.653193, -0.0, 0.0, 0.0, 0.0, 1.0],
                [0.818127, 0.251596, 0.517077, -0.0, -0.515945, 0.718213, 0.466872, 0.388212, -0.253909, -0.648743, 0.717399, -0.0, 0.0, 0.0, 0.0, 1.0],
                [0.340535, 0.923467, 0.176759, 0.0, -0.935444, 0.351707, -0.035298, 0.388212, -0.094764, -0.153328, 0.983621, -0.0, 0.0, 0.0, 0.0, 1.0],
                [0.260295, 0.851608, -0.454984, 0.0, -0.948294, 0.136846, -0.286377, 0.388212, -0.181618, 0.506001, 0.843195, 0.0, 0.0, 0.0, 0.0, 1.0],
                [0.270979, 0.840342, -0.469463, 0.005958, -0.852465, -0.017014, -0.522507, 0.382138, -0.447072, 0.541789, 0.711752, 0.016928, 0.0, 0.0, 0.0, 1.0],
                [0.310169, 0.846098, -0.433488, 0.0, -0.739994, -0.071386, -0.668814, 0.388212, -0.596828, 0.528224, 0.603966, 0.0, 0.0, 0.0, 0.0, 1.0],
                [0.500584, 0.806222, -0.315311, 0.0, -0.598487, 0.059135, -0.798946, 0.388212, -0.625482, 0.588649, 0.512116, -0.0, 0.0, 0.0, 0.0, 1.0],
                [-0.15444, 0.91785, 0.365647, -0.0, -0.73161, 0.14248, -0.666667, 0.388212, -0.663999, -0.370471, 0.649504, 0.0, 0.0, 0.0, 0.0, 1.0],
                [-0.064889, 0.308405, 0.949038, 0.0, -0.771547, 0.587636, -0.243715, 0.388212, -0.632852, -0.748044, 0.199818, 1e-06, 0.0, 0.0, 0.0, 1.0]
            ]
        },
        {
            "name": "Hand_L",
            "time": [0.0, 0.05, 0.0833, 0.1167, 0.2, 0.25, 0.4667, 0.6, 0.8333],
            "transform": [
                [0.999971, 0.005451, -0.005324, -0.0, -0.005759, 0.998202, -0.059663, 0.329779, 0.004989, 0.059692, 0.998204, -0.0, 0.0, 0.0, 0.0, 1.0],
                [0.999971, 0.003298, -0.006869, 0.0, -0.005759, 0.917406, -0.397911, 0.329779, 0.004989, 0.397939, 0.917398, 0.0, 0.0, 0.0, 0.0, 1.0],
                [0.999971, 0.003596, -0.006718, -0.0, -0.005759, 0.933948, -0.357363, 0.329779, 0.004989, 0.357392, 0.933941, 0.0, 0.0, 0.0, 0.0, 1.0],
                [0.999971, 0.003886, -0.006554, 0.0, -0.005759, 0.948685, -0.316171, 0.329779, 0.004989, 0.316199, 0.94868, 0.0, 0.0, 0.0, 0.0, 1.0],
                [0.999971, 0.004443, -0.006191, -0.0, -0.005759, 0.972619, -0.232334, 0.329779, 0.004989, 0.232363, 0.972616, 0.0, 0.0, 0.0, 0.0, 1.0],
                [0.999971, 0.004961, -0.005783, 0.0, -0.005759, 0.989062, -0.147385, 0.329779, 0.004989, 0.147414, 0.989062, -0.0, 0.0, 0.0, 0.0, 1.0],
                [0.999971, 0.004961, -0.005783, -0.0, -0.005759, 0.989062, -0.147385, 0.329779, 0.004989, 0.147414, 0.989062, -0.0, 0.0, 0.0, 0.0, 1.0],
                [0.999988, 0.004863, -0.000875, 0.0, -0.004926, 0.994896, -0.100792, 0.329779, 0.000381, 0.100795, 0.994907, 0.0, 0.0, 0.0, 0.0, 1.0],
                [0.999992, 0.004203, 0.000453, -0.0, -0.000931, 0.323558, -0.946208, 0.329779, -0.004124, 0.946199, 0.323559, -0.0, 0.0, 0.0, 0.0, 1.0]
            ]
        },
        {
            "name": "Tool_L",
            "time": [0.0, 0.05, 0.0833, 0.1167, 0.2, 0.25, 0.4667, 0.8333],
            "transform": [
                [1.0, -0.0, 0.0, 0.02, -0.0, -1.0, -0.0, 0.291426, 0.0, 0.0, -1.000019, -0.0, 0.0, 0.0, 0.0, 1.0],
                [1.0, 0.0, 0.0, 0.02, 0.0, -1.0, 0.0, 0.291426, 0.0, -0.0, -1.000019, -0.0, 0.0, 0.0, 0.0, 1.0],
                [1.0, 0.0, 0.0, 0.02, -0.0, -1.0, -0.0, 0.291426, 0.0, 0.0, -1.000019, -0.0, 0.0, 0.0, 0.0, 1.0],
                [1.0, 0.0, 0.0, 0.02, 0.0, -1.0, 0.0, 0.291426, 0.0, -0.0, -1.000019, -0.0, 0.0, 0.0, 0.0, 1.0],
                [1.0, 0.0, 0.0, 0.02, -0.0, -1.0, 0.0, 0.291426, 0.0, 0.0, -1.000019, -0.0, 0.0, 0.0, 0.0, 1.0],
                [1.0, -0.0, 0.0, 0.02, 0.0, -1.0, -0.0, 0.291426, 0.0, -0.0, -1.000019, -0.0, 0.0, 0.0, 0.0, 1.0],
                [1.0, 0.0, 0.0, 0.02, -0.0, -1.0, 0.0, 0.291426, 0.0, -0.0, -1.000019, 0.0, 0.0, 0.0, 0.0, 1.0],
                [1.0, 0.0, 0.0, 0.02, 0.0, -1.0, 0.0, 0.291426, 0.0, 0.0, -1.0, -0.0, 0.0, 0.0, 0.0, 1.0]
            ]
        },
        {
            "name": "Elbow_L",
            "time": [0.0, 0.05, 0.0833, 0.1167, 0.2, 0.25, 0.4667, 0.8333],
            "transform": [
                [-1.0, -0.0, -0.0, -0.0, 0.0, 0.029859, -0.999554, 0.329779, 0.0, -0.999554, -0.029859, -0.0, 0.0, 0.0, 0.0, 1.0],
                [-1.0, -0.0, -0.0, 0.0, 1e-06, 0.203212, -0.979135, 0.329779, 0.0, -0.979135, -0.203212, 0.0, 0.0, 0.0, 0.0, 1.0],
                [-1.0, -0.0, -1e-06, -0.0, 0.0, 0.181723, -0.983349, 0.329779, 0.0, -0.983349, -0.181724, 0.0, 0.0, 0.0, 0.0, 1.0],
                [-1.0, -0.0, 0.0, 0.0, -0.0, 0.16017, -0.987089, 0.329779, 0.0, -0.987089, -0.16017, 0.0, 0.0, 0.0, 0.0, 1.0],
                [-1.0, -0.0, -0.0, -0.0, 0.0, 0.116986, -0.993134, 0.329779, -0.0, -0.993133, -0.116986, 0.0, 0.0, 0.0, 0.0, 1.0],
                [-1.0, 0.0, -1e-06, 0.0, 0.0, 0.07391, -0.997265, 0.329779, 0.0, -0.997265, -0.07391, -0.0, 0.0, 0.0, 0.0, 1.0],
                [-1.0, 0.0, -0.0, -0.0, 0.0, 0.07391, -0.997265, 0.329779, 0.0, -0.997265, -0.07391, -0.0, 0.0, 0.0, 0.0, 1.0],
                [-1.0, 0.0, -0.0, -0.0, 0.0, 0.581566, -0.813499, 0.329779, -0.0, -0.8135, -0.581566, -0.0, 0.0, 0.0, 0.0, 1.0]
            ]
        }
    ]
}