{

    "animation": [
        {
            "name": "Root",
            "time": [0.0, 0.05, 0.0833, 0.1333, 0.2, 0.3333, 0.4, 0.6667],
            "transform": [
                [0.378079, -0.065078, -0.923483, -5e-06, -0.918863, -0.148035, -0.365755, 0.000946, -0.112906, 0.986839, -0.115767, 0.568326, 0.0, 0.0, 0.0, 1.0],
                [0.074847, -0.149791, -0.985881, -5e-06, -0.991011, -0.121107, -0.056836, 0.000946, -0.110883, 0.981273, -0.157509, 0.507602, 0.0, 0.0, 0.0, 1.0],
                [0.770484, 0.009256, -0.637392, -5e-06, -0.635223, 0.094834, -0.766484, 0.090946, 0.053352, 0.99545, 0.078948, 0.457503, 0.0, 0.0, 0.0, 1.0],
                [0.986623, 0.0387, -0.158358, -5e-06, -0.162272, 0.140295, -0.976722, 0.250946, -0.015583, 0.989353, 0.144698, 0.504103, 0.0, 0.0, 0.0, 1.0],
                [0.985506, 0.039156, -0.165062, -5e-06, -0.168713, 0.124496, -0.977771, 0.280946, -0.017736, 0.991447, 0.129298, 0.484367, 0.0, 0.0, 0.0, 1.0],
                [0.983749, 0.039636, -0.175121, -5e-06, -0.1783, 0.100723, -0.978807, 0.250946, -0.021158, 0.994125, 0.106153, 0.499764, 0.0, 0.0, 0.0, 1.0],
                [0.981896, 0.039872, -0.185176, -5e-06, -0.187789, 0.07688, -0.979196, 0.250946, -0.024807, 0.996243, 0.082976, 0.515161, 0.0, 0.0, 0.0, 1.0],
                [0.832596, 0.030727, -0.553028, -5e-06, -0.553847, 0.035176, -0.831875, 0.250946, -0.006107, 0.998909, 0.046306, 0.574701, 0.0, 0.0, 0.0, 1.0]
            ]
        },
        {
            "name": "Thigh_R",
            "time": [0.0, 0.05, 0.0833, 0.1333, 0.2, 0.3333, 0.4, 0.6667],
            "transform": [
                [0.821528, 0.426673, -0.378204, 0.124994, 0.570068, -0.626949, 0.530995, -0.00283, -0.010554, -0.65183, -0.758291, -1.2e-05, 0.0, 0.0, 0.0, 1.0],
                [0.92603, 0.329499, -0.183935, 0.122776, 0.355643, -0.599054, 0.717377, 0.016795, 0.126181, -0.729743, -0.671945, -0.003162, 0.0, 0.0, 0.0, 1.0],
                [0.896815, 0.346788, -0.274441, 0.124994, 0.419073, -0.864629, 0.276847, -0.002831, -0.141309, -0.363309, -0.920824, -1.2e-05, 0.0, 0.0, 0.0, 1.0],
                [0.964273, 0.245802, -0.09877, 0.124994, 0.21734, -0.947255, -0.235519, -0.002831, -0.151451, 0.205638, -0.966838, -1.2e-05, 0.0, 0.0, 0.0, 1.0],
                [0.950181, 0.290943, -0.111822, 0.124994, 0.246286, -0.920697, -0.302751, -0.002831, -0.191037, 0.260128, -0.946487, -1.2e-05, 0.0, 0.0, 0.0, 1.0],
                [0.949679, 0.305357, -0.06973, 0.124994, 0.294575, -0.946399, -0.132481, -0.002831, -0.106446, 0.105274, -0.988729, -1.2e-05, 0.0, 0.0, 0.0, 1.0],
                [0.942891, 0.332815, 0.013579, 0.124994, 0.332026, -0.935838, -0.118156, -0.00283, -0.026616, 0.115917, -0.992901, -1.2e-05, 0.0, 0.0, 0.0, 1.0],
                [0.891583, 0.452637, 0.013874, 0.12455, 0.3974, -0.796733, 0.455284, 0.000356, 0.217133, -0.400412, -0.890233, -5e-05, 0.0, 0.0, 0.0, 1.0]
            ]
        },
        {
            "name": "Leg_R",
            "time": [0.0, 0.05, 0.0833, 0.1333, 0.2, 0.3333, 0.4, 0.6667],
            "transform": [
                [0.999757, -0.014743, -0.016371, 0.0, 0.021896, 0.58272, 0.812377, 0.37472, -0.002437, -0.81254, 0.5829, 0.0, 0.0, 0.0, 0.0, 1.0],
                [0.999763, 0.008794, -0.019852, -0.0, 0.010529, 0.603233, 0.797496, 0.37472, 0.018988, -0.797511, 0.603003, 0.0, 0.0, 0.0, 0.0, 1.0],
                [0.999752, -0.017631, -0.013259, 0.0, 0.018161, 0.316589, 0.948394, 0.37472, -0.012523, -0.948399, 0.316834, 0.0, 0.0, 0.0, 0.0, 1.0],
                [0.996836, -0.066014, 0.044241, 0.0, 0.023929, 0.780216, 0.625052, 0.37472, -0.07578, -0.622014, 0.779332, -0.0, 0.0, 0.0, 0.0, 1.0],
                [0.997773, -0.054135, 0.038912, 0.0, 0.017075, 0.771694, 0.635765, 0.37472, -0.064445, -0.633684, 0.770904, -0.0, 0.0, 0.0, 0.0, 1.0],
                [0.998189, -0.054604, 0.025168, -0.0, 0.016679, 0.653638, 0.756625, 0.37472, -0.057765, -0.754835, 0.653367, 0.0, 0.0, 0.0, 0.0, 1.0],
                [0.998837, -0.043619, 0.020439, 0.0, 0.013178, 0.655566, 0.755024, 0.37472, -0.046332, -0.753877, 0.655381, -0.0, 0.0, 0.0, 0.0, 1.0],
                [0.995859, -0.088163, -0.022133, 0.0, 0.066661, 0.542803, 0.837211, 0.37472, -0.061797, -0.835218, 0.546435, 0.0, 0.0, 0.0, 0.0, 1.0]
            ]
        },
        {
            "name": "Knee_R",
            "time": [0.0, 0.05, 0.0833, 0.1333, 0.2, 0.3333, 0.4, 0.6667],
            "transform": [
                [0.999936, -0.009348, -0.006409, 0.0, -0.001433, 0.456678, -0.889631, 0.37472, 0.011243, 0.889583, 0.456635, 0.0, 0.0, 0.0, 0.0, 1.0],
                [0.999938, 0.002067, -0.010966, -0.0, -0.010738, 0.445407, -0.895265, 0.37472, 0.003032, 0.895326, 0.445398, 0.0, 0.0, 0.0, 0.0, 1.0],
                [0.999933, -0.010953, -0.003791, 0.0, 0.003325, 0.584459, -0.811426, 0.37472, 0.0111, 0.811347, 0.584448, 0.0, 0.0, 0.0, 0.0, 1.0],
                [0.999186, -0.02926, 0.027758, 0.0, 0.035874, 0.330251, -0.943211, 0.37472, 0.018432, 0.943439, 0.331032, -0.0, 0.0, 0.0, 0.0, 1.0],
                [0.999427, -0.023695, 0.024171, 0.0, 0.030749, 0.337068, -0.940978, 0.37472, 0.014149, 0.941182, 0.337603, -0.0, 0.0, 0.0, 0.0, 1.0],
                [0.999526, -0.024568, 0.018534, -0.0, 0.027072, 0.415456, -0.909211, 0.37472, 0.014638, 0.909281, 0.415924, 0.0, 0.0, 0.0, 0.0, 1.0],
                [0.999696, -0.019593, 0.014956, 0.0, 0.021735, 0.414548, -0.909768, 0.37472, 0.011624, 0.909816, 0.414848, -0.0, 0.0, 0.0, 0.0, 1.0],
                [0.998898, -0.046932, 0.000114, 0.0, 0.022457, 0.47582, -0.879255, 0.37472, 0.041211, 0.878289, 0.47635, 0.0, 0.0, 0.0, 0.0, 1.0]
            ]
        },
        {
            "name": "Thigh_L",
            "time": [0.0, 0.05, 0.0833, 0.1333, 0.2, 0.3333, 0.4, 0.6667],
            "transform": [
                [0.955462, -0.295087, 0.004081, -0.125006, -0.29371, -0.949476, 0.110586, -0.002831, -0.028757, -0.10686, -0.993858, -1.2e-05, 0.0, 0.0, 0.0, 1.0],
                [0.952322, -0.304215, 0.023087, -0.125006, -0.302931, -0.95186, -0.046828, -0.002831, 0.036221, 0.037602, -0.998635, -1.2e-05, 0.0, 0.0, 0.0, 1.0],
                [0.914376, -0.333779, 0.229137, -0.125006, -0.36445, -0.432118, 0.824893, -0.002831, -0.176318, -0.837773, -0.516765, -1.2e-05, 0.0, 0.0, 0.0, 1.0],
                [0.976141, -0.21415, 0.035872, -0.125006, -0.119992, -0.39433, 0.9111, -0.002831, -0.180967, -0.893667, -0.410619, -1.2e-05, 0.0, 0.0, 0.0, 1.0],
                [0.960562, -0.270151, 0.065863, -0.125006, -0.147311, -0.293497, 0.94453, -0.002831, -0.235838, -0.916982, -0.321718, -1.2e-05, 0.0, 0.0, 0.0, 1.0],
                [0.965297, -0.245588, 0.088804, -0.125006, -0.171174, -0.338197, 0.925375, -0.002831, -0.197228, -0.908464, -0.368499, -1.2e-05, 0.0, 0.0, 0.0, 1.0],
                [0.973323, -0.181935, 0.139775, -0.125006, -0.202845, -0.397752, 0.894787, -0.00283, -0.107197, -0.899272, -0.424047, -1.2e-05, 0.0, 0.0, 0.0, 1.0],
                [0.875352, -0.271399, 0.400123, -0.126475, -0.47294, -0.652543, 0.592041, 0.000356, 0.100418, -0.70748, -0.699562, -0.00097, 0.0, 0.0, 0.0, 1.0]
            ]
        },
        {
            "name": "Leg_L",
            "time": [0.0, 0.05, 0.0833, 0.1333, 0.2, 0.3333, 0.4, 0.6667],
            "transform": [
                [0.999165, -0.038366, 0.014008, 0.0, 0.008718, 0.535412, 0.844546, 0.37472, -0.039902, -0.843718, 0.535301, -0.0, 0.0, 0.0, 0.0, 1.0],
                [0.979113, 0.165082, 0.118676, 0.0, -0.181571, 0.447359, 0.875729, 0.37472, 0.091476, -0.878986, 0.46799, 0.0, 0.0, 0.0, 0.0, 1.0],
                [0.991107, -0.008679, 0.132776, -0.0, -0.133059, -0.062747, 0.989118, 0.37472, -0.000254, -0.997992, -0.063344, 0.0, 0.0, 0.0, 0.0, 1.0],
                [0.991538, 0.045081, 0.121727, 0.0, -0.125386, 0.089996, 0.988015, 0.37472, 0.033586, -0.994922, 0.094887, 0.0, 0.0, 0.0, 0.0, 1.0],
                [0.991592, 0.03882, 0.123436, 0.0, -0.123538, 0.000241, 0.992337, 0.37472, 0.038493, -0.999247, 0.005035, 0.0, 0.0, 0.0, 0.0, 1.0],
                [0.992952, 0.041561, 0.110984, 0.0, -0.117641, 0.23243, 0.965471, 0.37472, 0.01433, -0.971726, 0.235681, -0.0, 0.0, 0.0, 0.0, 1.0],
                [0.993605, 0.039605, 0.105731, 0.0, -0.112777, 0.303444, 0.946152, 0.37472, 0.005389, -0.952026, 0.30597, -0.0, 0.0, 0.0, 0.0, 1.0],
                [0.99709, 0.018381, 0.073964, 0.0, -0.069719, 0.611982, 0.787793, 0.37472, -0.030784, -0.790659, 0.611484, 0.0, 0.0, 0.0, 0.0, 1.0]
            ]
        },
        {
            "name": "Knee_L",
            "time": [0.0, 0.05, 0.0833, 0.1333, 0.2, 0.3333, 0.4, 0.6667],
            "transform": [
                [0.999778, -0.017386, 0.011932, 0.0, 0.018833, 0.481672, -0.876149, 0.37472, 0.009486, 0.876179, 0.481893, -0.0, 0.0, 0.0, 0.0, 1.0],
                [0.994357, 0.099652, 0.036381, 0.0, -0.020397, 0.516136, -0.856264, 0.37472, -0.104106, 0.85069, 0.515256, 0.0, 0.0, 0.0, 0.0, 1.0],
                [0.997358, 0.024484, 0.068392, -0.0, 0.029016, 0.728849, -0.68406, 0.37472, -0.066595, 0.684237, 0.726213, 0.0, 0.0, 0.0, 0.0, 1.0],
                [0.997565, 0.046222, 0.052217, 0.0, 0.007525, 0.673054, -0.739555, 0.37472, -0.069328, 0.738148, 0.671067, 0.0, 0.0, 0.0, 0.0, 1.0],
                [0.997537, 0.045038, 0.053775, 0.0, 0.006331, 0.705697, -0.708486, 0.37472, -0.069858, 0.707081, 0.703673, 0.0, 0.0, 0.0, 0.0, 1.0],
                [0.998026, 0.040083, 0.048361, 0.0, 0.013247, 0.618299, -0.785831, 0.37472, -0.0614, 0.78492, 0.616548, -0.0, 0.0, 0.0, 0.0, 1.0],
                [0.99823, 0.0371, 0.046471, 0.0, 0.015719, 0.589072, -0.807928, 0.37472, -0.057349, 0.807228, 0.587447, -0.0, 0.0, 0.0, 0.0, 1.0],
                [0.999234, 0.017782, 0.034872, 0.0, 0.023492, 0.440159, -0.897613, 0.37472, -0.031311, 0.897744, 0.439404, 0.0, 0.0, 0.0, 0.0, 1.0]
            ]
        },
        {
            "name": "Torso",
            "time": [0.0, 0.05, 0.0833, 0.1333, 0.2, 0.3333, 0.4, 0.6667],
            "transform": [
                [0.993826, -0.110469, 0.010349, 0.0, 0.110727, 0.993428, -0.029001, 0.05, -0.007077, 0.029968, 0.999526, 0.0, 0.0, 0.0, 0.0, 1.0],
                [0.987301, -0.076579, -0.139181, 0.0, 0.073367, 0.99691, -0.028075, 0.05, 0.140901, 0.017507, 0.989869, 0.0, 0.0, 0.0, 0.0, 1.0],
                [0.992073, 0.010731, 0.125204, -0.0, 0.005935, 0.991234, -0.131988, 0.05, -0.125523, 0.131685, 0.983312, 0.0, 0.0, 0.0, 0.0, 1.0],
                [0.989039, -0.117204, 0.089807, -0.0, 0.081807, 0.941297, 0.327516, 0.05, -0.122922, -0.31658, 0.940568, -0.0, 0.0, 0.0, 0.0, 1.0],
                [0.974512, -0.120432, 0.189266, -0.0, 0.044153, 0.930147, 0.364524, 0.05, -0.219945, -0.346877, 0.911757, -0.0, 0.0, 0.0, 0.0, 1.0],
                [0.991803, -0.096367, 0.083901, 0.0, 0.072867, 0.96598, 0.248142, 0.05, -0.104959, -0.239994, 0.965084, 0.0, 0.0, 0.0, 0.0, 1.0],
                [0.999151, -0.038063, -0.01578, -0.0, 0.036383, 0.99474, -0.095756, 0.05, 0.019341, 0.095101, 0.99528, 0.0, 0.0, 0.0, 0.0, 1.0],
                [0.975319, -0.013832, -0.220367, -0.0, -0.014516, 0.99186, -0.126505, 0.051539, 0.220323, 0.126581, 0.967179, 0.0, 0.0, 0.0, 0.0, 1.0]
            ]
        },
        {
            "name": "Chest",
            "time": [0.0, 0.05, 0.0833, 0.1333, 0.2, 0.3333, 0.4, 0.6667],
            "transform": [
                [0.756824, -0.096221, -0.646497, -0.0, 0.254498, 0.954428, 0.155878, 0.3, 0.602036, -0.282504, 0.746822, 0.0, 0.0, 0.0, 0.0, 1.0],
                [0.87836, -0.31654, -0.35817, 0.0, 0.428844, 0.852818, 0.297982, 0.3, 0.21113, -0.415335, 0.884828, -0.0, 0.0, 0.0, 0.0, 1.0],
                [0.995687, -0.091456, -0.015616, 0.0, 0.092169, 0.955729, 0.279442, 0.3, -0.010632, -0.279676, 0.960036, 0.0, 0.0, 0.0, 0.0, 1.0],
                [0.819303, 0.053583, 0.570852, -0.0, 0.072509, 0.977947, -0.195861, 0.3, -0.568758, 0.201861, 0.79735, -0.0, 0.0, 0.0, 0.0, 1.0],
                [0.609922, -0.023333, 0.792118, 0.0, 0.048643, 0.998784, -0.008034, 0.3, -0.790967, 0.043431, 0.610315, 0.0, 0.0, 0.0, 0.0, 1.0],
                [0.447969, -0.05273, 0.892493, -0.0, -0.160891, 0.977207, 0.138491, 0.3, -0.879453, -0.205634, 0.429275, -0.0, 0.0, 0.0, 0.0, 1.0],
                [0.728353, -0.12242, 0.674178, 0.0, -0.216364, 0.89248, 0.39581, 0.3, -0.650145, -0.434157, 0.623553, 0.0, 0.0, 0.0, 0.0, 1.0],
                [0.996187, 0.03475, -0.080029, 0.0, -0.010933, 0.959748, 0.280648, 0.3, 0.086561, -0.278703, 0.956469, 0.0, 0.0, 0.0, 0.0, 1.0]
            ]
        },
        {
            "name": "Head",
            "time": [0.0, 0.05, 0.0833, 0.1333, 0.2, 0.3333, 0.4, 0.6667],
            "transform": [
                [-0.060326, 0.004867, 0.998166, -0.0, -0.062707, 0.997994, -0.008656, 0.4, -0.996207, -0.063115, -0.0599, 0.0, 0.0, 0.0, 0.0, 1.0],
                [-0.184138, 0.185376, 0.965261, 0.0, 0.164643, 0.973996, -0.155645, 0.400001, -0.969013, 0.130264, -0.209871, -0.0, 0.0, 0.0, 0.0, 1.0],
                [0.887215, 0.026211, 0.460611, 0.0, 0.021924, 0.994862, -0.098841, 0.400001, -0.460835, 0.097791, 0.882082, -0.0, 0.0, 0.0, 0.0, 1.0],
                [0.848033, -0.100323, -0.520362, -0.0, 0.020313, 0.98735, -0.157251, 0.4, 0.529555, 0.122784, 0.839342, -0.0, 0.0, 0.0, 0.0, 1.0],
                [0.572465, -0.229184, -0.787247, -0.0, -0.053437, 0.947671, -0.314744, 0.400001, 0.818186, 0.222248, 0.530262, -0.0, 0.0, 0.0, 0.0, 1.0],
                [0.554625, -0.260671, -0.790217, -0.0, -0.077315, 0.929413, -0.360852, 0.4, 0.828501, 0.261233, 0.495322, 0.0, 0.0, 0.0, 0.0, 1.0],
                [0.860384, -0.059573, -0.506153, 0.0, -0.078228, 0.965938, -0.246664, 0.4, 0.503608, 0.251821, 0.826417, -0.0, 0.0, 0.0, 0.0, 1.0],
                [0.618376, -0.138697, 0.773546, -0.0, 0.167559, 0.984939, 0.042653, 0.4, -0.767812, 0.103239, 0.632303, 0.0, 0.0, 0.0, 0.0, 1.0]
            ]
        },
        {
            "name": "Shoulder_R",
            "time": [0.0, 0.05, 0.0833, 0.1, 0.1333, 0.2, 0.3333, 0.4, 0.6667],
            "transform": [
                [-0.077752, 0.903284, 0.421938, -0.0, 0.020818, -0.421656, 0.906517, 0.4, 0.996755, 0.079268, 0.01398, -0.0, 0.0, 0.0, 0.0, 1.0],
                [-0.077752, 0.903284, 0.421938, 0.0, 0.020818, -0.421656, 0.906517, 0.4, 0.996755, 0.079268, 0.01398, -0.0, 0.0, 0.0, 0.0, 1.0],
                [-0.077752, 0.903284, 0.421938, 0.0, 0.020818, -0.421656, 0.906517, 0.400001, 0.996755, 0.079268, 0.01398, -0.0, 0.0, 0.0, 0.0, 1.0],
                [-0.077822, 0.903279, 0.421937, 0.0, 0.020837, -0.421654, 0.906517, 0.4, 0.996749, 0.079339, 0.013993, -0.0, 0.0, 0.0, 0.0, 1.0],
                [-0.077752, 0.903285, 0.421938, 0.0, 0.020818, -0.421656, 0.906517, 0.400001, 0.996755, 0.079268, 0.01398, -0.0, 0.0, 0.0, 0.0, 1.0],
                [-0.077753, 0.903284, 0.421938, -0.0, 0.020818, -0.421656, 0.906517, 0.4, 0.996755, 0.079268, 0.01398, 0.0, 0.0, 0.0, 0.0, 1.0],
                [-0.077752, 0.903284, 0.421938, -0.0, 0.020818, -0.421656, 0.906517, 0.4, 0.996755, 0.079268, 0.01398, -0.0, 0.0, 0.0, 0.0, 1.0],
                [-0.077752, 0.903284, 0.421938, 0.0, 0.020818, -0.421656, 0.906517, 0.4, 0.996755, 0.079268, 0.01398, -0.0, 0.0, 0.0, 0.0, 1.0],
                [-0.064866, 0.906868, 0.416393, 0.0, 0.017367, -0.416182, 0.909115, 0.4, 0.997743, 0.066202, 0.011246, -0.0, 0.0, 0.0, 0.0, 1.0]
            ]
        },
        {
            "name": "Arm_R",
            "time": [0.0, 0.05, 0.0833, 0.1, 0.1167, 0.1333, 0.2, 0.3333, 0.4, 0.5, 0.6667],
            "transform": [
                [0.156423, -0.178043, -0.97151, 0.0, -0.209262, 0.955314, -0.208768, 0.388213, 0.965267, 0.235956, 0.112175, 0.0, 0.0, 0.0, 0.0, 1.0],
                [0.065191, 0.564996, -0.822514, 0.0, -0.31642, 0.793434, 0.519942, 0.388213, 0.946376, 0.226365, 0.230501, 0.0, 0.0, 0.0, 0.0, 1.0],
                [0.195998, 0.921247, -0.335988, 0.0, -0.180878, 0.370719, 0.910961, 0.388213, 0.963778, -0.117774, 0.239293, 0.0, 0.0, 0.0, 0.0, 1.0],
                [0.110486, 0.558008, -0.822447, -0.006167, -0.209058, 0.822048, 0.529652, 0.381087, 0.971641, 0.11342, 0.207481, -0.003343, 0.0, 0.0, 0.0, 1.0],
                [0.225034, -0.396075, -0.890216, -0.009251, -0.38994, 0.800683, -0.454811, 0.377523, 0.89292, 0.449478, 0.025735, -0.005015, 0.0, 0.0, 0.0, 1.0],
                [0.288535, -0.83965, -0.460146, -0.012334, -0.524081, 0.263702, -0.809815, 0.37396, 0.801303, 0.474814, -0.363957, -0.006687, 0.0, 0.0, 0.0, 1.0],
                [0.308487, -0.431629, -0.847663, -0.001856, -0.705973, 0.493353, -0.508138, 0.391486, 0.637524, 0.755181, -0.152525, 0.004942, 0.0, 0.0, 0.0, 1.0],
                [0.51076, -0.283767, -0.811542, -0.000928, -0.635202, 0.511551, -0.578648, 0.389849, 0.579346, 0.811043, 0.08103, 0.002471, 0.0, 0.0, 0.0, 1.0],
                [0.502168, -0.659262, -0.559644, 0.0, -0.404163, 0.39321, -0.825856, 0.388213, 0.764513, 0.640906, -0.068992, -0.0, 0.0, 0.0, 0.0, 1.0],
                [0.36664, -0.726065, -0.581726, 0.0, -0.058472, 0.606048, -0.793276, 0.388213, 0.928524, 0.324861, 0.179747, 0.0, 0.0, 0.0, 0.0, 1.0],
                [-0.34041, -0.393027, -0.854196, -3e-06, 0.104931, 0.886898, -0.44989, 0.388258, 0.934404, -0.242779, -0.260668, -0.00014, 0.0, 0.0, 0.0, 1.0]
            ]
        },
        {
            "name": "Hand_R",
            "time": [0.0, 0.05, 0.0833, 0.1, 0.1167, 0.1333, 0.2, 0.3333, 0.4, 0.6667],
            "transform": [
                [0.955885, -0.001027, -0.293741, -0.0, -0.263884, 0.436278, -0.860248, 0.329779, 0.129036, 0.899812, 0.41676, -0.0, 0.0, 0.0, 0.0, 1.0],
                [0.999999, -0.001144, 0.001275, -0.0, 0.001566, 0.308624, -0.951183, 0.329779, 0.000694, 0.951184, 0.308625, 0.0, 0.0, 0.0, 0.0, 1.0],
                [0.999863, 0.006413, -0.015299, 0.0, -0.014806, -0.070917, -0.997372, 0.329779, -0.007481, 0.997461, -0.070813, 0.0, 0.0, 0.0, 0.0, 1.0],
                [0.994975, 0.086519, -0.050392, 0.0, -0.028691, -0.235817, -0.971374, 0.329779, -0.095925, 0.967938, -0.232149, 0.0, 0.0, 0.0, 0.0, 1.0],
                [0.999763, 0.020778, -0.006533, -0.0, -0.019831, 0.744253, -0.667603, 0.329779, -0.00901, 0.667574, 0.744488, -0.0, 0.0, 0.0, 0.0, 1.0],
                [1.0, -0.000266, -4.3e-05, 0.0, 0.000268, 0.998672, 0.051523, 0.329779, 2.9e-05, -0.051523, 0.998672, -0.0, 0.0, 0.0, 0.0, 1.0],
                [1.0, -0.000269, -1e-05, -0.0, 0.000268, 0.997507, -0.070569, 0.329779, 2.9e-05, 0.070569, 0.997507, -0.0, 0.0, 0.0, 0.0, 1.0],
                [1.0, -0.000269, 1.8e-05, 0.0, 0.000268, 0.984762, -0.173909, 0.329779, 2.9e-05, 0.173909, 0.984762, -0.0, 0.0, 0.0, 0.0, 1.0],
                [1.0, -0.000265, 4.6e-05, 0.0, 0.000268, 0.961234, -0.275735, 0.329779, 2.9e-05, 0.275735, 0.961234, 0.0, 0.0, 0.0, 0.0, 1.0],
                [0.996109, 0.002824, -0.088086, -0.0, -0.073261, 0.582106, -0.809806, 0.329779, 0.048988, 0.813108, 0.580047, -0.0, 0.0, 0.0, 0.0, 1.0]
            ]
        },
        {
            "name": "Tool_R",
            "time": [0.0, 0.05, 0.0833, 0.1, 0.1167, 0.1333, 0.2, 0.3333, 0.4, 0.5, 0.6667],
            "transform": [
                [1.0, 0.0, 0.0, -0.02, 0.0, -1.0, -0.0, 0.291425, 0.0, -0.0, -1.0, -0.0, 0.0, 0.0, 0.0, 1.0],
                [1.0, 0.0, 0.0, -0.02, 0.0, -1.0, -0.0, 0.291425, 0.0, 0.0, -1.0, 0.0, 0.0, 0.0, 0.0, 1.0],
                [1.0, 0.0, 0.0, -0.02, 0.0, -1.0, 0.0, 0.269493, 0.0, 0.0, -1.0, -0.097565, 0.0, 0.0, 0.0, 1.0],
                [1.0, -0.0, 0.0, -0.02, 0.0, -0.573576, -0.819152, 0.247683, 0.0, 0.819152, -0.573576, 0.007744, 0.0, 0.0, 0.0, 1.0],
                [1.0, -0.0, 0.0, -0.02, 0.0, -0.34202, -0.939693, 0.401442, 0.0, 0.939693, -0.34202, 0.088457, 0.0, 0.0, 0.0, 1.0],
                [1.0, -0.0, 0.0, -0.02, 0.0, -0.173648, -0.984808, 0.611159, 0.0, 0.984808, -0.173648, 0.0601, 0.0, 0.0, 0.0, 1.0],
                [1.0, -0.0, 0.0, -0.02, 0.0, -0.173648, -0.984808, 0.715361, 0.0, 0.984808, -0.173648, 0.073247, 0.0, 0.0, 0.0, 1.0],
                [1.0, -0.0, 0.0, -0.02, 0.0, -0.173648, -0.984808, 0.871664, 0.0, 0.984808, -0.173648, 0.092968, 0.0, 0.0, 0.0, 1.0],
                [1.0, -0.0, 0.0, -0.02, 0.0, -0.087156, -0.996195, 0.850997, 0.0, 0.996195, -0.087156, 0.079134, 0.0, 0.0, 0.0, 1.0],
                [1.0, -0.0, 0.0, -0.02, 0.0, -0.573576, -0.819152, 0.715818, 0.0, 0.819152, -0.573576, 0.264369, 0.0, 0.0, 0.0, 1.0],
                [1.0, 0.0, 0.0, -0.02, 0.0, -0.884968, -0.465651, 0.291425, 0.0, 0.465651, -0.884969, 0.0, 0.0, 0.0, 0.0, 1.0]
            ]
        },
        {
            "name": "Elbow_R",
            "time": [0.0, 0.05, 0.0833, 0.1333, 0.2, 0.3333, 0.4, 0.6667],
            "transform": [
                [-1.0, 0.0, -0.0, -0.0, 0.0, 0.538389, -0.842696, 0.329779, 0.0, -0.842696, -0.538389, -0.0, 0.0, 0.0, 0.0, 1.0],
                [-1.0, 0.0, -1e-06, -0.0, 1e-06, 0.587952, -0.808896, 0.329779, 0.0, -0.808896, -0.587952, 0.0, 0.0, 0.0, 0.0, 1.0],
                [-1.0, 0.0, -1e-06, 0.0, 1e-06, 0.731716, -0.68161, 0.329779, -0.0, -0.68161, -0.731716, 0.0, 0.0, 0.0, 0.0, 1.0],
                [-1.0, -0.0, -1e-06, 0.0, 1e-06, -0.02577, -0.999668, 0.329779, 0.0, -0.999668, 0.02577, -0.0, 0.0, 0.0, 0.0, 1.0],
                [-1.0, -0.0, -1e-06, -0.0, 1e-06, 0.035306, -0.999376, 0.329779, 0.0, -0.999376, -0.035306, -0.0, 0.0, 0.0, 0.0, 1.0],
                [-1.0, -0.0, -1e-06, 0.0, 0.0, 0.087287, -0.996183, 0.329779, 0.0, -0.996183, -0.087287, -0.0, 0.0, 0.0, 0.0, 1.0],
                [-1.0, -0.0, -1e-06, 0.0, 0.0, 0.139223, -0.990261, 0.329779, 0.0, -0.990261, -0.139223, 0.0, 0.0, 0.0, 0.0, 1.0],
                [-1.0, -0.0, -2e-06, -0.0, 1e-06, 0.457851, -0.889029, 0.329779, 1e-06, -0.889029, -0.457851, -0.0, 0.0, 0.0, 0.0, 1.0]
            ]
        },
        {
            "name": "Shoulder_L",
            "time": [0.0, 0.05, 0.0833, 0.1333, 0.2, 0.3333, 0.4, 0.6667],
            "transform": [
                [-0.246635, -0.927919, -0.27953, 0.0, -0.066046, -0.271676, 0.96012, 0.4, -0.966855, 0.255261, 0.005719, -0.0, 0.0, 0.0, 0.0, 1.0],
                [-0.25001, -0.925052, -0.28596, 0.0, -0.06695, -0.278116, 0.958211, 0.4, -0.965926, 0.258707, 0.0076, 0.0, 0.0, 0.0, 0.0, 1.0],
                [0.053435, -0.962463, -0.266099, 0.0, 0.014309, -0.265714, 0.963946, 0.4, -0.998469, -0.055316, -0.000427, -0.0, 0.0, 0.0, 0.0, 1.0],
                [0.289071, -0.936859, -0.196808, -0.0, 0.077409, -0.182036, 0.98024, 0.4, -0.954173, -0.298594, 0.0199, -0.0, 0.0, 0.0, 0.0, 1.0],
                [0.11862, -0.974039, -0.192813, 0.0, 0.031765, -0.190363, 0.9812, 0.400001, -0.992432, -0.122515, 0.008359, -0.0, 0.0, 0.0, 0.0, 1.0],
                [0.109062, -0.975317, -0.191997, -0.0, 0.029205, -0.189921, 0.981365, 0.4, -0.993606, -0.112637, 0.007771, -0.0, 0.0, 0.0, 0.0, 1.0],
                [0.099499, -0.976481, -0.191269, 0.0, 0.026644, -0.18954, 0.981511, 0.4, -0.994681, -0.102756, 0.007159, -0.0, 0.0, 0.0, 0.0, 1.0],
                [-0.096151, -0.947016, -0.306457, 0.0, -0.025748, -0.305414, 0.951871, 0.4, -0.995034, 0.099415, 0.004982, -0.0, 0.0, 0.0, 0.0, 1.0]
            ]
        },
        {
            "name": "Arm_L",
            "time": [0.0, 0.05, 0.0833, 0.1333, 0.2, 0.3333, 0.4, 0.6667],
            "transform": [
                [0.139612, 0.135478, 0.980895, -0.0, -0.615226, 0.788064, -0.021279, 0.388212, -0.77589, -0.600501, 0.193373, 1e-06, 0.0, 0.0, 0.0, 1.0],
                [0.069799, 0.138719, 0.987869, -0.0, -0.578562, 0.812348, -0.073193, 0.388212, -0.812647, -0.566435, 0.136959, 1e-06, 0.0, 0.0, 0.0, 1.0],
                [-0.071922, 0.447683, 0.891295, 0.0, -0.590872, 0.700803, -0.399681, 0.388212, -0.803553, -0.555388, 0.214121, 0.0, 0.0, 0.0, 0.0, 1.0],
                [-0.16401, -0.085793, 0.982721, 0.0, -0.649249, 0.759412, -0.042058, 0.388212, -0.742682, -0.644928, -0.180252, 0.0, 0.0, 0.0, 0.0, 1.0],
                [-0.213222, 0.319156, 0.923405, 0.0, -0.592062, 0.709617, -0.381976, 0.388212, -0.777174, -0.628158, 0.037655, -0.0, 0.0, 0.0, 0.0, 1.0],
                [-0.27724, 0.48955, 0.826728, -0.0, -0.495116, 0.664618, -0.559592, 0.388212, -0.823407, -0.564467, 0.058125, -0.0, 0.0, 0.0, 0.0, 1.0],
                [-0.327528, 0.207572, 0.921759, -0.0, -0.387758, 0.8601, -0.331469, 0.388212, -0.861608, -0.465985, -0.20122, 0.0, 0.0, 0.0, 0.0, 1.0],
                [-0.151718, 0.096587, 0.983694, 3e-06, -0.606176, 0.776997, -0.169784, 0.388257, -0.780725, -0.622051, -0.059336, -0.00014, 0.0, 0.0, 0.0, 1.0]
            ]
        },
        {
            "name": "Hand_L",
            "time": [0.0, 0.05, 0.0833, 0.1333, 0.2, 0.3333, 0.4, 0.6667],
            "transform": [
                [0.79641, -0.083213, -0.599006, -0.0, -0.501724, 0.462091, -0.731263, 0.329779, 0.337646, 0.88292, 0.326264, -0.0, 0.0, 0.0, 0.0, 1.0],
                [0.700077, -0.206725, -0.68349, -0.0, -0.525215, 0.499413, -0.689011, 0.329779, 0.483779, 0.841339, 0.241052, -0.0, 0.0, 0.0, 0.0, 1.0],
                [0.813566, 0.026236, -0.580882, 0.0, -0.497356, 0.548944, -0.671788, 0.329779, 0.301246, 0.835448, 0.459651, -0.0, 0.0, 0.0, 0.0, 1.0],
                [0.786639, -0.185971, -0.58874, 0.0, -0.611238, -0.100043, -0.785098, 0.329779, 0.087106, 0.977449, -0.19237, -0.0, 0.0, 0.0, 0.0, 1.0],
                [0.792422, 0.077133, -0.605078, -0.0, -0.60096, 0.26863, -0.752785, 0.329779, 0.104477, 0.96015, 0.259222, -0.0, 0.0, 0.0, 0.0, 1.0],
                [0.645227, -0.103522, -0.756945, 0.0, -0.719508, 0.250802, -0.647617, 0.329779, 0.256886, 0.962487, 0.087339, 0.0, 0.0, 0.0, 0.0, 1.0],
                [0.579541, -0.30744, -0.754727, 0.0, -0.759214, 0.132906, -0.637126, 0.329779, 0.296186, 0.942241, -0.156388, -0.0, 0.0, 0.0, 0.0, 1.0],
                [0.855561, -0.164523, -0.490863, 0.0, -0.464474, 0.174819, -0.86816, 0.329779, 0.228644, 0.970758, 0.073151, 0.0, 0.0, 0.0, 0.0, 1.0]
            ]
        },
        {
            "name": "Tool_L",
            "time": [0.0, 0.05, 0.0833, 0.1333, 0.2, 0.3333, 0.4, 0.6667],
            "transform": [
                [1.0, -0.0, 0.0, 0.02, -0.0, -1.0, 0.0, 0.291426, 0.0, 0.0, -1.0, -0.0, 0.0, 0.0, 0.0, 1.0],
                [1.0, -0.0, 0.0, 0.02, -0.0, -1.0, -0.0, 0.291426, 0.0, 0.0, -1.0, -0.0, 0.0, 0.0, 0.0, 1.0],
                [1.0, -0.0, 0.0, 0.02, -0.0, -1.0, -0.0, 0.291426, 0.0, 0.0, -1.0, 0.0, 0.0, 0.0, 0.0, 1.0],
                [1.0, -0.0, 0.0, 0.02, -0.0, -1.0, 0.0, 0.291426, 0.0, 0.0, -1.0, -0.0, 0.0, 0.0, 0.0, 1.0],
                [1.0, -0.0, 0.0, 0.02, -0.0, -1.0, -0.0, 0.291426, 0.0, 0.0, -1.0, -0.0, 0.0, 0.0, 0.0, 1.0],
                [1.0, -0.0, 0.0, 0.02, -0.0, -1.0, 0.0, 0.291426, 0.0, -0.0, -1.0, -0.0, 0.0, 0.0, 0.0, 1.0],
                [1.0, -0.0, 0.0, 0.02, -0.0, -1.0, 0.0, 0.291426, 0.0, -0.0, -1.0, -0.0, 0.0, 0.0, 0.0, 1.0],
                [1.0, -0.0, 0.0, 0.02, -0.0, -1.0, -0.0, 0.291426, 0.0, 0.0, -1.0, -0.0, 0.0, 0.0, 0.0, 1.0]
            ]
        },
        {
            "name": "Elbow_L",
            "time": [0.0, 0.05, 0.0833, 0.1333, 0.2, 0.3333, 0.4, 0.6667],
            "transform": [
                [-1.0, 0.0, -0.0, -0.0, 0.0, 0.571568, -0.820555, 0.329779, -0.0, -0.820555, -0.571568, -0.0, 0.0, 0.0, 0.0, 1.0],
                [-1.0, 0.0, -0.0, -0.0, 0.0, 0.601902, -0.79857, 0.329779, 0.0, -0.79857, -0.601902, -0.0, 0.0, 0.0, 0.0, 1.0],
                [-1.0, 0.0, -0.0, 0.0, 0.0, 0.508899, -0.860826, 0.329779, -0.0, -0.860826, -0.508899, -0.0, 0.0, 0.0, 0.0, 1.0],
                [-1.0, 1e-06, 0.0, 0.0, 0.0, 0.772368, -0.635176, 0.329779, -1e-06, -0.635175, -0.772368, -0.0, 0.0, 0.0, 0.0, 1.0],
                [-1.0, -0.0, -1e-06, -0.0, 0.0, 0.60801, -0.79393, 0.329779, 0.0, -0.793929, -0.60801, -0.0, 0.0, 0.0, 0.0, 1.0],
                [-1.0, 0.0, -0.0, 0.0, 0.0, 0.674399, -0.738367, 0.329779, -0.0, -0.738368, -0.674399, 0.0, 0.0, 0.0, 0.0, 1.0],
                [-1.0, 1e-06, 0.0, 0.0, 0.0, 0.762803, -0.646631, 0.329779, -0.0, -0.646631, -0.762802, -0.0, 0.0, 0.0, 0.0, 1.0],
                [-1.0, 0.0, -0.0, 0.0, 0.0, 0.680021, -0.733193, 0.329779, 0.0, -0.733192, -0.680021, 0.0, 0.0, 0.0, 0.0, 1.0]
            ]
        }
    ]
}