{

    "animation": [
        {
            "name": "Root",
            "time": [0.0, 0.1, 0.15, 0.2, 0.25, 0.5, 0.6],
            "transform": [
                [0.238122, -0.195846, -0.951285, -5e-06, -0.929509, 0.238054, -0.281681, 0.000946, 0.281623, 0.951302, -0.125355, 0.773972, 0.0, 0.0, 0.0, 1.0],
                [-0.102381, -0.24808, -0.963314, -5e-06, -0.902487, 0.430458, -0.014938, 0.000946, 0.418373, 0.867849, -0.26796, 0.673972, 0.0, 0.0, 0.0, 1.0],
                [0.885108, -0.124036, -0.448553, -5e-06, -0.429169, 0.155235, -0.889785, 0.000946, 0.179996, 0.98006, 0.084167, 0.573972, 0.0, 0.0, 0.0, 1.0],
                [0.985343, -0.024325, 0.168839, -5e-06, 0.170507, 0.169916, -0.970596, 0.200946, -0.005079, 0.985158, 0.171573, 0.773972, 0.0, 0.0, 0.0, 1.0],
                [0.786454, -0.215053, 0.579002, -5e-06, 0.613125, 0.385076, -0.689778, 0.400946, -0.074621, 0.897479, 0.434699, 0.973972, 0.0, 0.0, 0.0, 1.0],
                [0.503289, 0.038337, 0.863267, -5e-06, 0.837724, 0.223381, -0.498317, 0.600946, -0.211941, 0.973977, 0.080309, 1.073972, 0.0, 0.0, 0.0, 1.0],
                [0.768192, 0.038337, 0.639071, -5e-06, 0.637212, 0.050858, -0.769008, 0.600946, -0.061983, 0.99797, 0.01464, 0.873972, 0.0, 0.0, 0.0, 1.0]
            ]
        },
        {
            "name": "Thigh_R",
            "time": [0.0, 0.1, 0.15, 0.2, 0.25, 0.5, 0.6],
            "transform": [
                [0.961085, 0.257871, -0.099034, 0.124994, 0.233442, -0.566549, 0.790268, -0.00283, 0.147679, -0.782641, -0.604701, -1.2e-05, 0.0, 0.0, 0.0, 1.0],
                [0.96568, 0.22149, -0.135621, 0.124994, 0.23848, -0.549441, 0.800774, -0.002831, 0.102848, -0.805638, -0.583409, -1.2e-05, 0.0, 0.0, 0.0, 1.0],
                [0.993188, 0.104546, 0.051406, 0.124994, 0.074065, -0.907222, 0.414075, -0.00283, 0.089926, -0.407448, -0.908789, -1.2e-05, 0.0, 0.0, 0.0, 1.0],
                [0.99296, 0.012927, 0.117735, 0.124994, -0.005444, -0.987991, 0.1544, -0.00283, 0.118317, -0.153954, -0.980968, -1.2e-05, 0.0, 0.0, 0.0, 1.0],
                [0.985115, -0.086786, 0.148385, 0.124994, -0.070925, -0.991503, -0.109036, -0.002831, 0.156587, 0.096888, -0.982901, -1.2e-05, 0.0, 0.0, 0.0, 1.0],
                [0.951567, -0.295032, 0.086466, 0.124994, -0.300259, -0.952262, 0.055128, -0.002831, 0.066074, -0.07842, -0.994728, -1.2e-05, 0.0, 0.0, 0.0, 1.0],
                [0.996809, 0.040504, 0.068778, 0.124994, 0.023268, -0.97171, 0.235018, -0.00283, 0.076351, -0.232667, -0.969554, -1.2e-05, 0.0, 0.0, 0.0, 1.0]
            ]
        },
        {
            "name": "Leg_R",
            "time": [0.0, 0.1, 0.15, 0.2, 0.25, 0.5, 0.6],
            "transform": [
                [0.999818, 8e-06, -0.019081, 0.0, 0.019072, 0.0309, 0.999344, 0.37472, 0.000597, -0.99952, 0.030894, -0.0, 0.0, 0.0, 0.0, 1.0],
                [0.999815, 0.00269, -0.019059, 0.0, 0.01902, 0.013992, 0.999719, 0.37472, 0.002956, -0.999901, 0.013938, -0.0, 0.0, 0.0, 0.0, 1.0],
                [0.999402, -0.026266, -0.022482, 0.0, 0.032478, 0.490291, 0.870953, 0.37472, -0.011854, -0.871165, 0.490849, 0.0, 0.0, 0.0, 0.0, 1.0],
                [0.998998, -0.04069, -0.018663, -0.0, 0.041665, 0.692694, 0.720027, 0.37472, -0.01637, -0.720084, 0.693694, 0.0, 0.0, 0.0, 0.0, 1.0],
                [0.99851, -0.053315, -0.011624, -0.0, 0.051369, 0.846536, 0.529847, 0.37472, -0.018408, -0.529654, 0.848014, -0.0, 0.0, 0.0, 0.0, 1.0],
                [0.998358, -0.040612, -0.040391, 0.0, 0.052639, 0.372529, 0.926528, 0.37472, -0.022582, -0.92713, 0.374056, 0.0, 0.0, 0.0, 0.0, 1.0],
                [0.999797, 0.016492, -0.011555, -0.0, 0.008972, 0.148895, 0.988812, 0.37472, 0.018029, -0.988716, 0.148717, 0.0, 0.0, 0.0, 0.0, 1.0]
            ]
        },
        {
            "name": "Knee_R",
            "time": [0.0, 0.1, 0.15, 0.2, 0.25, 0.5, 0.6],
            "transform": [
                [0.999947, -0.003858, -0.009547, 0.0, -0.004169, 0.696091, -0.717939, 0.37472, 0.009415, 0.717943, 0.696041, -0.0, 0.0, 0.0, 0.0, 1.0],
                [0.999946, -0.002559, -0.010086, 0.0, -0.005385, 0.702147, -0.712013, 0.37472, 0.008904, 0.712028, 0.702094, -0.0, 0.0, 0.0, 0.0, 1.0],
                [0.999839, -0.016176, -0.00769, 0.0, 0.001523, 0.504575, -0.863367, 0.37472, 0.017847, 0.863216, 0.504518, 0.0, 0.0, 0.0, 0.0, 1.0],
                [0.999739, -0.02225, -0.00519, -0.0, 0.003933, 0.391356, -0.920231, 0.37472, 0.022507, 0.91997, 0.391341, 0.0, 0.0, 0.0, 0.0, 1.0],
                [0.99962, -0.027483, -0.002069, -0.0, 0.005588, 0.27564, -0.961245, 0.37472, 0.026989, 0.960868, 0.275689, -0.0, 0.0, 0.0, 0.0, 1.0],
                [0.999551, -0.026494, -0.01399, 0.0, 0.00323, 0.559498, -0.828826, 0.37472, 0.029787, 0.828408, 0.559332, 0.0, 0.0, 0.0, 0.0, 1.0],
                [0.999942, 0.006106, -0.008843, -0.0, -0.010686, 0.652327, -0.757863, 0.37472, 0.001141, 0.757913, 0.652354, 0.0, 0.0, 0.0, 0.0, 1.0]
            ]
        },
        {
            "name": "Thigh_L",
            "time": [0.0, 0.1, 0.15, 0.2, 0.25, 0.5, 0.6],
            "transform": [
                [0.99869, 0.017797, -0.047977, -0.125006, 0.034967, -0.92188, 0.385894, -0.002831, -0.037361, -0.387066, -0.921294, -1.2e-05, 0.0, 0.0, 0.0, 1.0],
                [0.992988, 0.062752, -0.100073, -0.125006, 0.109441, -0.807602, 0.57947, -0.002831, -0.044464, -0.586359, -0.808821, -1.2e-05, 0.0, 0.0, 0.0, 1.0],
                [0.999046, -0.00379, -0.043491, -0.125006, 0.025682, -0.754584, 0.6557, -0.00283, -0.035302, -0.656192, -0.753767, -1.2e-05, 0.0, 0.0, 0.0, 1.0],
                [0.999582, -0.009924, -0.027143, -0.125006, 0.013808, -0.661048, 0.750216, -0.002831, -0.025388, -0.750278, -0.660635, -1.2e-05, 0.0, 0.0, 0.0, 1.0],
                [0.99981, -0.015537, -0.011712, -0.125006, 0.001078, -0.556789, 0.830653, -0.002831, -0.019427, -0.830508, -0.556667, -1.2e-05, 0.0, 0.0, 0.0, 1.0],
                [0.996379, -0.082806, 0.019304, -0.125006, -0.060148, -0.525966, 0.848375, -0.00283, -0.060097, -0.846464, -0.529042, -1.2e-05, 0.0, 0.0, 0.0, 1.0],
                [0.999877, -0.015612, 0.001203, -0.125006, -0.013163, -0.796427, 0.604591, -0.00283, -0.008481, -0.604532, -0.796535, -1.2e-05, 0.0, 0.0, 0.0, 1.0]
            ]
        },
        {
            "name": "Leg_L",
            "time": [0.0, 0.1, 0.15, 0.2, 0.25, 0.5, 0.6],
            "transform": [
                [0.999185, -0.040289, 0.002242, -0.0, 0.008479, 0.263961, 0.964496, 0.37472, -0.039451, -0.963692, 0.264087, -0.0, 0.0, 0.0, 0.0, 1.0],
                [0.99996, 0.005693, -0.006757, 0.0, 0.00761, -0.166381, 0.986032, 0.37472, 0.004489, -0.986045, -0.166418, 0.0, 0.0, 0.0, 0.0, 1.0],
                [0.999947, -0.010303, 0.000294, -0.0, 0.000907, 0.116358, 0.993208, 0.37472, -0.010267, -0.993153, 0.116361, -0.0, 0.0, 0.0, 0.0, 1.0],
                [0.999996, 0.002295, 0.001754, 0.0, -0.001961, 0.093561, 0.995613, 0.37472, 0.002121, -0.995611, 0.093565, -0.0, 0.0, 0.0, 0.0, 1.0],
                [0.999884, 0.014852, 0.003501, -0.0, -0.004543, 0.070689, 0.997489, 0.37472, 0.014567, -0.997388, 0.070749, -0.0, 0.0, 0.0, 0.0, 1.0],
                [0.999608, -0.026322, -0.009534, -0.0, 0.007669, -0.070088, 0.997511, 0.37472, -0.026924, -0.997194, -0.069858, -0.0, 0.0, 0.0, 0.0, 1.0],
                [0.99999, 0.004046, -0.001481, 0.0, -0.001092, 0.570351, 0.8214, 0.37472, 0.004168, -0.821391, 0.570351, 0.0, 0.0, 0.0, 0.0, 1.0]
            ]
        },
        {
            "name": "Knee_L",
            "time": [0.0, 0.1, 0.15, 0.2, 0.25, 0.5, 0.6],
            "transform": [
                [0.999773, -0.019768, 0.007929, -0.0, 0.018294, 0.606341, -0.794994, 0.37472, 0.010908, 0.794959, 0.606566, -0.0, 0.0, 0.0, 0.0, 1.0],
                [0.999989, 0.00128, -0.004702, 0.0, -0.004013, 0.763677, -0.645595, 0.37472, 0.002761, 0.645601, 0.763664, 0.0, 0.0, 0.0, 0.0, 1.0],
                [0.999985, -0.005094, 0.002105, -0.0, 0.004959, 0.664679, -0.747113, 0.37472, 0.002406, 0.747112, 0.664694, -0.0, 0.0, 0.0, 0.0, 1.0],
                [0.999999, 0.001488, 0.000431, 0.0, -0.000683, 0.673215, -0.739446, 0.37472, -0.001391, 0.739445, 0.673215, -0.0, 0.0, 0.0, 0.0, 1.0],
                [0.999967, 0.008117, -0.001174, -0.0, -0.006392, 0.68161, -0.731687, 0.37472, -0.005139, 0.73167, 0.68164, -0.0, 0.0, 0.0, 0.0, 1.0],
                [0.999883, -0.015234, 0.000955, -0.0, 0.011794, 0.731315, -0.681938, 0.37472, 0.00969, 0.68187, 0.731409, -0.0, 0.0, 0.0, 0.0, 1.0],
                [0.999998, 0.001842, -0.001239, 0.0, -0.001952, 0.463489, -0.8861, 0.37472, -0.001058, 0.886101, 0.463491, 0.0, 0.0, 0.0, 0.0, 1.0]
            ]
        },
        {
            "name": "Torso",
            "time": [0.0, 0.1, 0.15, 0.2, 0.25, 0.5, 0.6],
            "transform": [
                [0.998333, -0.057683, 0.001953, 0.0, 0.05771, 0.997169, -0.048202, 0.05, 0.000833, 0.048234, 0.998836, -0.0, 0.0, 0.0, 0.0, 1.0],
                [0.997646, -0.058191, 0.036289, -0.0, 0.059383, 0.9977, -0.032695, 0.05, -0.034303, 0.034773, 0.998806, 0.0, 0.0, 0.0, 0.0, 1.0],
                [0.996204, -0.007431, 0.086731, 7.1e-05, 0.006994, 0.999961, 0.005343, 0.050001, -0.086767, -0.004716, 0.996217, 0.000114, 0.0, 0.0, 0.0, 1.0],
                [0.997182, 0.007833, 0.074608, 0.000106, -0.023002, 0.978554, 0.204702, 0.050002, -0.071405, -0.205841, 0.975977, 0.000171, 0.0, 0.0, 0.0, 1.0],
                [0.994744, 0.07463, 0.070104, 0.000142, -0.07764, 0.996128, 0.041241, 0.050002, -0.066754, -0.046467, 0.996687, 0.000228, 0.0, 0.0, 0.0, 1.0],
                [0.990616, 0.088601, 0.104069, 0.000142, -0.072425, 0.986021, -0.150057, 0.050002, -0.115909, 0.141112, 0.983185, 0.000228, 0.0, 0.0, 0.0, 1.0],
                [0.995556, 0.062533, 0.070411, 0.000142, -0.064608, 0.99753, 0.027583, 0.050002, -0.068512, -0.03201, 0.997137, 0.000228, 0.0, 0.0, 0.0, 1.0]
            ]
        },
        {
            "name": "Chest",
            "time": [0.0, 0.1, 0.15, 0.2, 0.25, 0.5, 0.6],
            "transform": [
                [0.939537, 0.125198, -0.31874, -0.0, -0.016098, 0.945891, 0.324084, 0.3, 0.342068, -0.299357, 0.890716, -0.0, 0.0, 0.0, 0.0, 1.0],
                [0.919601, 0.392168, -0.023198, 0.0, -0.123379, 0.344367, 0.930693, 0.3, 0.372977, -0.853004, 0.365066, 0.0, 0.0, 0.0, 0.0, 1.0],
                [0.695346, 0.574903, -0.431255, 0.0, 0.052067, 0.558194, 0.828076, 0.3, 0.716786, -0.598253, 0.358205, -0.0, 0.0, 0.0, 0.0, 1.0],
                [0.998049, -0.057532, -0.024262, 0.0, 0.053917, 0.990071, -0.129814, 0.3, 0.03149, 0.128253, 0.991242, 0.0, 0.0, 0.0, 0.0, 1.0],
                [0.721878, -0.024633, 0.691581, -0.0, 0.030237, 0.999534, 0.00404, 0.3, -0.691359, 0.017995, 0.722288, 0.0, 0.0, 0.0, 0.0, 1.0],
                [0.753911, -0.483133, 0.445197, -0.0, 0.223367, 0.825775, 0.517883, 0.3, -0.617839, -0.290995, 0.730477, -0.0, 0.0, 0.0, 0.0, 1.0],
                [0.753115, -0.143975, 0.641942, 0.0, 0.044308, 0.984644, 0.168855, 0.3, -0.656395, -0.098724, 0.74793, -0.0, 0.0, 0.0, 0.0, 1.0]
            ]
        },
        {
            "name": "Head",
            "time": [0.0, 0.1, 0.15, 0.2, 0.25, 0.5, 0.6],
            "transform": [
                [0.259969, 0.030228, 0.965144, 0.0, -0.049636, 0.998607, -0.017906, 0.4, -0.96434, -0.043251, 0.261107, 0.0, 0.0, 0.0, 0.0, 1.0],
                [-0.020989, -0.102738, 0.994486, -0.0, 0.468693, 0.877619, 0.100556, 0.4, -0.883111, 0.46822, 0.029732, 0.0, 0.0, 0.0, 0.0, 1.0],
                [0.537067, -0.031175, 0.842963, 0.0, 0.617001, 0.695955, -0.367364, 0.4, -0.575211, 0.717408, 0.39301, 0.0, 0.0, 0.0, 0.0, 1.0],
                [0.97252, 0.052657, -0.226789, 0.0, -0.076202, 0.992427, -0.096343, 0.400001, 0.219998, 0.110978, 0.969167, -0.0, 0.0, 0.0, 0.0, 1.0],
                [0.116364, -0.254063, -0.960162, -0.0, -0.18949, 0.943293, -0.272564, 0.400001, 0.974963, 0.213658, 0.061623, -0.0, 0.0, 0.0, 0.0, 1.0],
                [-0.091661, 0.281907, -0.955053, 0.0, -0.300365, 0.906593, 0.29643, 0.400001, 0.94941, 0.314035, 0.001576, 0.0, 0.0, 0.0, 0.0, 1.0],
                [0.206064, 0.06518, -0.976365, 0.0, -0.102761, 0.993704, 0.04465, 0.4, 0.973128, 0.091131, 0.211465, -0.0, 0.0, 0.0, 0.0, 1.0]
            ]
        },
        {
            "name": "Shoulder_R",
            "time": [0.0, 0.1, 0.15, 0.2, 0.25, 0.5, 0.6],
            "transform": [
                [-0.077752, 0.903284, 0.421938, -0.0, 0.020818, -0.421656, 0.906517, 0.4, 0.996755, 0.079268, 0.01398, -0.0, 0.0, 0.0, 0.0, 1.0],
                [-0.077752, 0.903284, 0.421938, -0.0, 0.020818, -0.421656, 0.906517, 0.4, 0.996755, 0.079268, 0.01398, 0.0, 0.0, 0.0, 0.0, 1.0],
                [0.165568, 0.892293, 0.42, -0.0, -0.04434, -0.418712, 0.907036, 0.4, 0.985201, -0.168799, -0.029761, 0.0, 0.0, 0.0, 0.0, 1.0],
                [0.280573, 0.873355, 0.398158, 0.0, -0.075137, -0.393563, 0.916222, 0.400001, 0.956887, -0.286984, -0.044802, 0.0, 0.0, 0.0, 0.0, 1.0],
                [0.393648, 0.860128, 0.324379, -0.0, -0.105417, -0.308303, 0.945429, 0.400001, 0.913196, -0.406361, -0.030691, -0.0, 0.0, 0.0, 0.0, 1.0],
                [0.393648, 0.860128, 0.324379, 0.0, -0.105417, -0.308303, 0.945429, 0.400001, 0.913197, -0.406361, -0.030691, -0.0, 0.0, 0.0, 0.0, 1.0],
                [0.393648, 0.860128, 0.324379, 0.0, -0.105417, -0.308303, 0.94543, 0.4, 0.913197, -0.406361, -0.030691, -0.0, 0.0, 0.0, 0.0, 1.0]
            ]
        },
        {
            "name": "Arm_R",
            "time": [0.0, 0.1, 0.15, 0.2, 0.25, 0.5, 0.6],
            "transform": [
                [0.18399, -0.307786, -0.933496, 0.0, -0.154152, 0.928922, -0.336661, 0.388213, 0.970765, 0.205843, 0.123467, 0.0, 0.0, 0.0, 0.0, 1.0],
                [-0.002589, -0.340812, -0.940128, -0.0, -0.62822, 0.732008, -0.263635, 0.388213, 0.778031, 0.589925, -0.216, 0.0, 0.0, 0.0, 0.0, 1.0],
                [0.551188, -0.066403, -0.831735, -0.0, 0.094088, 0.995417, -0.017119, 0.388213, 0.82906, -0.068821, 0.554909, -0.0, 0.0, 0.0, 0.0, 1.0],
                [0.546986, -0.814116, 0.194993, 0.0, 0.3362, 0.000311, -0.94179, 0.388213, 0.766666, 0.580703, 0.273876, -0.0, 0.0, 0.0, 0.0, 1.0],
                [0.736686, -0.544659, -0.400801, -0.0, -0.544815, -0.126934, -0.828894, 0.388213, 0.400589, 0.828996, -0.390249, -0.0, 0.0, 0.0, 0.0, 1.0],
                [0.736686, -0.544659, -0.400801, -0.0, -0.544815, -0.126934, -0.828893, 0.388213, 0.400589, 0.828996, -0.390248, -0.0, 0.0, 0.0, 0.0, 1.0],
                [0.736686, -0.544659, -0.400801, -0.0, -0.544815, -0.126934, -0.828893, 0.388213, 0.400589, 0.828996, -0.390248, -0.0, 0.0, 0.0, 0.0, 1.0]
            ]
        },
        {
            "name": "Hand_R",
            "time": [0.0, 0.1, 0.15, 0.2, 0.25, 0.5, 0.6],
            "transform": [
                [0.991849, 0.08437, -0.095484, -0.0, -0.127398, 0.643391, -0.754863, 0.329779, -0.002254, 0.760875, 0.648895, 0.0, 0.0, 0.0, 0.0, 1.0],
                [0.838977, -0.542105, 0.047322, 0.0, 0.527498, 0.831556, 0.173956, 0.329779, -0.133653, -0.120983, 0.983616, -0.0, 0.0, 0.0, 0.0, 1.0],
                [0.999999, 0.00076, 0.001029, -0.0, -0.000523, 0.976997, -0.213255, 0.329779, -0.001168, 0.213254, 0.976996, 0.0, 0.0, 0.0, 0.0, 1.0],
                [1.0, 0.000364, 0.000527, -0.0, -0.00028, 0.988615, -0.150471, 0.329779, -0.000575, 0.15047, 0.988614, 0.0, 0.0, 0.0, 0.0, 1.0],
                [1.0, 1e-06, 0.0, -0.0, -0.0, 0.906308, -0.422619, 0.329779, -0.0, 0.422619, 0.906308, 0.0, 0.0, 0.0, 0.0, 1.0],
                [1.0, 1e-06, -0.0, 0.0, -0.0, 0.766044, -0.642788, 0.329779, -0.0, 0.642788, 0.766044, 0.0, 0.0, 0.0, 0.0, 1.0],
                [1.0, 1e-06, 0.0, -0.0, -0.0, 0.866025, -0.5, 0.329779, -0.0, 0.5, 0.866025, -0.0, 0.0, 0.0, 0.0, 1.0]
            ]
        },
        {
            "name": "Tool_R",
            "time": [0.0, 0.1, 0.15, 0.2, 0.25, 0.5, 0.6],
            "transform": [
                [0.999995, 0.002408, -0.002015, -0.02, 0.002218, -0.995996, -0.089369, 0.291425, -0.002222, 0.089364, -0.995997, -0.0, 0.0, 0.0, 0.0, 1.0],
                [-0.999995, 0.002408, 0.002015, -0.02, -0.002218, -0.995996, 0.089369, 0.291426, 0.002222, 0.089364, 0.995997, -0.0, 0.0, 0.0, 0.0, 1.0],
                [-0.999995, 0.002408, 0.002015, -0.02, -0.002218, -0.995996, 0.089369, 0.291426, 0.002222, 0.089364, 0.995997, -0.0, 0.0, 0.0, 0.0, 1.0],
                [-0.999995, 0.002408, 0.002015, -0.02, -0.002218, -0.995996, 0.089369, 0.291425, 0.002222, 0.089364, 0.995997, -0.0, 0.0, 0.0, 0.0, 1.0],
                [-0.999995, 0.002408, 0.002015, -0.02, -0.002218, -0.995996, 0.089369, 0.291426, 0.002222, 0.089364, 0.995997, -0.0, 0.0, 0.0, 0.0, 1.0],
                [-0.999996, 0.002408, 0.002015, -0.02, -0.002218, -0.995996, 0.089369, 0.291425, 0.002222, 0.089364, 0.995997, -0.0, 0.0, 0.0, 0.0, 1.0],
                [-0.999995, 0.002408, 0.002015, -0.02, -0.002218, -0.995996, 0.089369, 0.291425, 0.002222, 0.089364, 0.995997, -0.0, 0.0, 0.0, 0.0, 1.0]
            ]
        },
        {
            "name": "Elbow_R",
            "time": [0.0, 0.1, 0.15, 0.2, 0.25, 0.5, 0.6],
            "transform": [
                [-1.0, 0.0, -0.0, -0.0, 0.0, 0.418989, -0.907991, 0.329779, 0.0, -0.907991, -0.418989, 0.0, 0.0, 0.0, 0.0, 1.0],
                [-1.0, -0.0, -0.0, 0.0, 0.0, -0.061153, -0.998129, 0.329779, 0.0, -0.998129, 0.061154, -0.0, 0.0, 0.0, 0.0, 1.0],
                [-1.0, 0.0, -1e-06, -0.0, 1e-06, 0.107246, -0.994232, 0.329779, -0.0, -0.994233, -0.107246, 0.0, 0.0, 0.0, 0.0, 1.0],
                [-0.999999, -0.0, -0.0, -0.0, 0.0, 0.075451, -0.997149, 0.329779, -0.0, -0.997149, -0.07545, 0.0, 0.0, 0.0, 0.0, 1.0],
                [-0.999999, -0.0, -1e-06, -0.0, 0.0, 0.21644, -0.976296, 0.329779, 0.0, -0.976295, -0.21644, 0.0, 0.0, 0.0, 0.0, 1.0],
                [-1.0, 0.0, -1e-06, 0.0, 1e-06, 0.34202, -0.939692, 0.329779, 0.0, -0.939692, -0.34202, 0.0, 0.0, 0.0, 0.0, 1.0],
                [-1.0, -0.0, -0.0, -0.0, 0.0, 0.258819, -0.965926, 0.329779, 0.0, -0.965926, -0.258819, -0.0, 0.0, 0.0, 0.0, 1.0]
            ]
        },
        {
            "name": "Shoulder_L",
            "time": [0.0, 0.1, 0.15, 0.2, 0.25, 0.5, 0.6],
            "transform": [
                [0.410797, -0.869008, -0.275807, 0.0, 0.110006, -0.253058, 0.961176, 0.4, -0.905066, -0.425189, -0.008359, 0.0, 0.0, 0.0, 0.0, 1.0],
                [0.410798, -0.869008, -0.275807, 0.0, 0.110006, -0.253058, 0.961177, 0.4, -0.905066, -0.42519, -0.008359, 0.0, 0.0, 0.0, 0.0, 1.0],
                [0.073863, -0.903586, -0.42199, 0.0, 0.019779, -0.421736, 0.906503, 0.4, -0.997072, -0.075304, -0.013278, 0.0, 0.0, 0.0, 0.0, 1.0],
                [-0.124105, -0.931132, -0.342916, -0.0, -0.033234, -0.341494, 0.939296, 0.4, -0.991712, 0.127968, 0.011436, -0.0, 0.0, 0.0, 0.0, 1.0],
                [-0.146899, -0.895307, -0.420531, 0.0, -0.039338, -0.419519, 0.906894, 0.4, -0.988369, 0.149765, 0.026407, -0.0, 0.0, 0.0, 0.0, 1.0],
                [-0.179132, -0.897359, -0.40331, 0.0, -0.04797, -0.401486, 0.914608, 0.400001, -0.982655, 0.183182, 0.028873, 0.0, 0.0, 0.0, 0.0, 1.0],
                [-0.179132, -0.897359, -0.40331, 0.0, -0.04797, -0.401486, 0.914608, 0.4, -0.982655, 0.183182, 0.028873, -0.0, 0.0, 0.0, 0.0, 1.0]
            ]
        },
        {
            "name": "Arm_L",
            "time": [0.0, 0.1, 0.15, 0.2, 0.25, 0.5, 0.6],
            "transform": [
                [-0.605684, 0.771474, 0.194871, -0.0, 0.343357, 0.47433, -0.810627, 0.388212, -0.717811, -0.424074, -0.552186, 1e-06, 0.0, 0.0, 0.0, 1.0],
                [0.583438, 0.546628, 0.600665, 0.0, 0.721205, -0.008629, -0.692668, 0.388212, -0.373449, 0.837331, -0.399266, 1e-06, 0.0, 0.0, 0.0, 1.0],
                [0.870349, 0.442707, 0.215645, 0.0, 0.4409, -0.505535, -0.741647, 0.388212, -0.219317, 0.74057, -0.635182, -0.0, 0.0, 0.0, 0.0, 1.0],
                [0.033754, 0.421753, 0.906082, 0.0, 0.040815, 0.90526, -0.422892, 0.388212, -0.998596, 0.051255, 0.013342, 0.0, 0.0, 0.0, 0.0, 1.0],
                [-0.428327, -0.065693, 0.901233, 0.0, 0.084108, 0.990125, 0.112146, 0.388212, -0.899701, 0.123836, -0.418572, -0.0, 0.0, 0.0, 0.0, 1.0],
                [-0.056131, 0.062581, 0.99646, 0.0, 0.436113, 0.899325, -0.031914, 0.388212, -0.898139, 0.432778, -0.077773, -0.0, 0.0, 0.0, 0.0, 1.0],
                [-0.268613, 0.191619, 0.943996, -0.000488, 0.387474, 0.918723, -0.076233, 0.394042, -0.881879, 0.345297, -0.321028, -0.0172, 0.0, 0.0, 0.0, 1.0]
            ]
        },
        {
            "name": "Hand_L",
            "time": [0.0, 0.1, 0.15, 0.2, 0.25, 0.5, 0.6],
            "transform": [
                [0.996624, 0.053435, 0.062329, 0.0, -0.042823, 0.986083, -0.160649, 0.329779, -0.070046, 0.157437, 0.985042, -0.0, 0.0, 0.0, 0.0, 1.0],
                [0.995672, -0.092597, -0.008021, -0.0, 0.03319, 0.43484, -0.899896, 0.329779, 0.086815, 0.895734, 0.436032, 0.0, 0.0, 0.0, 0.0, 1.0],
                [0.990361, -0.12881, -0.050913, -0.0, 0.12172, 0.984805, -0.123865, 0.329779, 0.066094, 0.116474, 0.990992, 0.0, 0.0, 0.0, 0.0, 1.0],
                [0.999314, -0.019981, -0.03119, 0.0, 0.013619, 0.98125, -0.192258, 0.329779, 0.034446, 0.191701, 0.980849, 0.0, 0.0, 0.0, 0.0, 1.0],
                [1.0, 0.0, -0.0, -0.0, -0.0, 0.642788, -0.766044, 0.329779, -0.0, 0.766044, 0.642788, -0.0, 0.0, 0.0, 0.0, 1.0],
                [1.0, 0.0, 0.0, -0.0, -0.0, 0.984808, -0.173648, 0.329779, -0.0, 0.173648, 0.984808, 0.0, 0.0, 0.0, 0.0, 1.0],
                [1.0, 0.0, 0.0, -0.0, -0.0, 0.939693, -0.34202, 0.329779, -0.0, 0.34202, 0.939693, 0.0, 0.0, 0.0, 0.0, 1.0]
            ]
        },
        {
            "name": "Tool_L",
            "time": [0.0, 0.1, 0.15, 0.2, 0.25, 0.5, 0.6],
            "transform": [
                [1.0, -0.0, 0.0, 0.02, -0.0, -1.0, -0.0, 0.291426, 0.0, -0.0, -1.0, -0.0, 0.0, 0.0, 0.0, 1.0],
                [1.0, -0.0, 0.0, 0.02, -0.0, -1.0, 0.0, 0.291426, 0.0, -0.0, -1.0, -0.0, 0.0, 0.0, 0.0, 1.0],
                [1.0, -0.0, 0.0, 0.02, -0.0, -0.906308, -0.422626, 0.291426, 0.0, 0.422618, -0.906325, -0.0, 0.0, 0.0, 0.0, 1.0],
                [1.0, -0.0, 0.0, 0.02, 0.0, -0.766044, -0.6428, 0.291426, 0.0, 0.642788, -0.766059, -0.0, 0.0, 0.0, 0.0, 1.0],
                [1.0, -0.0, 0.0, 0.02, 0.0, -0.906308, -0.422627, 0.291426, 0.0, 0.422618, -0.906325, 0.0, 0.0, 0.0, 0.0, 1.0],
                [1.0, -0.0, 0.0, 0.02, 0.0, -1.0, 0.0, 0.291426, 0.0, 0.0, -1.000019, -0.0, 0.0, 0.0, 0.0, 1.0],
                [1.0, 0.0, 0.0, 0.02, -0.0, -1.0, 0.0, 0.291426, 0.0, 0.0, -1.000019, -0.0, 0.0, 0.0, 0.0, 1.0]
            ]
        },
        {
            "name": "Elbow_L",
            "time": [0.0, 0.1, 0.15, 0.2, 0.25, 0.5, 0.6],
            "transform": [
                [-1.0, 0.0, -0.0, 0.0, 0.0, 0.079161, -0.996862, 0.329779, 0.0, -0.996862, -0.079161, -0.0, 0.0, 0.0, 0.0, 1.0],
                [-1.0, 0.0, 0.0, -0.0, 0.0, 0.530244, -0.847846, 0.329779, 0.0, -0.847846, -0.530243, 0.0, 0.0, 0.0, 0.0, 1.0],
                [-1.0, -0.0, -0.0, -0.0, 0.0, 0.058464, -0.99829, 0.329779, 0.0, -0.998289, -0.058464, 0.0, 0.0, 0.0, 0.0, 1.0],
                [-1.0, -0.0, -0.0, 0.0, 0.0, 0.096355, -0.995347, 0.329779, 0.0, -0.995347, -0.096355, 0.0, 0.0, 0.0, 0.0, 1.0],
                [-1.0, -0.0, -0.0, -0.0, 0.0, 0.422618, -0.906308, 0.329779, 0.0, -0.906308, -0.422618, -0.0, 0.0, 0.0, 0.0, 1.0],
                [-1.0, -0.0, -0.0, -0.0, 0.0, 0.087155, -0.996195, 0.329779, 0.0, -0.996195, -0.087155, 0.0, 0.0, 0.0, 0.0, 1.0],
                [-1.0, -0.0, -0.0, -0.0, 0.0, 0.173648, -0.984808, 0.329779, 0.0, -0.984808, -0.173647, 0.0, 0.0, 0.0, 0.0, 1.0]
            ]
        }
    ]
}