{

    "animation": [
        {
            "name": "Root",
            "time": [0.0, 0.0667, 0.15, 0.2333, 0.4, 0.6, 0.7667],
            "transform": [
                [0.998879, -0.010036, -0.046265, -5e-06, -0.045054, 0.098583, -0.994108, 0.000946, 0.014538, 0.995078, 0.09802, 0.469038, 0.0, 0.0, 0.0, 1.0],
                [0.999912, 0.0, -0.013243, -5e-06, -0.013041, -0.173648, -0.984721, 0.005278, -0.0023, 0.984808, -0.173633, 0.465007, 0.0, 0.0, 0.0, 1.0],
                [0.993247, -0.010985, -0.115495, -0.000999, -0.09189, 0.533237, -0.84096, 1.955637, 0.070824, 0.845894, 0.528627, 0.384296, 0.0, 0.0, 0.0, 1.0],
                [0.976281, -0.0, -0.216509, -0.001994, -0.197095, 0.413874, -0.888742, 3.600946, 0.089607, 0.910334, 0.404057, 0.459191, 0.0, 0.0, 0.0, 1.0],
                [0.976281, -0.0, -0.216509, -0.001994, -0.209661, 0.249508, -0.945404, 3.800946, 0.054021, 0.968373, 0.24359, 0.499191, 0.0, 0.0, 0.0, 1.0],
                [0.976281, -0.0, -0.216509, -0.001994, -0.213571, 0.164159, -0.963036, 4.000947, 0.035542, 0.986434, 0.160266, 0.579191, 0.0, 0.0, 0.0, 1.0],
                [0.814786, -0.018204, -0.579476, -0.011891, -0.57918, 0.019189, -0.814974, 4.000947, 0.025956, 0.99965, 0.005091, 0.687028, 0.0, 0.0, 0.0, 1.0]
            ]
        },
        {
            "name": "Thigh_R",
            "time": [0.0, 0.0667, 0.15, 0.2333, 0.4, 0.6, 0.7667],
            "transform": [
                [0.983634, 0.149757, -0.100184, 0.124994, 0.13815, -0.269905, 0.952923, -0.002831, 0.115668, -0.951168, -0.286176, -1.2e-05, 0.0, 0.0, 0.0, 1.0],
                [0.989632, 0.131659, -0.057405, 0.124994, 0.115467, -0.491587, 0.863138, -0.002831, 0.08542, -0.860817, -0.501692, -1.2e-05, 0.0, 0.0, 0.0, 1.0],
                [0.9574, 0.169805, 0.233566, 0.124994, 0.218713, -0.954533, -0.202559, -0.002831, 0.188551, 0.245013, -0.951008, -1.2e-05, 0.0, 0.0, 0.0, 1.0],
                [0.955933, 0.278551, 0.092736, 0.124994, 0.21624, -0.8817, 0.419338, -0.002831, 0.198572, -0.380806, -0.903082, -1.1e-05, 0.0, 0.0, 0.0, 1.0],
                [0.947031, 0.306366, 0.096286, 0.124994, 0.276987, -0.930969, 0.237852, -0.002831, 0.162508, -0.198583, -0.966518, -1.1e-05, 0.0, 0.0, 0.0, 1.0],
                [0.946121, 0.302134, 0.116491, 0.124994, 0.280822, -0.944692, 0.169389, -0.002831, 0.161226, -0.127549, -0.978641, -1.1e-05, 0.0, 0.0, 0.0, 1.0],
                [0.942507, 0.31954, 0.097844, 0.124994, 0.311274, -0.945963, 0.090904, -0.002831, 0.121604, -0.055222, -0.991041, -1.2e-05, 0.0, 0.0, 0.0, 1.0]
            ]
        },
        {
            "name": "Leg_R",
            "time": [0.0, 0.0667, 0.15, 0.2333, 0.4, 0.6, 0.7667],
            "transform": [
                [0.99915, -0.040908, -0.00481, -0.0, 0.019166, 0.358368, 0.933383, 0.37472, -0.036459, -0.932683, 0.358848, -0.0, 0.0, 0.0, 0.0, 1.0],
                [0.996324, -0.081589, 0.026125, 0.0, 0.017592, 0.493301, 0.869681, 0.37472, -0.083843, -0.866023, 0.492924, 0.0, 0.0, 0.0, 0.0, 1.0],
                [0.997827, 0.006609, -0.065552, -0.0, 0.017416, 0.933105, 0.359179, 0.37472, 0.06354, -0.35954, 0.930964, 0.0, 0.0, 0.0, 0.0, 1.0],
                [0.999264, 0.014829, -0.035407, -0.0, 0.027865, 0.354196, 0.934757, 0.37472, 0.026402, -0.935054, 0.353522, -0.0, 0.0, 0.0, 0.0, 1.0],
                [0.999137, 0.003533, -0.041362, 0.0, 0.034769, 0.473139, 0.880302, 0.37472, 0.02268, -0.88098, 0.472609, -0.0, 0.0, 0.0, 0.0, 1.0],
                [0.997277, -0.046975, -0.056845, 0.0, 0.073708, 0.658616, 0.74886, 0.37472, 0.002261, -0.751008, 0.660288, 0.0, 0.0, 0.0, 0.0, 1.0],
                [0.998142, -0.041184, 0.04492, 0.0, 0.019647, 0.915201, 0.402519, 0.37472, -0.057688, -0.400888, 0.91431, -0.0, 0.0, 0.0, 0.0, 1.0]
            ]
        },
        {
            "name": "Knee_R",
            "time": [0.0, 0.0667, 0.15, 0.2333, 0.4, 0.6, 0.7667],
            "transform": [
                [0.999767, -0.021204, 0.003944, -0.0, 0.015256, 0.566017, -0.824252, 0.37472, 0.015245, 0.824121, 0.566209, -0.0, 0.0, 0.0, 0.0, 1.0],
                [0.999014, -0.037299, 0.024093, 0.0, 0.03958, 0.502028, -0.863945, 0.37472, 0.020129, 0.864047, 0.503009, 0.0, 0.0, 0.0, 0.0, 1.0],
                [0.999452, 0.00028, -0.0331, -0.0, -0.032593, 0.18291, -0.982589, 0.37472, 0.005779, 0.98313, 0.182819, -0.0, 0.0, 0.0, 0.0, 1.0],
                [0.999798, 0.001895, -0.02002, -0.0, -0.01755, 0.568272, -0.822654, 0.37472, 0.009817, 0.822838, 0.56819, 0.0, 0.0, 0.0, 0.0, 1.0],
                [0.999768, -0.003947, -0.021175, 0.0, -0.016147, 0.513266, -0.858079, 0.37472, 0.014255, 0.858221, 0.513083, -0.0, 0.0, 0.0, 0.0, 1.0],
                [0.999288, -0.029637, -0.023373, 0.0, -0.009088, 0.412098, -0.911094, 0.37472, 0.036634, 0.910657, 0.411535, -0.0, 0.0, 0.0, 0.0, 1.0],
                [0.99953, -0.018268, 0.024608, 0.0, 0.027835, 0.205118, -0.978341, 0.37472, 0.012825, 0.978567, 0.20553, -0.0, 0.0, 0.0, 0.0, 1.0]
            ]
        },
        {
            "name": "Thigh_L",
            "time": [0.0, 0.0667, 0.15, 0.2333, 0.4, 0.6, 0.7667],
            "transform": [
                [0.982644, -0.147909, -0.111956, -0.125006, -0.158892, -0.982568, -0.096504, -0.002831, -0.09573, 0.112618, -0.989016, -1.2e-05, 0.0, 0.0, 0.0, 1.0],
                [0.987437, -0.138386, -0.076279, -0.125006, -0.151263, -0.967428, -0.202984, -0.002831, -0.045705, 0.211972, -0.976206, -1.2e-05, 0.0, 0.0, 0.0, 1.0],
                [0.980986, -0.141442, 0.132893, -0.125006, -0.09201, 0.263962, 0.960135, -0.00283, -0.170882, -0.954106, 0.245929, -1.2e-05, 0.0, 0.0, 0.0, 1.0],
                [0.912842, -0.400945, 0.077214, -0.125006, -0.005508, 0.176997, 0.984197, -0.002831, -0.408275, -0.898842, 0.159362, -1.1e-05, 0.0, 0.0, 0.0, 1.0],
                [0.928738, -0.370291, 0.018196, -0.125006, -0.065779, -0.116282, 0.991037, -0.002831, -0.364856, -0.921609, -0.132353, -1.2e-05, 0.0, 0.0, 0.0, 1.0],
                [0.950574, -0.305768, -0.053981, -0.125006, -0.07704, -0.400682, 0.912972, -0.002831, -0.300786, -0.86369, -0.404434, -1.2e-05, 0.0, 0.0, 0.0, 1.0],
                [0.914173, -0.368098, -0.169679, -0.125006, -0.249063, -0.840418, 0.481317, -0.002831, -0.319773, -0.397746, -0.859967, -1.1e-05, 0.0, 0.0, 0.0, 1.0]
            ]
        },
        {
            "name": "Leg_L",
            "time": [0.0, 0.0667, 0.15, 0.2333, 0.4, 0.6, 0.7667],
            "transform": [
                [0.998998, -0.029095, 0.034009, -0.0, -0.017437, 0.446806, 0.894461, 0.37472, -0.041219, -0.894158, 0.445851, -0.0, 0.0, 0.0, 0.0, 1.0],
                [0.999397, -0.021557, 0.027247, 0.0, -0.01855, 0.33203, 0.943087, 0.37472, -0.029377, -0.943022, 0.33143, -0.0, 0.0, 0.0, 0.0, 1.0],
                [0.998221, -0.059561, -0.002516, -0.0, -0.020359, -0.380275, 0.924649, 0.37472, -0.05603, -0.922952, -0.380812, 0.0, 0.0, 0.0, 0.0, 1.0],
                [0.997133, 0.04682, 0.059437, -0.0, -0.073465, 0.411151, 0.908601, 0.37472, 0.018103, -0.910364, 0.413412, -0.0, 0.0, 0.0, 0.0, 1.0],
                [0.999184, 0.039834, -0.006662, -0.0, -0.017441, 0.574346, 0.818426, 0.37472, 0.036427, -0.817644, 0.574571, -0.0, 0.0, 0.0, 0.0, 1.0],
                [0.999604, -0.007215, 0.027228, 0.0, -0.017448, 0.600252, 0.799621, 0.37472, -0.022113, -0.799778, 0.599888, -0.0, 0.0, 0.0, 0.0, 1.0],
                [0.999688, 0.023686, -0.007951, -0.0, -0.017449, 0.889653, 0.456305, 0.37472, 0.017882, -0.456024, 0.889788, 0.0, 0.0, 0.0, 0.0, 1.0]
            ]
        },
        {
            "name": "Knee_L",
            "time": [0.0, 0.0667, 0.15, 0.2333, 0.4, 0.6, 0.7667],
            "transform": [
                [0.999729, -0.009715, 0.021145, -0.0, 0.023094, 0.525873, -0.85025, 0.37472, -0.00286, 0.850508, 0.525955, -0.0, 0.0, 0.0, 0.0, 1.0],
                [0.999834, -0.006443, 0.017057, 0.0, 0.017643, 0.577905, -0.815914, 0.37472, -0.0046, 0.816079, 0.577922, -0.0, 0.0, 0.0, 0.0, 1.0],
                [0.999429, -0.030462, 0.01465, -0.0, 0.033462, 0.830286, -0.556332, 0.37472, 0.004783, 0.556504, 0.830831, -0.0, 0.0, 0.0, 0.0, 1.0],
                [0.999221, 0.032183, 0.022839, -0.0, 0.001767, 0.541666, -0.840592, 0.37472, -0.039424, 0.839978, 0.541187, -0.0, 0.0, 0.0, 0.0, 1.0],
                [0.999784, 0.019107, -0.008199, -0.0, -0.016086, 0.460946, -0.887283, 0.37472, -0.013174, 0.887223, 0.461154, -0.0, 0.0, 0.0, 0.0, 1.0],
                [0.999895, -0.000394, 0.014467, 0.0, 0.013117, 0.447084, -0.894395, 0.37472, -0.006115, 0.894492, 0.447043, -0.0, 0.0, 0.0, 0.0, 1.0],
                [0.999921, 0.011371, -0.005385, 0.0, -0.007903, 0.234617, -0.972056, 0.37472, -0.009789, 0.972022, 0.234688, -0.0, 0.0, 0.0, 0.0, 1.0]
            ]
        },
        {
            "name": "Torso",
            "time": [0.0, 0.0667, 0.15, 0.1833, 0.2333, 0.4, 0.6, 0.7667],
            "transform": [
                [0.99995, 0.009332, -0.003482, -0.0, -0.00996, 0.936865, -0.349548, 0.05, -0.0, 0.349566, 0.936912, 0.0, 0.0, 0.0, 0.0, 1.0],
                [1.0, 0.000851, -0.000133, -0.0, -0.000861, 0.987916, -0.15499, 0.05, 0.0, 0.15499, 0.987916, 0.0, 0.0, 0.0, 0.0, 1.0],
                [0.999343, -0.034467, -0.011202, 0.0, 0.036242, 0.950411, 0.308877, 0.05, 0.0, -0.30908, 0.951036, -0.0, 0.0, 0.0, 0.0, 1.0],
                [0.999314, -0.036396, -0.006759, 0.0, 0.037019, 0.982517, 0.182455, 0.05, 0.0, -0.182581, 0.983191, 0.0, 0.0, 0.0, 0.0, 1.0],
                [0.998488, -0.054593, -0.006493, -0.0, 0.054977, 0.991499, 0.11793, 0.05, 0.0, -0.118108, 0.993001, -0.0, 0.0, 0.0, 0.0, 1.0],
                [0.999024, -0.04404, -0.003424, -0.0, 0.044173, 0.996017, 0.077448, 0.05, 0.0, -0.077523, 0.996991, -0.0, 0.0, 0.0, 0.0, 1.0],
                [0.998488, -0.054593, -0.006493, 0.0, 0.054977, 0.991499, 0.11793, 0.05, 0.0, -0.118108, 0.993001, -0.0, 0.0, 0.0, 0.0, 1.0],
                [0.999898, -0.014218, -0.000957, 0.0, 0.01425, 0.99764, 0.067173, 0.05, -0.0, -0.06718, 0.997741, 0.0, 0.0, 0.0, 0.0, 1.0]
            ]
        },
        {
            "name": "Chest",
            "time": [0.0, 0.0667, 0.15, 0.2333, 0.4, 0.6, 0.7667],
            "transform": [
                [0.999546, -6e-05, 0.030118, 0.0, -0.014731, 0.871245, 0.490627, 0.3, -0.026269, -0.490848, 0.870849, 0.0, 0.0, 0.0, 0.0, 1.0],
                [0.999835, -0.006411, -0.017005, 0.0, 0.007291, 0.998611, 0.052179, 0.3, 0.016647, -0.052295, 0.998493, 0.0, 0.0, 0.0, 0.0, 1.0],
                [0.996171, 0.041035, 0.077198, 0.0, -0.05486, 0.980923, 0.186497, 0.3, -0.068072, -0.190018, 0.979418, -0.0, 0.0, 0.0, 0.0, 1.0],
                [0.986616, 0.053128, 0.154164, -0.0, -0.090615, 0.964646, 0.247479, 0.3, -0.135566, -0.258137, 0.956549, 0.0, 0.0, 0.0, 0.0, 1.0],
                [0.991239, -0.020995, 0.130401, 0.0, -0.057369, 0.820853, 0.568251, 0.3, -0.118971, -0.570753, 0.812457, -0.0, 0.0, 0.0, 0.0, 1.0],
                [0.991309, -0.01908, 0.130165, -0.0, -0.058226, 0.823611, 0.564159, 0.3, -0.117969, -0.566835, 0.815341, -0.0, 0.0, 0.0, 0.0, 1.0],
                [0.987609, -0.0095, -0.156649, 0.0, 0.037206, 0.983883, 0.174897, 0.3, 0.152463, -0.178559, 0.972045, 0.0, 0.0, 0.0, 0.0, 1.0]
            ]
        },
        {
            "name": "Head",
            "time": [0.0, 0.0667, 0.15, 0.2333, 0.4, 0.6, 0.7667],
            "transform": [
                [0.99972, 0.006756, 0.022684, 0.0, -0.002587, 0.983838, -0.17897, 0.4, -0.023527, 0.178861, 0.983579, -0.0, 0.0, 0.0, 0.0, 1.0],
                [0.9994, -0.004699, 0.034319, 0.0, -0.007132, 0.941617, 0.336598, 0.4, -0.033897, -0.336641, 0.941018, -0.0, 0.0, 0.0, 0.0, 1.0],
                [0.997674, 0.011735, 0.067154, 0.0, 0.032391, 0.785176, -0.618425, 0.4, -0.059985, 0.619162, 0.782969, -0.0, 0.0, 0.0, 0.0, 1.0],
                [0.996506, 0.0, 0.08352, 0.0, 0.04636, 0.8318, -0.553136, 0.4, -0.069472, 0.555075, 0.828894, 0.0, 0.0, 0.0, 0.0, 1.0],
                [0.996262, 0.0, 0.086377, 0.0, 0.047946, 0.8318, -0.553001, 0.4, -0.071849, 0.555076, 0.828691, -0.0, 0.0, 0.0, 0.0, 1.0],
                [0.994061, 0.0, 0.108825, 0.0, 0.060406, 0.8318, -0.551779, 0.4, -0.090521, 0.555076, 0.826859, -0.0, 0.0, 0.0, 0.0, 1.0],
                [0.718234, 0.013058, 0.69568, 0.0, 0.081618, 0.99134, -0.102873, 0.4, -0.690999, 0.130667, 0.710948, -0.0, 0.0, 0.0, 0.0, 1.0]
            ]
        },
        {
            "name": "Shoulder_R",
            "time": [0.0, 0.0667, 0.15, 0.2333, 0.4, 0.6, 0.7667],
            "transform": [
                [0.482998, 0.86741, 0.119639, 0.0, -0.129279, -0.064493, 0.989509, 0.4, 0.866026, -0.493397, 0.080988, -0.0, 0.0, 0.0, 0.0, 1.0],
                [0.482998, 0.866553, 0.125694, 0.0, -0.129279, -0.071403, 0.989034, 0.4, 0.866026, -0.493951, 0.07754, -0.0, 0.0, 0.0, 0.0, 1.0],
                [0.308631, 0.945149, 0.106962, 0.0, -0.082607, -0.085393, 0.992917, 0.4, 0.947588, -0.315281, 0.051721, -0.0, 0.0, 0.0, 0.0, 1.0],
                [0.010115, 0.990994, 0.133523, 0.0, -0.002706, -0.133502, 0.991045, 0.4, 0.999945, -0.010385, 0.001331, 0.0, 0.0, 0.0, 0.0, 1.0],
                [-0.045405, 0.978008, 0.203566, 0.0, 0.012155, -0.20322, 0.979058, 0.4, 0.998895, 0.046928, -0.00266, -0.0, 0.0, 0.0, 0.0, 1.0],
                [-0.051062, 0.978822, 0.198241, 0.0, 0.013669, -0.197797, 0.980148, 0.4, 0.998602, 0.052758, -0.00328, 0.0, 0.0, 0.0, 0.0, 1.0],
                [0.017294, 0.955177, 0.295532, 0.0, -0.004627, -0.295497, 0.955333, 0.4, 0.999842, -0.017889, -0.00069, -0.0, 0.0, 0.0, 0.0, 1.0]
            ]
        },
        {
            "name": "Arm_R",
            "time": [0.0, 0.0667, 0.15, 0.1667, 0.1833, 0.2333, 0.4, 0.6, 0.7667],
            "transform": [
                [0.14357, -0.97083, 0.192036, -0.0, -0.585353, -0.239768, -0.774515, 0.388385, 0.797966, -0.001211, -0.602701, 0.0, 0.0, 0.0, 0.0, 1.0],
                [-0.140254, -0.759194, 0.635573, 0.0, -0.428267, -0.532246, -0.730275, 0.388385, 0.892702, -0.374619, -0.250488, 0.0, 0.0, 0.0, 0.0, 1.0],
                [0.420498, -0.903483, -0.083064, 0.0, -0.775933, -0.310658, -0.549018, 0.388385, 0.470224, 0.295313, -0.831673, -0.0, 0.0, 0.0, 0.0, 1.0],
                [0.600327, -0.53573, -0.593802, 0.0, -0.62125, 0.155192, -0.768091, 0.388385, 0.503643, 0.830006, -0.239656, 0.0, 0.0, 0.0, 0.0, 1.0],
                [0.64188, 0.220863, -0.734309, -0.0, -0.512321, 0.836041, -0.196373, 0.388385, 0.570541, 0.50225, 0.64979, -0.0, 0.0, 0.0, 0.0, 1.0],
                [0.613076, 0.678612, -0.404506, -0.0, -0.467255, 0.724327, 0.506975, 0.388385, 0.637034, -0.121807, 0.761151, 0.0, 0.0, 0.0, 0.0, 1.0],
                [0.605925, 0.770529, -0.197839, -0.0, -0.427485, 0.525106, 0.735881, 0.388385, 0.670904, -0.361316, 0.647564, -0.0, 0.0, 0.0, 0.0, 1.0],
                [0.739272, 0.658674, -0.140089, -0.0, -0.184212, 0.397901, 0.898744, 0.388385, 0.647721, -0.638611, 0.415492, 0.0, 0.0, 0.0, 0.0, 1.0],
                [0.347959, 0.135068, -0.927728, -0.0, 0.726259, 0.586931, 0.357847, 0.388385, 0.592847, -0.798287, 0.106134, 0.0, 0.0, 0.0, 0.0, 1.0]
            ]
        },
        {
            "name": "Hand_R",
            "time": [0.0, 0.0667, 0.15, 0.2333, 0.4, 0.6, 0.7667],
            "transform": [
                [0.999054, 0.005633, 0.043112, -0.0, 0.022949, 0.773886, -0.632909, 0.33, -0.036929, 0.6333, 0.773025, 0.0, 0.0, 0.0, 0.0, 1.0],
                [0.999054, -0.001939, 0.043436, -0.0, 0.022949, 0.872033, -0.48891, 0.33, -0.036929, 0.489444, 0.871252, -0.0, 0.0, 0.0, 0.0, 1.0],
                [0.999054, -0.001939, 0.043436, -0.0, 0.022949, 0.872033, -0.48891, 0.33, -0.036929, 0.489444, 0.871253, -0.0, 0.0, 0.0, 0.0, 1.0],
                [1.0, -0.0, 0.0, -0.0, 0.0, 0.965926, -0.258819, 0.33, 0.0, 0.258819, 0.965926, -0.0, 0.0, 0.0, 0.0, 1.0],
                [1.0, 0.0, -0.0, -0.0, -0.0, 0.961709, -0.274074, 0.33, 0.0, 0.274074, 0.961709, -0.0, 0.0, 0.0, 0.0, 1.0],
                [1.0, -0.0, -0.0, -0.0, -0.0, 0.955884, -0.293746, 0.33, 0.0, 0.293746, 0.955884, -0.0, 0.0, 0.0, 0.0, 1.0],
                [0.989099, -0.060303, 0.134336, 0.0, 0.104496, 0.930215, -0.35182, 0.33, -0.103745, 0.36202, 0.926382, 0.0, 0.0, 0.0, 0.0, 1.0]
            ]
        },
        {
            "name": "Tool_R",
            "time": [0.0, 0.0667, 0.15, 0.2333, 0.4, 0.6, 0.7667],
            "transform": [
                [1.0, -0.0, 0.0, -0.0, -0.0, -0.912284, -0.409558, 0.291204, 0.0, 0.409558, -0.912284, 1e-06, 0.0, 0.0, 0.0, 1.0],
                [1.0, -0.0, 0.0, 0.0, 0.0, -0.912284, -0.409558, 0.291204, 0.0, 0.409558, -0.912284, 0.0, 0.0, 0.0, 0.0, 1.0],
                [1.0, -0.0, 0.0, -0.0, 0.0, -0.912284, -0.409558, 0.291204, 0.0, 0.409558, -0.912284, 0.0, 0.0, 0.0, 0.0, 1.0],
                [1.0, -0.0, 0.0, 0.0, 0.0, -0.794865, -0.606787, 0.291203, 0.0, 0.606787, -0.794865, 0.0, 0.0, 0.0, 0.0, 1.0],
                [1.0, -0.0, 0.0, -0.0, 0.0, -0.958762, -0.284213, 0.291204, 0.0, 0.284213, -0.958762, 0.0, 0.0, 0.0, 0.0, 1.0],
                [1.0, 0.0, 0.0, -0.0, -0.0, -0.999715, -0.02388, 0.291203, 0.0, 0.02388, -0.999715, -0.0, 0.0, 0.0, 0.0, 1.0],
                [1.0, -0.0, 0.0, 0.0, -0.0, -0.837153, -0.546969, 0.291204, 0.0, 0.546969, -0.837153, 0.0, 0.0, 0.0, 0.0, 1.0]
            ]
        },
        {
            "name": "Elbow_R",
            "time": [0.0, 0.0667, 0.15, 0.2333, 0.4, 0.6, 0.7667],
            "transform": [
                [-1.0, 0.0, 0.0, 0.0, -0.0, -0.0, -1.0, 0.33, -0.0, -1.0, -0.0, 0.0, 0.0, 0.0, 0.0, 1.0],
                [-1.0, 0.0, 0.0, -0.0, -0.0, 0.0, -1.0, 0.33, -0.0, -1.0, -0.0, -0.0, 0.0, 0.0, 0.0, 1.0],
                [-1.0, 0.0, 0.0, 0.0, -0.0, 0.0, -1.0, 0.33, -0.0, -1.0, -0.0, -0.0, 0.0, 0.0, 0.0, 1.0],
                [-1.0, 0.0, 0.0, -0.0, -0.0, 0.0, -1.0, 0.33, -0.0, -1.0, 0.0, 0.0, 0.0, 0.0, 0.0, 1.0],
                [-1.0, 0.0, 0.0, -0.0, -0.0, 0.0, -1.0, 0.33, -0.0, -1.0, -0.0, -0.0, 0.0, 0.0, 0.0, 1.0],
                [-1.0, 0.0, 0.0, 0.0, -0.0, 0.0, -1.0, 0.33, -0.0, -1.0, -0.0, 0.0, 0.0, 0.0, 0.0, 1.0],
                [-1.0, 0.0, 0.0, 0.0, -0.0, 0.015897, -0.999874, 0.33, -0.0, -0.999874, -0.015897, 0.0, 0.0, 0.0, 0.0, 1.0]
            ]
        },
        {
            "name": "Shoulder_L",
            "time": [0.0, 0.0667, 0.15, 0.1833, 0.2333, 0.4, 0.6, 0.7667],
            "transform": [
                [0.482996, -0.837946, -0.254091, -0.0, 0.129288, -0.218755, 0.967177, 0.4, -0.866025, -0.499993, 0.002679, -0.0, 0.0, 0.0, 0.0, 1.0],
                [0.482996, -0.837946, -0.254091, 0.0, 0.129288, -0.218755, 0.967177, 0.4, -0.866025, -0.499993, 0.002679, -0.0, 0.0, 0.0, 0.0, 1.0],
                [0.482996, -0.837946, -0.254091, 0.0, 0.129288, -0.218755, 0.967177, 0.4, -0.866025, -0.499993, 0.002679, -0.0, 0.0, 0.0, 0.0, 1.0],
                [-0.128338, -0.897979, -0.420907, -0.0, -0.034357, -0.420137, 0.90681, 0.4, -0.991135, 0.13084, 0.023068, 0.0, 0.0, 0.0, 0.0, 1.0],
                [-0.056744, -0.904769, -0.422105, -0.0, -0.015192, -0.421954, 0.90649, 0.4, -0.998273, 0.057851, 0.010198, 0.0, 0.0, 0.0, 0.0, 1.0],
                [-0.097007, -0.901603, -0.421546, -0.0, -0.02597, -0.421107, 0.906639, 0.4, -0.994945, 0.098898, 0.017436, -0.0, 0.0, 0.0, 0.0, 1.0],
                [-0.056744, -0.904769, -0.422105, -0.0, -0.015192, -0.421954, 0.90649, 0.4, -0.998273, 0.057851, 0.010198, -0.0, 0.0, 0.0, 0.0, 1.0],
                [-0.070748, -0.951469, -0.299497, 0.0, -0.018941, -0.298914, 0.954091, 0.4, -0.997313, 0.073173, 0.003126, -0.0, 0.0, 0.0, 0.0, 1.0]
            ]
        },
        {
            "name": "Arm_L",
            "time": [0.0, 0.0667, 0.15, 0.1667, 0.1833, 0.2333, 0.4, 0.6, 0.7667],
            "transform": [
                [0.01542, 0.999627, 0.022521, -0.0, 0.508665, 0.011548, -0.860887, 0.388354, -0.860826, 0.024731, -0.508298, 0.0, 0.0, 0.0, 0.0, 1.0],
                [-0.271167, 0.872688, -0.40606, -0.0, 0.520919, -0.22169, -0.824316, 0.388354, -0.80939, -0.435051, -0.394485, -0.0, 0.0, 0.0, 0.0, 1.0],
                [0.518643, 0.852216, -0.068821, -0.0, 0.754361, -0.494002, -0.432321, 0.388354, -0.402428, 0.172304, -0.89909, 0.0, 0.0, 0.0, 0.0, 1.0],
                [0.700286, 0.565709, 0.435399, 0.0, 0.49405, 0.056183, -0.867616, 0.388354, -0.51528, 0.822689, -0.240144, 0.0, 0.0, 0.0, 0.0, 1.0],
                [0.809458, -0.024264, 0.586677, -0.0, 0.29089, 0.884492, -0.36477, 0.388354, -0.51006, 0.465925, 0.723016, 0.0, 0.0, 0.0, 0.0, 1.0],
                [0.614964, -0.702488, 0.35823, 0.0, 0.435731, 0.681355, 0.588127, 0.388354, -0.657234, -0.205585, 0.725105, 0.0, 0.0, 0.0, 0.0, 1.0],
                [0.682136, -0.706623, 0.188082, 0.0, 0.414505, 0.585565, 0.696634, 0.388354, -0.602392, -0.397238, 0.692334, 0.0, 0.0, 0.0, 0.0, 1.0],
                [0.756681, -0.633857, 0.160187, 0.0, 0.216465, 0.474093, 0.853451, 0.388355, -0.616909, -0.611115, 0.495945, -1e-06, 0.0, 0.0, 0.0, 1.0],
                [0.403807, 0.131882, 0.905286, 1e-06, -0.706914, 0.673102, 0.217264, 0.388354, -0.580698, -0.727693, 0.365033, 0.0, 0.0, 0.0, 0.0, 1.0]
            ]
        },
        {
            "name": "Hand_L",
            "time": [0.0, 0.0667, 0.15, 0.2333, 0.4, 0.6, 0.7667],
            "transform": [
                [0.996157, -0.087505, 0.003776, -0.0, 0.077399, 0.859301, -0.50558, 0.33, 0.040996, 0.503929, 0.862771, 0.0, 0.0, 0.0, 0.0, 1.0],
                [0.996157, -0.087505, 0.003776, 0.0, 0.077399, 0.859301, -0.50558, 0.33, 0.040996, 0.503929, 0.862771, 0.0, 0.0, 0.0, 0.0, 1.0],
                [0.996157, -0.087505, 0.003776, 0.0, 0.077399, 0.859301, -0.50558, 0.33, 0.040996, 0.503929, 0.862771, 0.0, 0.0, 0.0, 0.0, 1.0],
                [1.0, 0.0, 0.0, -0.0, -0.0, 0.984808, -0.173648, 0.33, -0.0, 0.173648, 0.984808, 0.0, 0.0, 0.0, 0.0, 1.0],
                [1.0, 0.0, 0.0, -0.0, -0.0, 0.97598, -0.21786, 0.33, -0.0, 0.21786, 0.97598, 0.0, 0.0, 0.0, 0.0, 1.0],
                [1.0, 0.0, 0.0, 0.0, -0.0, 0.958196, -0.286111, 0.33, -0.0, 0.286111, 0.958196, -0.0, 0.0, 0.0, 0.0, 1.0],
                [0.994959, 0.100031, -0.00728, -0.0, -0.093742, 0.901686, -0.422112, 0.33, -0.035661, 0.420667, 0.906514, 0.0, 0.0, 0.0, 0.0, 1.0]
            ]
        },
        {
            "name": "Tool_L",
            "time": [0.0, 0.0667, 0.15, 0.2333, 0.4, 0.6, 0.7667],
            "transform": [
                [0.997004, -0.015808, -0.075713, 0.0, -0.037887, -0.953225, -0.299877, 0.291204, -0.067431, 0.301847, -0.950969, -0.0, 0.0, 0.0, 0.0, 1.0],
                [0.997004, -0.015808, -0.075713, -0.0, -0.037887, -0.953225, -0.299877, 0.291204, -0.067431, 0.301847, -0.950969, -0.0, 0.0, 0.0, 0.0, 1.0],
                [0.997004, -0.015808, -0.075713, -0.0, -0.037887, -0.953225, -0.299877, 0.291204, -0.067431, 0.301847, -0.950969, 0.0, 0.0, 0.0, 0.0, 1.0],
                [0.997001, 0.004693, -0.077245, 0.0, -0.038962, -0.831986, -0.553427, 0.291203, -0.066863, 0.554777, -0.829308, 0.0, 0.0, 0.0, 0.0, 1.0],
                [0.997001, -0.024067, -0.073549, 0.0, -0.038962, -0.977275, -0.208361, 0.291203, -0.066863, 0.210601, -0.975283, -0.0, 0.0, 0.0, 0.0, 1.0],
                [0.997001, -0.034203, -0.069418, -0.0, -0.038962, -0.996897, -0.0684, 0.291203, -0.066863, 0.0709, -0.99524, 0.0, 0.0, 0.0, 0.0, 1.0],
                [1.0, 0.0, 0.0, 0.0, 0.0, -0.999785, -0.020724, 0.291203, 0.0, 0.020724, -0.999785, 0.0, 0.0, 0.0, 0.0, 1.0]
            ]
        },
        {
            "name": "Elbow_L",
            "time": [0.0, 0.0667, 0.15, 0.2333, 0.4, 0.6, 0.7667],
            "transform": [
                [-0.999022, -0.028094, -0.034146, 0.0, 0.025654, 0.260719, -0.965074, 0.33, 0.036016, -0.965006, -0.259743, 0.0, 0.0, 0.0, 0.0, 1.0],
                [-0.999022, -0.028094, -0.034146, 0.0, 0.025654, 0.260719, -0.965074, 0.33, 0.036016, -0.965006, -0.259743, 0.0, 0.0, 0.0, 0.0, 1.0],
                [-0.999022, -0.028095, -0.034146, 0.0, 0.025654, 0.260719, -0.965074, 0.33, 0.036016, -0.965006, -0.259743, 1e-06, 0.0, 0.0, 0.0, 1.0],
                [-1.0, 0.0, -0.0, -0.0, 0.0, 0.087156, -0.996194, 0.33, -0.0, -0.996195, -0.087156, 0.0, 0.0, 0.0, 0.0, 1.0],
                [-1.0, 0.0, -0.0, 0.0, 0.0, 0.10959, -0.993977, 0.33, 0.0, -0.993977, -0.10959, 0.0, 0.0, 0.0, 0.0, 1.0],
                [-1.0, 0.0, -0.0, 0.0, 0.0, 0.144575, -0.989494, 0.329999, -0.0, -0.989494, -0.144574, 0.0, 0.0, 0.0, 0.0, 1.0],
                [-0.998724, 0.039016, 0.032072, 0.0, -0.022953, 0.215028, -0.976338, 0.33, -0.044989, -0.975828, -0.213858, 0.0, 0.0, 0.0, 0.0, 1.0]
            ]
        }
    ]
}