{"animation": [{"name": "Root", "time": [0.0, 0.0083, 0.0167, 0.025, 0.0333, 0.0417, 0.05, 0.0583, 0.0667, 0.075, 0.0833, 0.0917, 0.1, 0.1083, 0.1167, 0.125, 0.1333, 0.1417, 0.15, 0.1583, 0.1667, 0.175, 0.1833, 0.1917, 0.2, 0.2083, 0.2167, 0.225, 0.2333, 0.2417, 0.25, 0.2583, 0.2667, 0.275, 0.2833, 0.2917, 0.3, 0.3083, 0.3167, 0.325, 0.3333, 0.3417, 0.35, 0.3583, 0.3667, 0.375, 0.3833, 0.3917, 0.4, 0.4083, 0.4167, 0.425, 0.4333, 0.4417, 0.45, 0.4583, 0.4667, 0.475, 0.4833, 0.4917, 0.5, 0.5083, 0.5167, 0.525, 0.5333, 0.5417, 0.55, 0.5583, 0.5667, 0.575, 0.5833, 0.5917, 0.6, 0.6083, 0.6167, 0.625, 0.6333, 0.6417, 0.65, 0.6583, 0.6667, 0.675, 0.6833, 0.6917, 0.7, 0.7083, 0.7167, 0.725, 0.7333, 0.7417, 0.75, 0.7583, 0.7667, 0.775, 0.7833, 0.7917, 0.8, 0.8083, 0.8167, 0.825, 0.8333, 0.8417, 0.85, 0.8583, 0.8667, 0.875, 0.8833, 0.8917, 0.9, 0.9083, 0.9167, 0.925, 0.9333, 0.9417, 0.95, 0.9583, 0.9667, 0.975, 0.9833, 0.9917, 1.0, 1.0083, 1.0167, 1.025, 1.0333, 1.0417, 1.05, 1.0583, 1.0667, 1.075, 1.0833, 1.0917, 1.1, 1.1083, 1.1167, 1.125, 1.1333, 1.1417, 1.15, 1.1583, 1.1667, 1.175, 1.1833, 1.1917, 1.2, 1.2083, 1.2167, 1.225, 1.2333, 1.2417, 1.25, 1.2583, 1.2667, 1.275, 1.2833, 1.2917, 1.3, 1.3083, 1.3167, 1.325, 1.3333, 1.3417, 1.35, 1.3583, 1.3667, 1.375, 1.3833, 1.3917, 1.4, 1.4083, 1.4167, 1.425, 1.4333, 1.4417, 1.45, 1.4583, 1.4667, 1.475, 1.4833, 1.4917, 1.5, 1.5083, 1.5167, 1.525, 1.5333, 1.5417, 1.55, 1.5583, 1.5667, 1.575, 1.5833, 1.5917, 1.6, 1.6083, 1.6167, 1.625, 1.6333, 1.6417, 1.65, 1.6583, 1.6667, 1.675, 1.6833, 1.6917, 1.7, 1.7083, 1.7167, 1.725, 1.7333, 1.7417, 1.75, 1.7583, 1.7667, 1.775, 1.7833, 1.7917, 1.8, 1.8083, 1.8167, 1.825, 1.8333, 1.8417, 1.85, 1.8583, 1.8667, 1.875, 1.8833, 1.8917, 1.9, 1.9083, 1.9167, 1.925, 1.9333, 1.9417, 1.95, 1.9583, 1.9667, 1.975, 1.9833, 1.9917, 2.0, 2.0083, 2.0167, 2.025, 2.0333, 2.0417, 2.05, 2.0583, 2.0667, 2.075, 2.0833, 2.0917, 2.1, 2.1083, 2.1167, 2.125, 2.1333, 2.1417, 2.15, 2.1583, 2.1667, 2.175, 2.1833, 2.1917, 2.2, 2.2083, 2.2167, 2.225, 2.2333, 2.2417, 2.25, 2.2583, 2.2667, 2.275, 2.2833, 2.2917, 2.3, 2.3083, 2.3167, 2.325, 2.3333, 2.3417, 2.35, 2.3583, 2.3667, 2.375, 2.3833, 2.3917, 2.4, 2.4083, 2.4167, 2.425, 2.4333, 2.4417, 2.45, 2.4583, 2.4667, 2.475, 2.4833, 2.4917, 2.5], "transform": [[-0.545046, 0.0, 0.838406, -5e-06, 0.838406, 0.0, 0.545046, 0.319477, 0.0, 1.0, 0.0, -0.021403, 0.0, 0.0, 0.0, 1.0], [-0.545046, 0.0, 0.838406, -5e-06, 0.838406, 0.0, 0.545046, 0.319404, 0.0, 1.0, 0.0, -0.021403, 0.0, 0.0, 0.0, 1.0], [-0.545046, 0.0, 0.838406, -5e-06, 0.838406, 0.0, 0.545046, 0.319195, 0.0, 1.0, 0.0, -0.021403, 0.0, 0.0, 0.0, 1.0], [-0.545046, 0.0, 0.838406, -5e-06, 0.838406, 0.0, 0.545046, 0.318857, 0.0, 1.0, 0.0, -0.021403, 0.0, 0.0, 0.0, 1.0], [-0.545046, 0.0, 0.838406, -5e-06, 0.838406, 0.0, 0.545046, 0.318403, 0.0, 1.0, 0.0, -0.021403, 0.0, 0.0, 0.0, 1.0], [-0.545046, 0.0, 0.838406, -5e-06, 0.838406, 0.0, 0.545046, 0.317841, 0.0, 1.0, 0.0, -0.021403, 0.0, 0.0, 0.0, 1.0], [-0.545046, 0.0, 0.838406, -5e-06, 0.838406, 0.0, 0.545046, 0.317183, 0.0, 1.0, 0.0, -0.021403, 0.0, 0.0, 0.0, 1.0], [-0.545046, 0.0, 0.838406, -5e-06, 0.838406, 0.0, 0.545046, 0.316438, 0.0, 1.0, 0.0, -0.021403, 0.0, 0.0, 0.0, 1.0], [-0.545046, 0.0, 0.838406, -5e-06, 0.838406, 0.0, 0.545046, 0.315617, 0.0, 1.0, 0.0, -0.021403, 0.0, 0.0, 0.0, 1.0], [-0.545046, 0.0, 0.838406, -5e-06, 0.838406, 0.0, 0.545046, 0.314729, 0.0, 1.0, 0.0, -0.021403, 0.0, 0.0, 0.0, 1.0], [-0.545046, 0.0, 0.838406, -5e-06, 0.838406, 0.0, 0.545046, 0.313785, 0.0, 1.0, 0.0, -0.021403, 0.0, 0.0, 0.0, 1.0], [-0.545046, 0.0, 0.838406, -5e-06, 0.838406, 0.0, 0.545046, 0.312796, 0.0, 1.0, 0.0, -0.021403, 0.0, 0.0, 0.0, 1.0], [-0.545046, 0.0, 0.838406, -5e-06, 0.838406, 0.0, 0.545046, 0.31177, 0.0, 1.0, 0.0, -0.021403, 0.0, 0.0, 0.0, 1.0], [-0.545046, 0.0, 0.838406, -5e-06, 0.838406, 0.0, 0.545046, 0.310719, 0.0, 1.0, 0.0, -0.021403, 0.0, 0.0, 0.0, 1.0], [-0.545046, 0.0, 0.838406, -5e-06, 0.838406, 0.0, 0.545046, 0.309653, 0.0, 1.0, 0.0, -0.021403, 0.0, 0.0, 0.0, 1.0], [-0.545046, 0.0, 0.838406, -5e-06, 0.838406, 0.0, 0.545046, 0.308582, 0.0, 1.0, 0.0, -0.021403, 0.0, 0.0, 0.0, 1.0], [-0.545046, 0.0, 0.838406, -5e-06, 0.838406, 0.0, 0.545046, 0.307516, 0.0, 1.0, 0.0, -0.021403, 0.0, 0.0, 0.0, 1.0], [-0.545046, 0.0, 0.838406, -5e-06, 0.838406, 0.0, 0.545046, 0.306465, 0.0, 1.0, 0.0, -0.021403, 0.0, 0.0, 0.0, 1.0], [-0.545046, 0.0, 0.838406, -5e-06, 0.838406, 0.0, 0.545046, 0.30544, 0.0, 1.0, 0.0, -0.021403, 0.0, 0.0, 0.0, 1.0], [-0.545046, 0.0, 0.838406, -5e-06, 0.838406, 0.0, 0.545046, 0.304451, 0.0, 1.0, 0.0, -0.021403, 0.0, 0.0, 0.0, 1.0], [-0.545046, 0.0, 0.838406, -5e-06, 0.838406, 0.0, 0.545046, 0.303507, 0.0, 1.0, 0.0, -0.021403, 0.0, 0.0, 0.0, 1.0], [-0.545046, 0.0, 0.838406, -5e-06, 0.838406, 0.0, 0.545046, 0.302619, 0.0, 1.0, 0.0, -0.021403, 0.0, 0.0, 0.0, 1.0], [-0.545046, 0.0, 0.838406, -5e-06, 0.838406, 0.0, 0.545046, 0.301798, 0.0, 1.0, 0.0, -0.021403, 0.0, 0.0, 0.0, 1.0], [-0.545046, 0.0, 0.838406, -5e-06, 0.838406, 0.0, 0.545046, 0.301053, 0.0, 1.0, 0.0, -0.021403, 0.0, 0.0, 0.0, 1.0], [-0.545046, 0.0, 0.838406, -5e-06, 0.838406, 0.0, 0.545046, 0.300394, 0.0, 1.0, 0.0, -0.021403, 0.0, 0.0, 0.0, 1.0], [-0.545046, 0.0, 0.838406, -5e-06, 0.838406, 0.0, 0.545046, 0.299833, 0.0, 1.0, 0.0, -0.021403, 0.0, 0.0, 0.0, 1.0], [-0.545046, 0.0, 0.838406, -5e-06, 0.838406, 0.0, 0.545046, 0.299378, 0.0, 1.0, 0.0, -0.021403, 0.0, 0.0, 0.0, 1.0], [-0.545046, 0.0, 0.838406, -5e-06, 0.838406, 0.0, 0.545046, 0.299041, 0.0, 1.0, 0.0, -0.021403, 0.0, 0.0, 0.0, 1.0], [-0.545046, 0.0, 0.838406, -5e-06, 0.838406, 0.0, 0.545046, 0.298831, 0.0, 1.0, 0.0, -0.021403, 0.0, 0.0, 0.0, 1.0], [-0.545046, 0.0, 0.838406, -5e-06, 0.838406, 0.0, 0.545046, 0.298759, 0.0, 1.0, 0.0, -0.021403, 0.0, 0.0, 0.0, 1.0], [-0.545046, 0.0, 0.838406, -5e-06, 0.838406, 0.0, 0.545046, 0.298759, 0.0, 1.0, 0.0, -0.021403, 0.0, 0.0, 0.0, 1.0], [-0.545046, 0.0, 0.838406, -5e-06, 0.838406, 0.0, 0.545046, 0.298759, 0.0, 1.0, 0.0, -0.021403, 0.0, 0.0, 0.0, 1.0], [-0.545046, 0.0, 0.838406, -5e-06, 0.838406, 0.0, 0.545046, 0.298759, 0.0, 1.0, 0.0, -0.021403, 0.0, 0.0, 0.0, 1.0], [-0.545046, 0.0, 0.838406, -5e-06, 0.838406, 0.0, 0.545046, 0.298759, 0.0, 1.0, 0.0, -0.021403, 0.0, 0.0, 0.0, 1.0], [-0.545046, 0.0, 0.838406, -5e-06, 0.838406, 0.0, 0.545046, 0.298759, 0.0, 1.0, 0.0, -0.021403, 0.0, 0.0, 0.0, 1.0], [-0.545046, 0.0, 0.838406, -5e-06, 0.838406, 0.0, 0.545046, 0.298759, 0.0, 1.0, 0.0, -0.021403, 0.0, 0.0, 0.0, 1.0], [-0.545046, 0.0, 0.838406, -5e-06, 0.838406, 0.0, 0.545046, 0.298759, 0.0, 1.0, 0.0, -0.021403, 0.0, 0.0, 0.0, 1.0], [-0.545046, 0.0, 0.838406, -5e-06, 0.838406, 0.0, 0.545046, 0.298759, 0.0, 1.0, 0.0, -0.021403, 0.0, 0.0, 0.0, 1.0], [-0.545046, 0.0, 0.838406, -5e-06, 0.838406, 0.0, 0.545046, 0.298759, 0.0, 1.0, 0.0, -0.021403, 0.0, 0.0, 0.0, 1.0], [-0.545046, 0.0, 0.838406, -5e-06, 0.838406, 0.0, 0.545046, 0.298759, 0.0, 1.0, 0.0, -0.021403, 0.0, 0.0, 0.0, 1.0], [-0.545046, 0.0, 0.838406, -5e-06, 0.838406, 0.0, 0.545046, 0.298759, 0.0, 1.0, 0.0, -0.021403, 0.0, 0.0, 0.0, 1.0], [-0.545046, 0.0, 0.838406, -5e-06, 0.838406, 0.0, 0.545046, 0.298759, 0.0, 1.0, 0.0, -0.021403, 0.0, 0.0, 0.0, 1.0], [-0.545046, 0.0, 0.838406, -5e-06, 0.838406, 0.0, 0.545046, 0.298759, 0.0, 1.0, 0.0, -0.021403, 0.0, 0.0, 0.0, 1.0], [-0.545046, 0.0, 0.838406, -5e-06, 0.838406, 0.0, 0.545046, 0.298759, 0.0, 1.0, 0.0, -0.021403, 0.0, 0.0, 0.0, 1.0], [-0.545046, 0.0, 0.838406, -5e-06, 0.838406, 0.0, 0.545046, 0.298759, 0.0, 1.0, 0.0, -0.021403, 0.0, 0.0, 0.0, 1.0], [-0.545046, 0.0, 0.838406, -5e-06, 0.838406, 0.0, 0.545046, 0.298759, 0.0, 1.0, 0.0, -0.021403, 0.0, 0.0, 0.0, 1.0], [-0.545046, 0.0, 0.838406, -5e-06, 0.838406, 0.0, 0.545046, 0.298759, 0.0, 1.0, 0.0, -0.021403, 0.0, 0.0, 0.0, 1.0], [-0.545046, 0.0, 0.838406, -5e-06, 0.838406, 0.0, 0.545046, 0.298759, 0.0, 1.0, 0.0, -0.021403, 0.0, 0.0, 0.0, 1.0], [-0.545046, 0.0, 0.838406, -5e-06, 0.838406, 0.0, 0.545046, 0.298759, 0.0, 1.0, 0.0, -0.021403, 0.0, 0.0, 0.0, 1.0], [-0.545046, 0.0, 0.838406, -5e-06, 0.838406, 0.0, 0.545046, 0.298759, 0.0, 1.0, 0.0, -0.021403, 0.0, 0.0, 0.0, 1.0], [-0.545046, 0.0, 0.838406, -5e-06, 0.838406, 0.0, 0.545046, 0.298759, 0.0, 1.0, 0.0, -0.021403, 0.0, 0.0, 0.0, 1.0], [-0.545046, 0.0, 0.838406, -5e-06, 0.838406, 0.0, 0.545046, 0.298759, 0.0, 1.0, 0.0, -0.021403, 0.0, 0.0, 0.0, 1.0], [-0.545046, 0.0, 0.838406, -5e-06, 0.838406, 0.0, 0.545046, 0.298759, 0.0, 1.0, 0.0, -0.021403, 0.0, 0.0, 0.0, 1.0], [-0.545046, 0.0, 0.838406, -5e-06, 0.838406, 0.0, 0.545046, 0.298759, 0.0, 1.0, 0.0, -0.021403, 0.0, 0.0, 0.0, 1.0], [-0.545046, 0.0, 0.838406, -5e-06, 0.838406, 0.0, 0.545046, 0.298759, 0.0, 1.0, 0.0, -0.021403, 0.0, 0.0, 0.0, 1.0], [-0.545046, 0.0, 0.838406, -5e-06, 0.838406, 0.0, 0.545046, 0.298759, 0.0, 1.0, 0.0, -0.021403, 0.0, 0.0, 0.0, 1.0], [-0.545046, 0.0, 0.838406, -5e-06, 0.838406, 0.0, 0.545046, 0.298759, 0.0, 1.0, 0.0, -0.021403, 0.0, 0.0, 0.0, 1.0], [-0.545046, 0.0, 0.838406, -5e-06, 0.838406, 0.0, 0.545046, 0.298759, 0.0, 1.0, 0.0, -0.021403, 0.0, 0.0, 0.0, 1.0], [-0.545046, 0.0, 0.838406, -5e-06, 0.838406, 0.0, 0.545046, 0.298759, 0.0, 1.0, 0.0, -0.021403, 0.0, 0.0, 0.0, 1.0], [-0.545046, 0.0, 0.838406, -5e-06, 0.838406, 0.0, 0.545046, 0.298759, 0.0, 1.0, 0.0, -0.021403, 0.0, 0.0, 0.0, 1.0], [-0.545046, 0.0, 0.838406, -5e-06, 0.838406, 0.0, 0.545046, 0.298759, 0.0, 1.0, 0.0, -0.021403, 0.0, 0.0, 0.0, 1.0], [-0.545046, 0.0, 0.838406, -5e-06, 0.838406, 0.0, 0.545046, 0.298759, 0.0, 1.0, 0.0, -0.021403, 0.0, 0.0, 0.0, 1.0], [-0.545046, 0.0, 0.838406, -5e-06, 0.838406, 0.0, 0.545046, 0.298759, 0.0, 1.0, 0.0, -0.021403, 0.0, 0.0, 0.0, 1.0], [-0.545046, 0.0, 0.838406, -5e-06, 0.838406, 0.0, 0.545046, 0.298759, 0.0, 1.0, 0.0, -0.021403, 0.0, 0.0, 0.0, 1.0], [-0.545046, 0.0, 0.838406, -5e-06, 0.838406, 0.0, 0.545046, 0.298759, 0.0, 1.0, 0.0, -0.021403, 0.0, 0.0, 0.0, 1.0], [-0.545046, 0.0, 0.838406, -5e-06, 0.838406, 0.0, 0.545046, 0.298759, 0.0, 1.0, 0.0, -0.021403, 0.0, 0.0, 0.0, 1.0], [-0.545046, 0.0, 0.838406, -5e-06, 0.838406, 0.0, 0.545046, 0.298759, 0.0, 1.0, 0.0, -0.021403, 0.0, 0.0, 0.0, 1.0], [-0.545046, 0.0, 0.838406, -5e-06, 0.838406, 0.0, 0.545046, 0.298759, 0.0, 1.0, 0.0, -0.021403, 0.0, 0.0, 0.0, 1.0], [-0.545046, 0.0, 0.838406, -5e-06, 0.838406, 0.0, 0.545046, 0.298759, 0.0, 1.0, 0.0, -0.021403, 0.0, 0.0, 0.0, 1.0], [-0.544554, 0.000512, 0.838726, -4e-06, 0.838726, -0.000546, 0.544554, 0.301969, 0.000737, 1.0, -0.000132, -0.021396, 0.0, 0.0, 0.0, 1.0], [-0.543119, 0.001979, 0.839653, -4e-06, 0.839651, -0.002115, 0.543122, 0.311312, 0.00285, 0.999996, -0.000513, -0.021375, 0.0, 0.0, 0.0, 1.0], [-0.540805, 0.004292, 0.841138, -3e-06, 0.841126, -0.0046, 0.54082, 0.326362, 0.00619, 0.99998, -0.001123, -0.021342, 0.0, 0.0, 0.0, 1.0], [-0.537667, 0.007342, 0.843126, -2e-06, 0.843091, -0.007898, 0.537714, 0.34669, 0.010607, 0.999942, -0.001944, -0.021298, 0.0, 0.0, 0.0, 1.0], [-0.533763, 0.011018, 0.845562, -1e-06, 0.845484, -0.011907, 0.533869, 0.37187, 0.01595, 0.999868, -0.002961, -0.021245, 0.0, 0.0, 0.0, 1.0], [-0.52915, 0.01521, 0.848392, 0.0, 0.848241, -0.016524, 0.529352, 0.401474, 0.02207, 0.999748, -0.004158, -0.021184, 0.0, 0.0, 0.0, 1.0], [-0.523883, 0.019806, 0.851561, 1e-06, 0.851303, -0.021649, 0.524228, 0.435073, 0.028819, 0.999569, -0.005519, -0.021115, 0.0, 0.0, 0.0, 1.0], [-0.518017, 0.024702, 0.855014, 3e-06, 0.854611, -0.027182, 0.518558, 0.472242, 0.03605, 0.999325, -0.007029, -0.021042, 0.0, 0.0, 0.0, 1.0], [-0.511611, 0.029791, 0.858701, 5e-06, 0.85811, -0.033022, 0.512404, 0.512552, 0.043621, 0.99901, -0.00867, -0.020964, 0.0, 0.0, 0.0, 1.0], [-0.504723, 0.034975, 0.862573, 6e-06, 0.86175, -0.03907, 0.505826, 0.555575, 0.051392, 0.998624, -0.01042, -0.020883, 0.0, 0.0, 0.0, 1.0], [-0.497414, 0.040155, 0.866584, 8e-06, 0.86549, -0.045225, 0.498881, 0.600885, 0.059224, 0.998169, -0.012258, -0.020801, 0.0, 0.0, 0.0, 1.0], [-0.489744, 0.04524, 0.870692, 1e-05, 0.869289, -0.051387, 0.491626, 0.648053, 0.066983, 0.997654, -0.01416, -0.020718, 0.0, 0.0, 0.0, 1.0], [-0.481778, 0.050139, 0.874858, 1.2e-05, 0.873117, -0.057455, 0.484113, 0.696652, 0.074538, 0.997088, -0.016097, -0.020637, 0.0, 0.0, 0.0, 1.0], [-0.47358, 0.054768, 0.879047, 1.3e-05, 0.876948, -0.063328, 0.476395, 0.746255, 0.08176, 0.996489, -0.018038, -0.020559, 0.0, 0.0, 0.0, 1.0], [-0.465213, 0.059046, 0.883227, 1.5e-05, 0.880762, -0.068902, 0.46852, 0.796434, 0.08852, 0.995875, -0.019951, -0.020484, 0.0, 0.0, 0.0, 1.0], [-0.456744, 0.062892, 0.887372, 1.6e-05, 0.884544, -0.074073, 0.460538, 0.846761, 0.094695, 0.995268, -0.021798, -0.020414, 0.0, 0.0, 0.0, 1.0], [-0.448239, 0.06623, 0.891457, 1.8e-05, 0.888285, -0.078734, 0.452494, 0.896809, 0.100156, 0.994693, -0.023539, -0.020351, 0.0, 0.0, 0.0, 1.0], [-0.439764, 0.068984, 0.895461, 1.9e-05, 0.891981, -0.082773, 0.444431, 0.946151, 0.104778, 0.994178, -0.025132, -0.020296, 0.0, 0.0, 0.0, 1.0], [-0.431384, 0.071077, 0.899365, 2e-05, 0.895629, -0.086075, 0.436394, 0.994359, 0.10843, 0.99375, -0.026528, -0.02025, 0.0, 0.0, 0.0, 1.0], [-0.423164, 0.072433, 0.903154, 2e-05, 0.899231, -0.088518, 0.428425, 1.041005, 0.110978, 0.993437, -0.027676, -0.020214, 0.0, 0.0, 0.0, 1.0], [-0.415169, 0.072971, 0.906814, 2.1e-05, 0.90279, -0.089974, 0.420566, 1.085662, 0.112279, 0.993267, -0.028523, -0.020191, 0.0, 0.0, 0.0, 1.0], [-0.406602, 0.072955, 0.910688, 2.1e-05, 0.90661, -0.090896, 0.412063, 1.127986, 0.11284, 0.993184, -0.029183, -0.020174, 0.0, 0.0, 0.0, 1.0], [-0.396616, 0.072708, 0.915101, 2.2e-05, 0.91097, -0.091827, 0.402122, 1.167973, 0.113268, 0.993117, -0.029815, -0.020157, 0.0, 0.0, 0.0, 1.0], [-0.385182, 0.072228, 0.92001, 2.2e-05, 0.915826, -0.092763, 0.390713, 1.205701, 0.113563, 0.993065, -0.030418, -0.020141, 0.0, 0.0, 0.0, 1.0], [-0.372265, 0.071514, 0.925368, 2.2e-05, 0.921133, -0.093703, 0.377803, 1.241249, 0.113728, 0.993028, -0.030992, -0.020126, 0.0, 0.0, 0.0, 1.0], [-0.357817, 0.070563, 0.931122, 2.3e-05, 0.926836, -0.094642, 0.363342, 1.274696, 0.113762, 0.993007, -0.031536, -0.020111, 0.0, 0.0, 0.0, 1.0], [-0.341786, 0.06937, 0.937214, 2.3e-05, 0.932879, -0.095575, 0.347279, 1.30612, 0.113665, 0.993002, -0.032048, -0.020096, 0.0, 0.0, 0.0, 1.0], [-0.324107, 0.06793, 0.943579, 2.3e-05, 0.939195, -0.096496, 0.329548, 1.335601, 0.113438, 0.993013, -0.032525, -0.020082, 0.0, 0.0, 0.0, 1.0], [-0.304707, 0.066237, 0.950141, 2.4e-05, 0.94571, -0.097396, 0.310076, 1.363218, 0.113079, 0.993039, -0.032963, -0.020068, 0.0, 0.0, 0.0, 1.0], [-0.283505, 0.064281, 0.956814, 2.4e-05, 0.952339, -0.098266, 0.288781, 1.389049, 0.112586, 0.993082, -0.033359, -0.020055, 0.0, 0.0, 0.0, 1.0], [-0.260411, 0.062056, 0.963502, 2.4e-05, 0.958985, -0.099094, 0.265573, 1.413173, 0.111957, 0.993141, -0.033705, -0.020042, 0.0, 0.0, 0.0, 1.0], [-0.235328, 0.059549, 0.970091, 2.4e-05, 0.965535, -0.099866, 0.240353, 1.435669, 0.111192, 0.993217, -0.033996, -0.02003, 0.0, 0.0, 0.0, 1.0], [-0.208149, 0.056752, 0.97645, 2.5e-05, 0.97186, -0.100566, 0.213015, 1.456616, 0.110286, 0.99331, -0.034222, -0.020018, 0.0, 0.0, 0.0, 1.0], [-0.178763, 0.053651, 0.982428, 2.5e-05, 0.977809, -0.101174, 0.183447, 1.476093, 0.109238, 0.993421, -0.034374, -0.020006, 0.0, 0.0, 0.0, 1.0], [-0.147052, 0.050235, 0.987852, 2.5e-05, 0.98321, -0.101669, 0.151531, 1.494179, 0.108046, 0.993549, -0.034441, -0.019995, 0.0, 0.0, 0.0, 1.0], [-0.112896, 0.046492, 0.992519, 2.5e-05, 0.98786, -0.102024, 0.117145, 1.510952, 0.106707, 0.993695, -0.03441, -0.019985, 0.0, 0.0, 0.0, 1.0], [-0.076171, 0.04241, 0.996192, 2.6e-05, 0.991527, -0.102209, 0.080166, 1.526492, 0.105219, 0.993859, -0.034265, -0.019974, 0.0, 0.0, 0.0, 1.0], [-0.03676, 0.037976, 0.998602, 2.6e-05, 0.993941, -0.102188, 0.040475, 1.540877, 0.103582, 0.99404, -0.03399, -0.019964, 0.0, 0.0, 0.0, 1.0], [0.005451, 0.033181, 0.999435, 2.6e-05, 0.99479, -0.101921, -0.002042, 1.554186, 0.101796, 0.994239, -0.033564, -0.019955, 0.0, 0.0, 0.0, 1.0], [0.050563, 0.028016, 0.998328, 2.6e-05, 0.993716, -0.101362, -0.047485, 1.566498, 0.099863, 0.994455, -0.032965, -0.019945, 0.0, 0.0, 0.0, 1.0], [0.098653, 0.022475, 0.994868, 2.6e-05, 0.990306, -0.100457, -0.095931, 1.577893, 0.097786, 0.994687, -0.032168, -0.019937, 0.0, 0.0, 0.0, 1.0], [0.149768, 0.016559, 0.988583, 2.6e-05, 0.984091, -0.099146, -0.147427, 1.588448, 0.095573, 0.994935, -0.031145, -0.019928, 0.0, 0.0, 0.0, 1.0], [0.203911, 0.010273, 0.978935, 2.7e-05, 0.97454, -0.09736, -0.201974, 1.598243, 0.093234, 0.995196, -0.029864, -0.01992, 0.0, 0.0, 0.0, 1.0], [0.261026, 0.003632, 0.965325, 2.7e-05, 0.961053, -0.095023, -0.259513, 1.607356, 0.090785, 0.995468, -0.028294, -0.019912, 0.0, 0.0, 0.0, 1.0], [0.320972, -0.003341, 0.947083, 2.7e-05, 0.942968, -0.092051, -0.319903, 1.615867, 0.088248, 0.995749, -0.026396, -0.019905, 0.0, 0.0, 0.0, 1.0], [0.383511, -0.010604, 0.923475, 2.7e-05, 0.919556, -0.088352, -0.382898, 1.623854, 0.085651, 0.996033, -0.024133, -0.019897, 0.0, 0.0, 0.0, 1.0], [0.448269, -0.018103, 0.893716, 2.7e-05, 0.890034, -0.08383, -0.44812, 1.631396, 0.083032, 0.996316, -0.021466, -0.019891, 0.0, 0.0, 0.0, 1.0], [0.514713, -0.025759, 0.856976, 2.7e-05, 0.853581, -0.078383, -0.51503, 1.638573, 0.080439, 0.99659, -0.018357, -0.019884, 0.0, 0.0, 0.0, 1.0], [0.582118, -0.03347, 0.812415, 2.8e-05, 0.809361, -0.07191, -0.582893, 1.645463, 0.077931, 0.996849, -0.014771, -0.019878, 0.0, 0.0, 0.0, 1.0], [0.649537, -0.041105, 0.759218, 2.8e-05, 0.756564, -0.064317, -0.650749, 1.652144, 0.07558, 0.997083, -0.010678, -0.019872, 0.0, 0.0, 0.0, 1.0], [0.715772, -0.0485, 0.696648, 2.8e-05, 0.694458, -0.055521, -0.717388, 1.658696, 0.073472, 0.997279, -0.006059, -0.019866, 0.0, 0.0, 0.0, 1.0], [0.779362, -0.055462, 0.624115, 2.8e-05, 0.622458, -0.045458, -0.781332, 1.665197, 0.071706, 0.997425, -0.000906, -0.019861, 0.0, 0.0, 0.0, 1.0], [0.838585, -0.061763, 0.541258, 2.8e-05, 0.540204, -0.034101, -0.840843, 1.671728, 0.07039, 0.997508, 0.004768, -0.019856, 0.0, 0.0, 0.0, 1.0], [0.891488, -0.067148, 0.448041, 2.8e-05, 0.44766, -0.021462, -0.893946, 1.678365, 0.069643, 0.997512, 0.010926, -0.019851, 0.0, 0.0, 0.0, 1.0], [0.935944, -0.071347, 0.344847, 2.8e-05, 0.345207, -0.007612, -0.938496, 1.685189, 0.069584, 0.997422, 0.017505, -0.019846, 0.0, 0.0, 0.0, 1.0], [0.969756, -0.074083, 0.232562, 2.8e-05, 0.233725, 0.007316, -0.972275, 1.692277, 0.070328, 0.997225, 0.024409, -0.019842, 0.0, 0.0, 0.0, 1.0], [0.990794, -0.075093, 0.112639, 2.8e-05, 0.114657, 0.023114, -0.993136, 1.69971, 0.071974, 0.996909, 0.031511, -0.019838, 0.0, 0.0, 0.0, 1.0], [0.997164, -0.07415, -0.012897, 2.8e-05, -0.009986, 0.039505, -0.999169, 1.707565, 0.074598, 0.996464, 0.038652, -0.019834, 0.0, 0.0, 0.0, 1.0], [0.987384, -0.071086, -0.141491, 2.9e-05, -0.137664, 0.056146, -0.988886, 1.715923, 0.07824, 0.995889, 0.045652, -0.019831, 0.0, 0.0, 0.0, 1.0], [0.96056, -0.065812, -0.270173, 2.9e-05, -0.265429, 0.07265, -0.961389, 1.724861, 0.082899, 0.995184, 0.052316, -0.019827, 0.0, 0.0, 0.0, 1.0], [0.916508, -0.058333, -0.39574, 2.9e-05, -0.390098, 0.088602, -0.916501, 1.734458, 0.088525, 0.994358, 0.058449, -0.019824, 0.0, 0.0, 0.0, 1.0], [0.855818, -0.048754, -0.514974, 2.9e-05, -0.508473, 0.103595, -0.854823, 1.744793, 0.095025, 0.993424, 0.063868, -0.019821, 0.0, 0.0, 0.0, 1.0], [0.779831, -0.037276, -0.624879, 2.9e-05, -0.61758, 0.117259, -0.777718, 1.755946, 0.102263, 0.992402, 0.068421, -0.019818, 0.0, 0.0, 0.0, 1.0], [0.690536, -0.024177, -0.722894, 2.9e-05, -0.714873, 0.129283, -0.687199, 1.767995, 0.110072, 0.991313, 0.071991, -0.019816, 0.0, 0.0, 0.0, 1.0], [0.590399, -0.009792, -0.807052, 2.9e-05, -0.798399, 0.139439, -0.585761, 1.781019, 0.11827, 0.990182, 0.074506, -0.019814, 0.0, 0.0, 0.0, 1.0], [0.482161, 0.005513, -0.876066, 2.9e-05, -0.866877, 0.147587, -0.476175, 1.795097, 0.12667, 0.989034, 0.07594, -0.019811, 0.0, 0.0, 0.0, 1.0], [0.368624, 0.021374, -0.929333, 2.9e-05, -0.91971, 0.153676, -0.361273, 1.810307, 0.135095, 0.98789, 0.076307, -0.019809, 0.0, 0.0, 0.0, 1.0], [0.252474, 0.037446, -0.966879, 2.9e-05, -0.956921, 0.157736, -0.243765, 1.826729, 0.143384, 0.986771, 0.075657, -0.019808, 0.0, 0.0, 0.0, 1.0], [0.13613, 0.053424, -0.98925, 2.9e-05, -0.979054, 0.159859, -0.126094, 1.844442, 0.151404, 0.985693, 0.074067, -0.019806, 0.0, 0.0, 0.0, 1.0], [0.021667, 0.069052, -0.997378, 2.9e-05, -0.987033, 0.160184, -0.010353, 1.863524, 0.159049, 0.984669, 0.071627, -0.019804, 0.0, 0.0, 0.0, 1.0], [-0.08923, 0.084125, -0.992452, 2.9e-05, -0.98204, 0.158878, 0.101761, 1.884054, 0.16624, 0.983708, 0.068438, -0.019803, 0.0, 0.0, 0.0, 1.0], [-0.195264, 0.098493, -0.975793, 2.9e-05, -0.965386, 0.156124, 0.20894, 1.906111, 0.172924, 0.982815, 0.064598, -0.019802, 0.0, 0.0, 0.0, 1.0], [-0.295486, 0.112047, -0.948754, 2.9e-05, -0.938415, 0.152102, 0.310229, 1.929774, 0.179068, 0.981993, 0.060203, -0.019801, 0.0, 0.0, 0.0, 1.0], [-0.389258, 0.124723, -0.912646, 2.9e-05, -0.90243, 0.146986, 0.404988, 1.955122, 0.184657, 0.981244, 0.055338, -0.0198, 0.0, 0.0, 0.0, 1.0], [-0.476186, 0.136484, -0.868688, 2.9e-05, -0.858641, 0.140934, 0.492822, 1.982233, 0.18969, 0.980566, 0.05008, -0.019799, 0.0, 0.0, 0.0, 1.0], [-0.556071, 0.147318, -0.817975, 2.9e-05, -0.808135, 0.134088, 0.573531, 2.011188, 0.194172, 0.979958, 0.044491, -0.019798, 0.0, 0.0, 0.0, 1.0], [-0.628849, 0.157232, -0.761464, 2.9e-05, -0.751865, 0.126567, 0.647055, 2.042064, 0.198114, 0.979418, 0.038626, -0.019797, 0.0, 0.0, 0.0, 1.0], [-0.694549, 0.166241, -0.699976, 2.9e-05, -0.690643, 0.118475, 0.713425, 2.074939, 0.20153, 0.978942, 0.032527, -0.019797, 0.0, 0.0, 0.0, 1.0], [-0.753252, 0.174366, -0.634199, 2.9e-05, -0.625155, 0.109895, 0.772725, 2.109895, 0.204433, 0.978529, 0.026227, -0.019796, 0.0, 0.0, 0.0, 1.0], [-0.805059, 0.181633, -0.564702, 2.9e-05, -0.555967, 0.100897, 0.825058, 2.147008, 0.206834, 0.978177, 0.019754, -0.019796, 0.0, 0.0, 0.0, 1.0], [-0.850067, 0.188062, -0.491954, 2.9e-05, -0.483542, 0.091533, 0.870522, 2.186358, 0.208742, 0.977883, 0.013126, -0.019796, 0.0, 0.0, 0.0, 1.0], [-0.888345, 0.193673, -0.416336, 2.9e-05, -0.408261, 0.081848, 0.909189, 2.228025, 0.210161, 0.977646, 0.00636, -0.019795, 0.0, 0.0, 0.0, 1.0], [-0.919919, 0.198477, -0.338164, 2.9e-05, -0.330438, 0.071873, 0.941087, 2.272085, 0.211089, 0.977467, -0.000533, -0.019795, 0.0, 0.0, 0.0, 1.0], [-0.944769, 0.20248, -0.257707, 2.9e-05, -0.250341, 0.061637, 0.966194, 2.31862, 0.211519, 0.977345, -0.007544, -0.019795, 0.0, 0.0, 0.0, 1.0], [-0.962808, 0.20568, -0.175207, 2.9e-05, -0.168212, 0.051161, 0.984423, 2.367707, 0.21144, 0.977281, -0.014661, -0.019795, 0.0, 0.0, 0.0, 1.0], [-0.973882, 0.208064, -0.0909, 2.9e-05, -0.084283, 0.040466, 0.99562, 2.419425, 0.21083, 0.977278, -0.021873, -0.019795, 0.0, 0.0, 0.0, 1.0], [-0.977773, 0.20961, -0.005034, 2.9e-05, 0.001194, 0.029572, 0.999563, 2.473854, 0.209667, 0.977338, -0.029165, -0.019795, 0.0, 0.0, 0.0, 1.0], [-0.974186, 0.210289, 0.082103, 2.9e-05, 0.087932, 0.018505, 0.995955, 2.531071, 0.207919, 0.977464, -0.036518, -0.019795, 0.0, 0.0, 0.0, 1.0], [-0.962767, 0.21006, 0.170161, 2.9e-05, 0.175583, 0.007294, 0.984438, 2.591157, 0.205549, 0.977661, -0.043905, -0.019795, 0.0, 0.0, 0.0, 1.0], [-0.943103, 0.208874, 0.258705, 2.9e-05, 0.26371, -0.004019, 0.964594, 2.654189, 0.202518, 0.977934, -0.051292, -0.019795, 0.0, 0.0, 0.0, 1.0], [-0.911187, 0.206577, 0.356462, 2.9e-05, 0.360743, -0.017884, 0.932494, 2.720144, 0.199007, 0.978267, -0.058226, -0.019795, 0.0, 0.0, 0.0, 1.0], [-0.859571, 0.202194, 0.469315, 2.9e-05, 0.4723, -0.036327, 0.880689, 2.788583, 0.195119, 0.978672, -0.064271, -0.019795, 0.0, 0.0, 0.0, 1.0], [-0.782977, 0.194386, 0.590899, 2.9e-05, 0.592077, -0.058431, 0.803761, 2.858963, 0.190766, 0.979183, -0.069341, -0.019795, 0.0, 0.0, 0.0, 1.0], [-0.67767, 0.181928, 0.712506, 2.9e-05, 0.711461, -0.082835, 0.697827, 2.930745, 0.185975, 0.979817, -0.0733, -0.019795, 0.0, 0.0, 0.0, 1.0], [-0.543008, 0.164004, 0.823556, 2.9e-05, 0.820013, -0.107704, 0.56212, 3.003385, 0.18089, 0.980562, -0.076002, -0.019795, 0.0, 0.0, 0.0, 1.0], [-0.382664, 0.14052, 0.913139, 2.9e-05, 0.907013, -0.130899, 0.400241, 3.076343, 0.175771, 0.981387, -0.077363, -0.019795, 0.0, 0.0, 0.0, 1.0], [-0.204761, 0.112269, 0.972352, 2.9e-05, 0.963771, -0.150357, 0.220314, 3.149075, 0.170935, 0.982236, -0.077414, -0.019795, 0.0, 0.0, 0.0, 1.0], [-0.02047, 0.080842, 0.996517, 2.9e-05, 0.985797, -0.164546, 0.033598, 3.221041, 0.166689, 0.983051, -0.076326, -0.019795, 0.0, 0.0, 0.0, 1.0], [0.158498, 0.048259, 0.986179, 2.9e-05, 0.973769, -0.172788, -0.148048, 3.2917, 0.163256, 0.983776, -0.07438, -0.019795, 0.0, 0.0, 0.0, 1.0], [0.322431, 0.016491, 0.94645, 2.9e-05, 0.932848, -0.175305, -0.314743, 3.360508, 0.160727, 0.984376, -0.071907, -0.019795, 0.0, 0.0, 0.0, 1.0], [0.465146, -0.012918, 0.88514, 2.9e-05, 0.870825, -0.172999, -0.460148, 3.426925, 0.159073, 0.984837, -0.06922, -0.019795, 0.0, 0.0, 0.0, 1.0], [0.584175, -0.039016, 0.81069, 2.9e-05, 0.796065, -0.167118, -0.58168, 3.490408, 0.158175, 0.985165, -0.066567, -0.019795, 0.0, 0.0, 0.0, 1.0], [0.680004, -0.061411, 0.730633, 2.9e-05, 0.716011, -0.158945, -0.679754, 3.550417, 0.157875, 0.985376, -0.064112, -0.019795, 0.0, 0.0, 0.0, 1.0], [0.754951, -0.080129, 0.650867, 2.9e-05, 0.636462, -0.149606, -0.75666, 3.606409, 0.158004, 0.985493, -0.061946, -0.019795, 0.0, 0.0, 0.0, 1.0], [0.81217, -0.095446, 0.575561, 2.9e-05, 0.561503, -0.139992, -0.815547, 3.657842, 0.158415, 0.985541, -0.060104, -0.019795, 0.0, 0.0, 0.0, 1.0], [0.854938, -0.107753, 0.507415, 2.9e-05, 0.493766, -0.130757, -0.859708, 3.704176, 0.158984, 0.985541, -0.058584, -0.019795, 0.0, 0.0, 0.0, 1.0], [0.886258, -0.117459, 0.448051, 2.9e-05, 0.434821, -0.122356, -0.892166, 3.744867, 0.159615, 0.985511, -0.057365, -0.019795, 0.0, 0.0, 0.0, 1.0], [0.908666, -0.124937, 0.398392, 2.9e-05, 0.385553, -0.1151, -0.915478, 3.779375, 0.160233, 0.985466, -0.056418, -0.019795, 0.0, 0.0, 0.0, 1.0], [0.924181, -0.130496, 0.358971, 2.9e-05, 0.346465, -0.109204, -0.931685, 3.807157, 0.160782, 0.985416, -0.055713, -0.019795, 0.0, 0.0, 0.0, 1.0], [0.934309, -0.13436, 0.330172, 2.9e-05, 0.317922, -0.104826, -0.942304, 3.827672, 0.161218, 0.985372, -0.055224, -0.019795, 0.0, 0.0, 0.0, 1.0], [0.940063, -0.136665, 0.312418, 2.9e-05, 0.300331, -0.1021, -0.948355, 3.840379, 0.161505, 0.985342, -0.054935, -0.019795, 0.0, 0.0, 0.0, 1.0], [0.941955, -0.137445, 0.306317, 2.9e-05, 0.294286, -0.101158, -0.950349, 3.844734, 0.161608, 0.98533, -0.054838, -0.019795, 0.0, 0.0, 0.0, 1.0], [0.941955, -0.137445, 0.306317, 2.9e-05, 0.294286, -0.101158, -0.950349, 3.844734, 0.161608, 0.98533, -0.054838, -0.019795, 0.0, 0.0, 0.0, 1.0], [0.941955, -0.137445, 0.306317, 2.9e-05, 0.294286, -0.101158, -0.950349, 3.844734, 0.161608, 0.98533, -0.054838, -0.019795, 0.0, 0.0, 0.0, 1.0], [0.941955, -0.137445, 0.306317, 2.9e-05, 0.294286, -0.101158, -0.950349, 3.844734, 0.161608, 0.98533, -0.054838, -0.019795, 0.0, 0.0, 0.0, 1.0], [0.941955, -0.137445, 0.306317, 2.9e-05, 0.294286, -0.101158, -0.950349, 3.844734, 0.161608, 0.98533, -0.054838, -0.019795, 0.0, 0.0, 0.0, 1.0], [0.941955, -0.137445, 0.306317, 2.9e-05, 0.294286, -0.101158, -0.950349, 3.844734, 0.161608, 0.98533, -0.054838, -0.019795, 0.0, 0.0, 0.0, 1.0], [0.941955, -0.137445, 0.306317, 2.9e-05, 0.294286, -0.101158, -0.950349, 3.844734, 0.161608, 0.98533, -0.054838, -0.019795, 0.0, 0.0, 0.0, 1.0], [0.941955, -0.137445, 0.306317, 2.9e-05, 0.294286, -0.101158, -0.950349, 3.844734, 0.161608, 0.98533, -0.054838, -0.019795, 0.0, 0.0, 0.0, 1.0], [0.941955, -0.137445, 0.306317, 2.9e-05, 0.294286, -0.101158, -0.950349, 3.844734, 0.161608, 0.98533, -0.054838, -0.019795, 0.0, 0.0, 0.0, 1.0], [0.941955, -0.137445, 0.306317, 2.9e-05, 0.294286, -0.101158, -0.950349, 3.844734, 0.161608, 0.98533, -0.054838, -0.019795, 0.0, 0.0, 0.0, 1.0], [0.941955, -0.137445, 0.306317, 2.9e-05, 0.294286, -0.101158, -0.950349, 3.844734, 0.161608, 0.98533, -0.054838, -0.019795, 0.0, 0.0, 0.0, 1.0], [0.941955, -0.137445, 0.306317, 2.9e-05, 0.294286, -0.101158, -0.950349, 3.844734, 0.161608, 0.98533, -0.054838, -0.019795, 0.0, 0.0, 0.0, 1.0], [0.941955, -0.137445, 0.306317, 2.9e-05, 0.294286, -0.101158, -0.950349, 3.844734, 0.161608, 0.98533, -0.054838, -0.019795, 0.0, 0.0, 0.0, 1.0], [0.941955, -0.137445, 0.306317, 2.9e-05, 0.294286, -0.101158, -0.950349, 3.844734, 0.161608, 0.98533, -0.054838, -0.019795, 0.0, 0.0, 0.0, 1.0], [0.941955, -0.137445, 0.306317, 2.9e-05, 0.294286, -0.101158, -0.950349, 3.844734, 0.161608, 0.98533, -0.054838, -0.019795, 0.0, 0.0, 0.0, 1.0], [0.941955, -0.137445, 0.306317, 2.9e-05, 0.294286, -0.101158, -0.950349, 3.844734, 0.161608, 0.98533, -0.054838, -0.019795, 0.0, 0.0, 0.0, 1.0], [0.941955, -0.137445, 0.306317, 2.9e-05, 0.294286, -0.101158, -0.950349, 3.844734, 0.161608, 0.98533, -0.054838, -0.019795, 0.0, 0.0, 0.0, 1.0], [0.941955, -0.137445, 0.306317, 2.9e-05, 0.294286, -0.101159, -0.950349, 3.844734, 0.161608, 0.98533, -0.054838, -0.019795, 0.0, 0.0, 0.0, 1.0], [0.941955, -0.137445, 0.306317, 2.9e-05, 0.294286, -0.101158, -0.950349, 3.844734, 0.161608, 0.98533, -0.054838, -0.019795, 0.0, 0.0, 0.0, 1.0], [0.941955, -0.137445, 0.306317, 2.9e-05, 0.294286, -0.101158, -0.950349, 3.844734, 0.161608, 0.98533, -0.054838, -0.019795, 0.0, 0.0, 0.0, 1.0], [0.941955, -0.137445, 0.306317, 2.9e-05, 0.294286, -0.101159, -0.950349, 3.844734, 0.161608, 0.98533, -0.054838, -0.019795, 0.0, 0.0, 0.0, 1.0], [0.941955, -0.137445, 0.306317, 2.9e-05, 0.294286, -0.101158, -0.950349, 3.844734, 0.161608, 0.98533, -0.054838, -0.019795, 0.0, 0.0, 0.0, 1.0], [0.941955, -0.137445, 0.306317, 2.9e-05, 0.294286, -0.101158, -0.950349, 3.844734, 0.161608, 0.98533, -0.054838, -0.019795, 0.0, 0.0, 0.0, 1.0], [0.941955, -0.137445, 0.306317, 2.9e-05, 0.294286, -0.101159, -0.950349, 3.844734, 0.161608, 0.98533, -0.054838, -0.019795, 0.0, 0.0, 0.0, 1.0], [0.941955, -0.137445, 0.306317, 2.9e-05, 0.294286, -0.101158, -0.950349, 3.844734, 0.161608, 0.98533, -0.054838, -0.019795, 0.0, 0.0, 0.0, 1.0], [0.941955, -0.137445, 0.306317, 2.9e-05, 0.294286, -0.101158, -0.950349, 3.844734, 0.161608, 0.98533, -0.054838, -0.019795, 0.0, 0.0, 0.0, 1.0], [0.941955, -0.137445, 0.306317, 2.9e-05, 0.294286, -0.101159, -0.950349, 3.844734, 0.161608, 0.98533, -0.054838, -0.019795, 0.0, 0.0, 0.0, 1.0], [0.941955, -0.137445, 0.306317, 2.9e-05, 0.294286, -0.101158, -0.950349, 3.844734, 0.161608, 0.98533, -0.054838, -0.019795, 0.0, 0.0, 0.0, 1.0], [0.941955, -0.137445, 0.306317, 2.9e-05, 0.294286, -0.101158, -0.950349, 3.844734, 0.161608, 0.98533, -0.054838, -0.019795, 0.0, 0.0, 0.0, 1.0], [0.941955, -0.137445, 0.306317, 2.9e-05, 0.294286, -0.101159, -0.950349, 3.844734, 0.161608, 0.98533, -0.054838, -0.019795, 0.0, 0.0, 0.0, 1.0], [0.941955, -0.137445, 0.306317, 2.9e-05, 0.294286, -0.101158, -0.950349, 3.844734, 0.161608, 0.98533, -0.054838, -0.019795, 0.0, 0.0, 0.0, 1.0], [0.941955, -0.137445, 0.306317, 2.9e-05, 0.294286, -0.101158, -0.950349, 3.844734, 0.161608, 0.98533, -0.054838, -0.019795, 0.0, 0.0, 0.0, 1.0], [0.941955, -0.137445, 0.306317, 2.9e-05, 0.294286, -0.101159, -0.950349, 3.844734, 0.161608, 0.98533, -0.054838, -0.019795, 0.0, 0.0, 0.0, 1.0], [0.941955, -0.137445, 0.306317, 2.9e-05, 0.294286, -0.101158, -0.950349, 3.844734, 0.161608, 0.98533, -0.054838, -0.019795, 0.0, 0.0, 0.0, 1.0], [0.941955, -0.137445, 0.306317, 2.9e-05, 0.294286, -0.101158, -0.950349, 3.844734, 0.161608, 0.98533, -0.054838, -0.019795, 0.0, 0.0, 0.0, 1.0], [0.941955, -0.137445, 0.306317, 2.9e-05, 0.294286, -0.101159, -0.950349, 3.844734, 0.161608, 0.98533, -0.054838, -0.019795, 0.0, 0.0, 0.0, 1.0], [0.941955, -0.137445, 0.306317, 2.9e-05, 0.294286, -0.101158, -0.950349, 3.844734, 0.161608, 0.98533, -0.054838, -0.019795, 0.0, 0.0, 0.0, 1.0], [0.941955, -0.137445, 0.306317, 2.9e-05, 0.294286, -0.101158, -0.950349, 3.844734, 0.161608, 0.98533, -0.054838, -0.019795, 0.0, 0.0, 0.0, 1.0], [0.941955, -0.137445, 0.306317, 2.9e-05, 0.294286, -0.101159, -0.950349, 3.844734, 0.161608, 0.98533, -0.054838, -0.019795, 0.0, 0.0, 0.0, 1.0], [0.941955, -0.137445, 0.306317, 2.9e-05, 0.294286, -0.101158, -0.950349, 3.844734, 0.161608, 0.98533, -0.054838, -0.019795, 0.0, 0.0, 0.0, 1.0], [0.941955, -0.137445, 0.306317, 2.9e-05, 0.294286, -0.101158, -0.950349, 3.844734, 0.161608, 0.98533, -0.054838, -0.019795, 0.0, 0.0, 0.0, 1.0], [0.941955, -0.137445, 0.306317, 2.9e-05, 0.294286, -0.101159, -0.950349, 3.844734, 0.161608, 0.98533, -0.054838, -0.019795, 0.0, 0.0, 0.0, 1.0], [0.941955, -0.137445, 0.306317, 2.9e-05, 0.294286, -0.101158, -0.950349, 3.844734, 0.161608, 0.98533, -0.054838, -0.019795, 0.0, 0.0, 0.0, 1.0], [0.941955, -0.137445, 0.306317, 2.9e-05, 0.294286, -0.101158, -0.950349, 3.844734, 0.161608, 0.98533, -0.054838, -0.019795, 0.0, 0.0, 0.0, 1.0], [0.941955, -0.137445, 0.306317, 2.9e-05, 0.294286, -0.101159, -0.950349, 3.844734, 0.161608, 0.98533, -0.054838, -0.019795, 0.0, 0.0, 0.0, 1.0], [0.941955, -0.137445, 0.306317, 2.9e-05, 0.294286, -0.101158, -0.950349, 3.844734, 0.161608, 0.98533, -0.054838, -0.019795, 0.0, 0.0, 0.0, 1.0], [0.941955, -0.137445, 0.306317, 2.9e-05, 0.294286, -0.101158, -0.950349, 3.844734, 0.161608, 0.98533, -0.054838, -0.019795, 0.0, 0.0, 0.0, 1.0], [0.941955, -0.137445, 0.306317, 2.9e-05, 0.294286, -0.101159, -0.950349, 3.844734, 0.161608, 0.98533, -0.054838, -0.019795, 0.0, 0.0, 0.0, 1.0], [0.941955, -0.137445, 0.306317, 2.9e-05, 0.294286, -0.101158, -0.950349, 3.844734, 0.161608, 0.98533, -0.054838, -0.019795, 0.0, 0.0, 0.0, 1.0], [0.941955, -0.137445, 0.306317, 2.9e-05, 0.294286, -0.101158, -0.950349, 3.844734, 0.161608, 0.98533, -0.054838, -0.019795, 0.0, 0.0, 0.0, 1.0], [0.941955, -0.137445, 0.306317, 2.9e-05, 0.294286, -0.101159, -0.950349, 3.844734, 0.161608, 0.98533, -0.054838, -0.019795, 0.0, 0.0, 0.0, 1.0], [0.941955, -0.137445, 0.306317, 2.9e-05, 0.294286, -0.101158, -0.950349, 3.844734, 0.161608, 0.98533, -0.054838, -0.019795, 0.0, 0.0, 0.0, 1.0], [0.941955, -0.137445, 0.306317, 2.9e-05, 0.294286, -0.101158, -0.950349, 3.844734, 0.161608, 0.98533, -0.054838, -0.019795, 0.0, 0.0, 0.0, 1.0], [0.941955, -0.137445, 0.306317, 2.9e-05, 0.294286, -0.101159, -0.950349, 3.844734, 0.161608, 0.98533, -0.054838, -0.019795, 0.0, 0.0, 0.0, 1.0], [0.941955, -0.137445, 0.306317, 2.9e-05, 0.294286, -0.101158, -0.950349, 3.844734, 0.161608, 0.98533, -0.054838, -0.019795, 0.0, 0.0, 0.0, 1.0], [0.941955, -0.137445, 0.306317, 2.9e-05, 0.294286, -0.101158, -0.950349, 3.844734, 0.161608, 0.98533, -0.054838, -0.019795, 0.0, 0.0, 0.0, 1.0], [0.941955, -0.137445, 0.306317, 2.9e-05, 0.294286, -0.101159, -0.950349, 3.844734, 0.161608, 0.98533, -0.054838, -0.019795, 0.0, 0.0, 0.0, 1.0], [0.941955, -0.137445, 0.306317, 2.9e-05, 0.294286, -0.101158, -0.950349, 3.844734, 0.161608, 0.98533, -0.054838, -0.019795, 0.0, 0.0, 0.0, 1.0], [0.941955, -0.137445, 0.306317, 2.9e-05, 0.294286, -0.101158, -0.950349, 3.844734, 0.161608, 0.98533, -0.054838, -0.019795, 0.0, 0.0, 0.0, 1.0], [0.941955, -0.137445, 0.306317, 2.9e-05, 0.294286, -0.101159, -0.950349, 3.844734, 0.161608, 0.98533, -0.054838, -0.019795, 0.0, 0.0, 0.0, 1.0], [0.941955, -0.137445, 0.306317, 2.9e-05, 0.294286, -0.101158, -0.950349, 3.844734, 0.161608, 0.98533, -0.054838, -0.019795, 0.0, 0.0, 0.0, 1.0], [0.941955, -0.137445, 0.306317, 2.9e-05, 0.294286, -0.101158, -0.950349, 3.844734, 0.161608, 0.98533, -0.054838, -0.019795, 0.0, 0.0, 0.0, 1.0], [0.941955, -0.137445, 0.306317, 2.9e-05, 0.294286, -0.101159, -0.950349, 3.844734, 0.161608, 0.98533, -0.054838, -0.019795, 0.0, 0.0, 0.0, 1.0], [0.941955, -0.137445, 0.306317, 2.9e-05, 0.294286, -0.101158, -0.950349, 3.844734, 0.161608, 0.98533, -0.054838, -0.019795, 0.0, 0.0, 0.0, 1.0], [0.941955, -0.137445, 0.306317, 2.9e-05, 0.294286, -0.101158, -0.950349, 3.844734, 0.161608, 0.98533, -0.054838, -0.019795, 0.0, 0.0, 0.0, 1.0], [0.941955, -0.137445, 0.306317, 2.9e-05, 0.294286, -0.101159, -0.950349, 3.844734, 0.161608, 0.98533, -0.054838, -0.019795, 0.0, 0.0, 0.0, 1.0], [0.941955, -0.137445, 0.306317, 2.9e-05, 0.294286, -0.101158, -0.950349, 3.844734, 0.161608, 0.98533, -0.054838, -0.019795, 0.0, 0.0, 0.0, 1.0], [0.941955, -0.137445, 0.306317, 2.9e-05, 0.294286, -0.101158, -0.950349, 3.844734, 0.161608, 0.98533, -0.054838, -0.019795, 0.0, 0.0, 0.0, 1.0], [0.941955, -0.137445, 0.306317, 2.9e-05, 0.294286, -0.101159, -0.950349, 3.844734, 0.161608, 0.98533, -0.054838, -0.019795, 0.0, 0.0, 0.0, 1.0], [0.941955, -0.137445, 0.306317, 2.9e-05, 0.294286, -0.101158, -0.950349, 3.844734, 0.161608, 0.98533, -0.054838, -0.019795, 0.0, 0.0, 0.0, 1.0], [0.941955, -0.137445, 0.306317, 2.9e-05, 0.294286, -0.101158, -0.950349, 3.844734, 0.161608, 0.98533, -0.054838, -0.019795, 0.0, 0.0, 0.0, 1.0], [0.941955, -0.137445, 0.306317, 2.9e-05, 0.294286, -0.101159, -0.950349, 3.844734, 0.161608, 0.98533, -0.054838, -0.019795, 0.0, 0.0, 0.0, 1.0], [0.941955, -0.137445, 0.306317, 2.9e-05, 0.294286, -0.101158, -0.950349, 3.844734, 0.161608, 0.98533, -0.054838, -0.019795, 0.0, 0.0, 0.0, 1.0], [0.941955, -0.137445, 0.306317, 2.9e-05, 0.294286, -0.101158, -0.950349, 3.844734, 0.161608, 0.98533, -0.054838, -0.019795, 0.0, 0.0, 0.0, 1.0], [0.941955, -0.137445, 0.306317, 2.9e-05, 0.294286, -0.101159, -0.950349, 3.844734, 0.161608, 0.98533, -0.054838, -0.019795, 0.0, 0.0, 0.0, 1.0], [0.941955, -0.137445, 0.306317, 2.9e-05, 0.294286, -0.101158, -0.950349, 3.844734, 0.161608, 0.98533, -0.054838, -0.019795, 0.0, 0.0, 0.0, 1.0], [0.941955, -0.137445, 0.306317, 2.9e-05, 0.294286, -0.101158, -0.950349, 3.844734, 0.161608, 0.98533, -0.054838, -0.019795, 0.0, 0.0, 0.0, 1.0], [0.941955, -0.137445, 0.306317, 2.9e-05, 0.294286, -0.101159, -0.950349, 3.844734, 0.161608, 0.98533, -0.054838, -0.019795, 0.0, 0.0, 0.0, 1.0], [0.941955, -0.137445, 0.306317, 2.9e-05, 0.294286, -0.101158, -0.950349, 3.844734, 0.161608, 0.98533, -0.054838, -0.019795, 0.0, 0.0, 0.0, 1.0], [0.941955, -0.137445, 0.306317, 2.9e-05, 0.294286, -0.101158, -0.950349, 3.844734, 0.161608, 0.98533, -0.054838, -0.019795, 0.0, 0.0, 0.0, 1.0], [0.941955, -0.137445, 0.306317, 2.9e-05, 0.294286, -0.101159, -0.950349, 3.844734, 0.161608, 0.98533, -0.054838, -0.019795, 0.0, 0.0, 0.0, 1.0], [0.941955, -0.137445, 0.306317, 2.9e-05, 0.294286, -0.101158, -0.950349, 3.844734, 0.161608, 0.98533, -0.054838, -0.019795, 0.0, 0.0, 0.0, 1.0], [0.941955, -0.137445, 0.306317, 2.9e-05, 0.294286, -0.101158, -0.950349, 3.844734, 0.161608, 0.98533, -0.054838, -0.019795, 0.0, 0.0, 0.0, 1.0], [0.941955, -0.137445, 0.306317, 2.9e-05, 0.294286, -0.101159, -0.950349, 3.844734, 0.161608, 0.98533, -0.054838, -0.019795, 0.0, 0.0, 0.0, 1.0], [0.941955, -0.137445, 0.306317, 2.9e-05, 0.294286, -0.101158, -0.950349, 3.844734, 0.161608, 0.98533, -0.054838, -0.019795, 0.0, 0.0, 0.0, 1.0], [0.941955, -0.137445, 0.306317, 2.9e-05, 0.294286, -0.101158, -0.950349, 3.844734, 0.161608, 0.98533, -0.054838, -0.019795, 0.0, 0.0, 0.0, 1.0], [0.941955, -0.137445, 0.306317, 2.9e-05, 0.294286, -0.101159, -0.950349, 3.844734, 0.161608, 0.98533, -0.054838, -0.019795, 0.0, 0.0, 0.0, 1.0], [0.941955, -0.137445, 0.306317, 2.9e-05, 0.294286, -0.101158, -0.950349, 3.844734, 0.161608, 0.98533, -0.054838, -0.019795, 0.0, 0.0, 0.0, 1.0], [0.941955, -0.137445, 0.306317, 2.9e-05, 0.294286, -0.101158, -0.950349, 3.844734, 0.161608, 0.98533, -0.054838, -0.019795, 0.0, 0.0, 0.0, 1.0], [0.941955, -0.137445, 0.306317, 2.9e-05, 0.294286, -0.101159, -0.950349, 3.844734, 0.161608, 0.98533, -0.054838, -0.019795, 0.0, 0.0, 0.0, 1.0], [0.941955, -0.137445, 0.306317, 2.9e-05, 0.294286, -0.101158, -0.950349, 3.844734, 0.161608, 0.98533, -0.054838, -0.019795, 0.0, 0.0, 0.0, 1.0], [0.941955, -0.137445, 0.306317, 2.9e-05, 0.294286, -0.101158, -0.950349, 3.844734, 0.161608, 0.98533, -0.054838, -0.019795, 0.0, 0.0, 0.0, 1.0], [0.941955, -0.137445, 0.306317, 2.9e-05, 0.294286, -0.101159, -0.950349, 3.844734, 0.161608, 0.98533, -0.054838, -0.019795, 0.0, 0.0, 0.0, 1.0], [0.941955, -0.137445, 0.306317, 2.9e-05, 0.294286, -0.101158, -0.950349, 3.844734, 0.161608, 0.98533, -0.054838, -0.019795, 0.0, 0.0, 0.0, 1.0], [0.941955, -0.137445, 0.306317, 2.9e-05, 0.294