{
  "constructor": {
    "invocation_command": "(0.55#F,epicfight:biped/claw_twohand_auto_4#java.lang.String,epicfight:entity/biped#yesman.epicfight.api.model.Armature,[(0.0#F,0.5#F,0.2#F,0.5#F,0.2#F,2.0#F,MAIN_HAND#net.minecraft.world.InteractionHand,epicfight:entity/biped.Arm_R#yesman.epicfight.api.animation.Joint,(3#IMeshRenderBoost,0.4d#D,0.4d#D,0.6d#D,0.0d#D,0.0d#D,-0.1d#D)#yesman.epicfight.api.collider.MultiOBBCollider),(2.0#F,2.0#F,0.5#F,0.8#F,0.5#F,0.7#F,OFF_HAND#net.minecraft.world.InteractionHand,epicfight:entity/biped.Hand_L#yesman.epicfight.api.animation.Joint,(3#IMeshRenderBoost,0.4d#D,0.4d#D,0.6d#D,0.0d#D,0.0d#D,-0.1d#D)#yesman.epicfight.api.collider.MultiOBBCollider),(0.7#F,0.7#F,0.7#F,1.2#F,1.0#F,1.0#F,MAIN_HAND#net.minecraft.world.InteractionHand,epicfight:entity/biped.Leg_R#yesman.epicfight.api.animation.Joint,null#yesman.epicfight.api.collider.Collider)]#yesman.epicfight.api.animation.types.AttackAnimation$Phase)#yesman.epicfight.api.animation.types.AttackAnimation"
  },
  "animation": [
    {
      "name": "Root",
      "time": [
        0.0,
        0.0083,
        0.0167,
        0.025,
        0.0333,
        0.0417,
        0.05,
        0.0583,
        0.0667,
        0.075,
        0.0833,
        0.0917,
        0.1,
        0.1083,
        0.1167,
        0.125,
        0.1333,
        0.1417,
        0.15,
        0.1583,
        0.1667,
        0.175,
        0.1833,
        0.1917,
        0.2,
        0.2083,
        0.2167,
        0.225,
        0.2333,
        0.2417,
        0.25,
        0.2583,
        0.2667,
        0.275,
        0.2833,
        0.2917,
        0.3,
        0.3083,
        0.3167,
        0.325,
        0.3333,
        0.3417,
        0.35,
        0.3583,
        0.3667,
        0.375,
        0.3833,
        0.3917,
        0.4,
        0.4083,
        0.4167,
        0.425,
        0.4333,
        0.4417,
        0.45,
        0.4583,
        0.4667,
        0.475,
        0.4833,
        0.4917,
        0.5,
        0.5083,
        0.5167,
        0.525,
        0.5333,
        0.5417,
        0.55,
        0.5583,
        0.5667,
        0.575,
        0.5833,
        0.5917,
        0.6,
        0.6083,
        0.6167,
        0.625,
        0.6333,
        0.6417,
        0.65,
        0.6583,
        0.6667,
        0.675,
        0.6833,
        0.6917,
        0.7,
        0.7083,
        0.7167,
        0.725,
        0.7333,
        0.7417,
        0.75,
        0.7583,
        0.7667,
        0.775,
        0.7833,
        0.7917,
        0.8,
        0.8083,
        0.8167,
        0.825,
        0.8333,
        0.8417,
        0.85,
        0.8583,
        0.8667,
        0.875,
        0.8833,
        0.8917,
        0.9,
        0.9083,
        0.9167,
        0.925,
        0.9333,
        0.9417,
        0.95,
        0.9583,
        0.9667,
        0.975,
        0.9833,
        0.9917,
        1.0,
        1.0083,
        1.0167,
        1.025,
        1.0333,
        1.0417,
        1.05,
        1.0583,
        1.0667,
        1.075,
        1.0833,
        1.0917,
        1.1,
        1.1083,
        1.1167,
        1.125,
        1.1333,
        1.1417,
        1.15,
        1.1583,
        1.1667,
        1.175,
        1.1833,
        1.1917,
        1.2,
        1.2083,
        1.2167,
        1.225,
        1.2333,
        1.2417,
        1.25,
        1.2583,
        1.2667,
        1.275,
        1.2833,
        1.2917,
        1.3,
        1.3083,
        1.3167,
        1.325,
        1.3333,
        1.3417,
        1.35,
        1.3583,
        1.3667,
        1.375,
        1.3833,
        1.3917,
        1.4,
        1.4083,
        1.4167,
        1.425,
        1.4333,
        1.4417,
        1.45,
        1.4583,
        1.4667,
        1.475,
        1.4833,
        1.4917,
        1.5,
        1.5083,
        1.5167,
        1.525,
        1.5333,
        1.5417,
        1.55,
        1.5583,
        1.5667,
        1.575,
        1.5833,
        1.5917,
        1.6,
        1.6083,
        1.6167,
        1.625,
        1.6333,
        1.6417,
        1.65,
        1.6583,
        1.6667,
        1.675,
        1.6833,
        1.6917,
        1.7,
        1.7083,
        1.7167,
        1.725,
        1.7333,
        1.7417,
        1.75,
        1.7583,
        1.7667,
        1.775,
        1.7833,
        1.7917,
        1.8,
        1.8083,
        1.8167,
        1.825,
        1.8333,
        1.8417,
        1.85,
        1.8583,
        1.8667,
        1.875,
        1.8833,
        1.8917,
        1.9,
        1.9083,
        1.9167,
        1.925,
        1.9333,
        1.9417,
        1.95,
        1.9583,
        1.9667,
        1.975,
        1.9833,
        1.9917,
        2.0,
        2.0083,
        2.0167,
        2.025,
        2.0333,
        2.0417,
        2.05,
        2.0583,
        2.0667,
        2.075,
        2.0833,
        2.0917,
        2.1,
        2.1083,
        2.1167,
        2.125,
        2.1333,
        2.1417,
        2.15,
        2.1583,
        2.1667,
        2.175,
        2.1833,
        2.1917,
        2.2,
        2.2083,
        2.2167,
        2.225,
        2.2333,
        2.2417,
        2.25,
        2.2583,
        2.2667,
        2.275,
        2.2833,
        2.2917,
        2.3,
        2.3083,
        2.3167,
        2.325,
        2.3333,
        2.3417,
        2.35,
        2.3583,
        2.3667,
        2.375,
        2.3833,
        2.3917,
        2.4,
        2.4083,
        2.4167,
        2.425,
        2.4333,
        2.4417,
        2.45,
        2.4583
      ],
      "transform": [
        [
          0.545226,
          -0.169467,
          -0.820981,
          -5e-06,
          -0.83627,
          -0.177889,
          -0.51866,
          0.011508,
          -0.058147,
          0.969349,
          -0.23871,
          0.662639,
          0.0,
          0.0,
          0.0,
          1.0
        ],
        [
          0.545226,
          -0.169467,
          -0.820981,
          -5e-06,
          -0.83627,
          -0.177889,
          -0.51866,
          0.011508,
          -0.058147,
          0.969349,
          -0.23871,
          0.662639,
          0.0,
          0.0,
          0.0,
          1.0
        ],
        [
          0.519548,
          -0.16312,
          -0.838726,
          0.002438,
          -0.853193,
          -0.15208,
          -0.498932,
          0.034022,
          -0.046167,
          0.974815,
          -0.218186,
          0.648604,
          0.0,
          0.0,
          0.0,
          1.0
        ],
        [
          0.488769,
          -0.156708,
          -0.858224,
          0.004879,
          -0.871803,
          -0.124523,
          -0.473765,
          0.056809,
          -0.032626,
          0.979764,
          -0.197481,
          0.634199,
          0.0,
          0.0,
          0.0,
          1.0
        ],
        [
          0.453521,
          -0.149801,
          -0.878566,
          0.007319,
          -0.891074,
          -0.095592,
          -0.443678,
          0.079821,
          -0.01752,
          0.984084,
          -0.176837,
          0.619489,
          0.0,
          0.0,
          0.0,
          1.0
        ],
        [
          0.414515,
          -0.142033,
          -0.89889,
          0.009757,
          -0.910042,
          -0.065673,
          -0.40928,
          0.10301,
          -0.000902,
          0.987681,
          -0.156478,
          0.604539,
          0.0,
          0.0,
          0.0,
          1.0
        ],
        [
          0.372558,
          -0.133116,
          -0.918412,
          0.012194,
          -0.927851,
          -0.035175,
          -0.371289,
          0.126327,
          0.01712,
          0.990476,
          -0.136617,
          0.589414,
          0.0,
          0.0,
          0.0,
          1.0
        ],
        [
          0.328546,
          -0.122851,
          -0.936464,
          0.014631,
          -0.943787,
          -0.004515,
          -0.330522,
          0.149725,
          0.036376,
          0.992415,
          -0.117429,
          0.57418,
          0.0,
          0.0,
          0.0,
          1.0
        ],
        [
          0.283455,
          -0.111126,
          -0.952525,
          0.017068,
          -0.957311,
          0.025885,
          -0.287899,
          0.173154,
          0.056649,
          0.993469,
          -0.099045,
          0.558903,
          0.0,
          0.0,
          0.0,
          1.0
        ],
        [
          0.23833,
          -0.097931,
          -0.966234,
          0.019504,
          -0.968073,
          0.055617,
          -0.24442,
          0.196568,
          0.077675,
          0.993638,
          -0.081549,
          0.543647,
          0.0,
          0.0,
          0.0,
          1.0
        ],
        [
          0.194255,
          -0.083345,
          -0.977404,
          0.021941,
          -0.975927,
          0.084297,
          -0.201149,
          0.219917,
          0.099156,
          0.992949,
          -0.064963,
          0.528479,
          0.0,
          0.0,
          0.0,
          1.0
        ],
        [
          0.152324,
          -0.067529,
          -0.986021,
          0.024379,
          -0.980925,
          0.111576,
          -0.159178,
          0.243154,
          0.120765,
          0.991459,
          -0.049245,
          0.513463,
          0.0,
          0.0,
          0.0,
          1.0
        ],
        [
          0.113625,
          -0.050722,
          -0.992228,
          0.026818,
          -0.983301,
          0.137157,
          -0.119615,
          0.26623,
          0.142158,
          0.98925,
          -0.03429,
          0.498665,
          0.0,
          0.0,
          0.0,
          1.0
        ],
        [
          0.079214,
          -0.033221,
          -0.996304,
          0.029259,
          -0.983444,
          0.160799,
          -0.083553,
          0.289098,
          0.162981,
          0.986428,
          -0.019934,
          0.484151,
          0.0,
          0.0,
          0.0,
          1.0
        ],
        [
          0.050096,
          -0.015368,
          -0.998626,
          0.031701,
          -0.98186,
          0.18232,
          -0.052061,
          0.311708,
          0.182869,
          0.983119,
          -0.005956,
          0.469986,
          0.0,
          0.0,
          0.0,
          1.0
        ],
        [
          0.027228,
          0.002468,
          -0.999626,
          0.034145,
          -0.979121,
          0.201587,
          -0.026171,
          0.334014,
          0.201447,
          0.979468,
          0.007906,
          0.456235,
          0.0,
          0.0,
          0.0,
          1.0
        ],
        [
          0.011516,
          0.019902,
          -0.999736,
          0.036592,
          -0.975806,
          0.218528,
          -0.006891,
          0.355966,
          0.218333,
          0.975628,
          0.021937,
          0.442964,
          0.0,
          0.0,
          0.0,
          1.0
        ],
        [
          0.00382,
          0.036549,
          -0.999325,
          0.039041,
          -0.972442,
          0.233096,
          0.004808,
          0.377516,
          0.233114,
          0.971767,
          0.036432,
          0.430238,
          0.0,
          0.0,
          0.0,
          1.0
        ],
        [
          0.004968,
          0.052039,
          -0.998633,
          0.041493,
          -0.969423,
          0.245267,
          0.007958,
          0.398617,
          0.245346,
          0.968058,
          0.051666,
          0.418123,
          0.0,
          0.0,
          0.0,
          1.0
        ],
        [
          0.015762,
          0.066023,
          -0.997694,
          0.043949,
          -0.966937,
          0.255012,
          0.0016,
          0.41922,
          0.254529,
          0.964681,
          0.067859,
          0.406684,
          0.0,
          0.0,
          0.0,
          1.0
        ],
        [
          0.036984,
          0.078193,
          -0.996252,
          0.046408,
          -0.964874,
          0.26227,
          -0.015235,
          0.439276,
          0.260096,
          0.961821,
          0.085146,
          0.395987,
          0.0,
          0.0,
          0.0,
          1.0
        ],
        [
          0.06938,
          0.088289,
          -0.993676,
          0.048872,
          -0.962734,
          0.266927,
          -0.043503,
          0.458739,
          0.261398,
          0.959664,
          0.103518,
          0.386096,
          0.0,
          0.0,
          0.0,
          1.0
        ],
        [
          0.126104,
          0.094279,
          -0.987527,
          0.050825,
          -0.95929,
          0.265175,
          -0.097182,
          0.477315,
          0.252705,
          0.95958,
          0.123881,
          0.377737,
          0.0,
          0.0,
          0.0,
          1.0
        ],
        [
          0.215337,
          0.095549,
          -0.971854,
          0.051942,
          -0.949228,
          0.2542,
          -0.185332,
          0.494792,
          0.229337,
          0.96242,
          0.145436,
          0.371406,
          0.0,
          0.0,
          0.0,
          1.0
        ],
        [
          0.329362,
          0.094563,
          -0.939457,
          0.052503,
          -0.92436,
          0.235206,
          -0.300394,
          0.511238,
          0.192559,
          0.967335,
          0.164878,
          0.366831,
          0.0,
          0.0,
          0.0,
          1.0
        ],
        [
          0.458751,
          0.094078,
          -0.88357,
          0.052788,
          -0.876738,
          0.209623,
          -0.432884,
          0.526723,
          0.144492,
          0.973246,
          0.178647,
          0.363741,
          0.0,
          0.0,
          0.0,
          1.0
        ],
        [
          0.592435,
          0.096618,
          -0.799803,
          0.05308,
          -0.800764,
          0.179442,
          -0.57147,
          0.541315,
          0.088304,
          0.979012,
          0.183676,
          0.361863,
          0.0,
          0.0,
          0.0,
          1.0
        ],
        [
          0.718658,
          0.103987,
          -0.687544,
          0.053659,
          -0.694797,
          0.147286,
          -0.703963,
          0.555085,
          0.028062,
          0.983612,
          0.178098,
          0.360924,
          0.0,
          0.0,
          0.0,
          1.0
        ],
        [
          0.826569,
          0.116906,
          -0.55056,
          0.054806,
          -0.561939,
          0.116217,
          -0.818974,
          0.5681,
          -0.031759,
          0.98632,
          0.161755,
          0.360651,
          0.0,
          0.0,
          0.0,
          1.0
        ],
        [
          0.908043,
          0.134847,
          -0.396578,
          0.056802,
          -0.409745,
          0.089328,
          -0.907816,
          0.58043,
          -0.086991,
          0.986832,
          0.136366,
          0.360773,
          0.0,
          0.0,
          0.0,
          1.0
        ],
        [
          0.959136,
          0.156137,
          -0.235964,
          0.059927,
          -0.248941,
          0.069286,
          -0.966037,
          0.592145,
          -0.134485,
          0.985302,
          0.105324,
          0.361016,
          0.0,
          0.0,
          0.0,
          1.0
        ],
        [
          0.980729,
          0.178287,
          -0.079899,
          0.064464,
          -0.091524,
          0.057944,
          -0.994116,
          0.603313,
          -0.172608,
          0.982271,
          0.073145,
          0.361109,
          0.0,
          0.0,
          0.0,
          1.0
        ],
        [
          0.978181,
          0.19848,
          0.061372,
          0.070692,
          0.051162,
          0.056174,
          -0.997109,
          0.614004,
          -0.201354,
          0.978494,
          0.044793,
          0.360778,
          0.0,
          0.0,
          0.0,
          1.0
        ],
        [
          0.960147,
          0.214072,
          0.179696,
          0.078894,
          0.169793,
          0.063941,
          -0.983403,
          0.624287,
          -0.222009,
          0.974723,
          0.025045,
          0.359752,
          0.0,
          0.0,
          0.0,
          1.0
        ],
        [
          0.934858,
          0.222958,
          0.276279,
          0.091965,
          0.263831,
          0.084424,
          -0.960867,
          0.633295,
          -0.237558,
          0.971165,
          0.020101,
          0.35833,
          0.0,
          0.0,
          0.0,
          1.0
        ],
        [
          0.906595,
          0.224122,
          0.357568,
          0.111175,
          0.339024,
          0.117747,
          -0.93338,
          0.640346,
          -0.251293,
          0.967422,
          0.030766,
          0.357047,
          0.0,
          0.0,
          0.0,
          1.0
        ],
        [
          0.878506,
          0.21788,
          0.425154,
          0.134367,
          0.397822,
          0.159098,
          -0.903563,
          0.645783,
          -0.26451,
          0.962921,
          0.053091,
          0.355985,
          0.0,
          0.0,
          0.0,
          1.0
        ],
        [
          0.852529,
          0.205443,
          0.480611,
          0.159382,
          0.442978,
          0.204058,
          -0.873001,
          0.649949,
          -0.277425,
          0.957159,
          0.082959,
          0.355223,
          0.0,
          0.0,
          0.0,
          1.0
        ],
        [
          0.829624,
          0.18861,
          0.5255,
          0.184062,
          0.47735,
          0.248566,
          -0.842824,
          0.653187,
          -0.289586,
          0.950074,
          0.116183,
          0.354843,
          0.0,
          0.0,
          0.0,
          1.0
        ],
        [
          0.809978,
          0.169512,
          0.561428,
          0.206247,
          0.503813,
          0.288878,
          -0.814077,
          0.655841,
          -0.30018,
          0.94224,
          0.148582,
          0.354926,
          0.0,
          0.0,
          0.0,
          1.0
        ],
        [
          0.793178,
          0.150423,
          0.59012,
          0.22378,
          0.52521,
          0.321531,
          -0.787891,
          0.658254,
          -0.308259,
          0.934875,
          0.176028,
          0.355551,
          0.0,
          0.0,
          0.0,
          1.0
        ],
        [
          0.778368,
          0.133627,
          0.613422,
          0.234501,
          0.544299,
          0.343283,
          -0.765438,
          0.660769,
          -0.31286,
          0.929678,
          0.194467,
          0.356801,
          0.0,
          0.0,
          0.0,
          1.0
        ],
        [
          0.765262,
          0.118963,
          0.632631,
          0.239845,
          0.561578,
          0.357004,
          -0.746444,
          0.66322,
          -0.314651,
          0.926496,
          0.206395,
          0.358624,
          0.0,
          0.0,
          0.0,
          1.0
        ],
        [
          0.754356,
          0.104814,
          0.648044,
          0.24288,
          0.575988,
          0.367911,
          -0.729986,
          0.665258,
          -0.314935,
          0.923935,
          0.217164,
          0.36087,
          0.0,
          0.0,
          0.0,
          1.0
        ],
        [
          0.745687,
          0.091204,
          0.660025,
          0.243899,
          0.58782,
          0.376358,
          -0.716116,
          0.666952,
          -0.313718,
          0.921974,
          0.227034,
          0.36347,
          0.0,
          0.0,
          0.0,
          1.0
        ],
        [
          0.739244,
          0.078106,
          0.668893,
          0.243196,
          0.597313,
          0.38268,
          -0.704821,
          0.668368,
          -0.311023,
          0.920573,
          0.236241,
          0.366355,
          0.0,
          0.0,
          0.0,
          1.0
        ],
        [
          0.734977,
          0.065459,
          0.674925,
          0.241064,
          0.604673,
          0.38719,
          -0.696027,
          0.669576,
          -0.306885,
          0.919673,
          0.244995,
          0.369459,
          0.0,
          0.0,
          0.0,
          1.0
        ],
        [
          0.732802,
          0.05317,
          0.678362,
          0.237798,
          0.610072,
          0.390184,
          -0.689614,
          0.670643,
          -0.301353,
          0.9192,
          0.25349,
          0.372711,
          0.0,
          0.0,
          0.0,
          1.0
        ],
        [
          0.732604,
          0.041126,
          0.679412,
          0.233692,
          0.613655,
          0.391945,
          -0.685424,
          0.671637,
          -0.294481,
          0.919069,
          0.261903,
          0.376044,
          0.0,
          0.0,
          0.0,
          1.0
        ],
        [
          0.734246,
          0.029199,
          0.678255,
          0.229038,
          0.615547,
          0.392743,
          -0.683268,
          0.672625,
          -0.28633,
          0.919185,
          0.270396,
          0.37939,
          0.0,
          0.0,
          0.0,
          1.0
        ],
        [
          0.737577,
          0.017252,
          0.675043,
          0.224131,
          0.615849,
          0.392839,
          -0.68294,
          0.673677,
          -0.276965,
          0.919445,
          0.279124,
          0.382679,
          0.0,
          0.0,
          0.0,
          1.0
        ],
        [
          0.742423,
          0.005146,
          0.669911,
          0.219265,
          0.614663,
          0.392489,
          -0.684209,
          0.67486,
          -0.266453,
          0.919742,
          0.28823,
          0.385844,
          0.0,
          0.0,
          0.0,
          1.0
        ],
        [
          0.748604,
          -0.007258,
          0.662977,
          0.214733,
          0.612075,
          0.391943,
          -0.686837,
          0.676242,
          -0.254864,
          0.919961,
          0.297853,
          0.388817,
          0.0,
          0.0,
          0.0,
          1.0
        ],
        [
          0.755928,
          -0.020096,
          0.654346,
          0.210829,
          0.608177,
          0.39145,
          -0.690571,
          0.677891,
          -0.242266,
          0.91998,
          0.30813,
          0.391528,
          0.0,
          0.0,
          0.0,
          1.0
        ],
        [
          0.771998,
          -0.035191,
          0.63465,
          0.205592,
          0.596407,
          0.385396,
          -0.704108,
          0.680139,
          -0.219814,
          0.92208,
          0.318513,
          0.393549,
          0.0,
          0.0,
          0.0,
          1.0
        ],
        [
          0.801973,
          -0.052172,
          0.595078,
          0.197671,
          0.568572,
          0.372191,
          -0.733621,
          0.683059,
          -0.183208,
          0.926688,
          0.328151,
          0.394877,
          0.0,
          0.0,
          0.0,
          1.0
        ],
        [
          0.841412,
          -0.067795,
          0.536124,
          0.18828,
          0.522089,
          0.358007,
          -0.774115,
          0.686336,
          -0.139455,
          0.931254,
          0.336627,
          0.39608,
          0.0,
          0.0,
          0.0,
          1.0
        ],
        [
          0.885428,
          -0.078134,
          0.458162,
          0.178629,
          0.45482,
          0.34861,
          -0.819518,
          0.68965,
          -0.095687,
          0.934005,
          0.344206,
          0.397727,
          0.0,
          0.0,
          0.0,
          1.0
        ],
        [
          0.926157,
          -0.075351,
          0.369533,
          0.169657,
          0.371123,
          0.356375,
          -0.857476,
          0.6921,
          -0.067081,
          0.9313,
          0.358024,
          0.398906,
          0.0,
          0.0,
          0.0,
          1.0
        ],
        [
          0.962156,
          -0.061724,
          0.265415,
          0.160514,
          0.268894,
          0.372928,
          -0.888043,
          0.694128,
          -0.044167,
          0.925805,
          0.375413,
          0.399669,
          0.0,
          0.0,
          0.0,
          1.0
        ],
        [
          0.990861,
          -0.051343,
          0.124733,
          0.149725,
          0.134886,
          0.374147,
          -0.917507,
          0.697432,
          0.000439,
          0.925947,
          0.377653,
          0.402029,
          0.0,
          0.0,
          0.0,
          1.0
        ],
        [
          0.995144,
          -0.065822,
          -0.073186,
          0.135812,
          -0.046572,
          0.340182,
          -0.939206,
          0.703709,
          0.086717,
          0.938053,
          0.335465,
          0.408002,
          0.0,
          0.0,
          0.0,
          1.0
        ],
        [
          0.925026,
          -0.143904,
          -0.351594,
          0.116017,
          -0.308534,
          0.255421,
          -0.916279,
          0.714644,
          0.22166,
          0.956061,
          0.191872,
          0.4188,
          0.0,
          0.0,
          0.0,
          1.0
        ],
        [
          0.721174,
          -0.288383,
          -0.629876,
          0.091915,
          -0.610378,
          0.16551,
          -0.774626,
          0.72892,
          0.32764,
          0.943102,
          -0.056661,
          0.433123,
          0.0,
          0.0,
          0.0,
          1.0
        ],
        [
          0.423129,
          -0.43909,
          -0.792567,
          0.068536,
          -0.842978,
          0.129925,
          -0.522022,
          0.743734,
          0.332189,
          0.888999,
          -0.315168,
          0.449219,
          0.0,
          0.0,
          0.0,
          1.0
        ],
        [
          0.152012,
          -0.523831,
          -0.838149,
          0.050909,
          -0.951907,
          0.150643,
          -0.266794,
          0.756286,
          0.266017,
          0.838396,
          -0.475739,
          0.465335,
          0.0,
          0.0,
          0.0,
          1.0
        ],
        [
          -0.03355,
          -0.519061,
          -0.854079,
          0.041145,
          -0.977485,
          0.195163,
          -0.080212,
          0.765846,
          0.208319,
          0.832158,
          -0.513922,
          0.481905,
          0.0,
          0.0,
          0.0,
          1.0
        ],
        [
          -0.165485,
          -0.458725,
          -0.873033,
          0.036305,
          -0.969804,
          0.236502,
          0.05956,
          0.773903,
          0.179152,
          0.856527,
          -0.484011,
          0.499563,
          0.0,
          0.0,
          0.0,
          1.0
        ],
        [
          -0.25884,
          -0.380527,
          -0.887807,
          0.033844,
          -0.951769,
          0.257233,
          0.167234,
          0.780977,
          0.164736,
          0.888274,
          -0.428756,
          0.516859,
          0.0,
          0.0,
          0.0,
          1.0
        ],
        [
          -0.331237,
          -0.325941,
          -0.885463,
          0.031215,
          -0.933313,
          0.251027,
          0.256734,
          0.787589,
          0.138595,
          0.911454,
          -0.387354,
          0.532345,
          0.0,
          0.0,
          0.0,
          1.0
        ],
        [
          -0.380238,
          -0.311211,
          -0.870957,
          0.027511,
          -0.921327,
          0.210014,
          0.327186,
          0.793953,
          0.081089,
          0.926845,
          -0.366582,
          0.546376,
          0.0,
          0.0,
          0.0,
          1.0
        ],
        [
          -0.399534,
          -0.315762,
          -0.86062,
          0.024166,
          -0.91669,
          0.144977,
          0.372372,
          0.799767,
          0.00719,
          0.937697,
          -0.347379,
          0.559478,
          0.0,
          0.0,
          0.0,
          1.0
        ],
        [
          -0.401678,
          -0.326489,
          -0.855605,
          0.022147,
          -0.913776,
          0.081102,
          0.39804,
          0.804773,
          -0.060564,
          0.941715,
          -0.330915,
          0.570455,
          0.0,
          0.0,
          0.0,
          1.0
        ],
        [
          -0.400532,
          -0.331069,
          -0.854381,
          0.022423,
          -0.910924,
          0.043173,
          0.410309,
          0.808717,
          -0.098955,
          0.942618,
          -0.318871,
          0.578108,
          0.0,
          0.0,
          0.0,
          1.0
        ],
        [
          -0.401481,
          -0.328755,
          -0.854829,
          0.024302,
          -0.908888,
          0.028008,
          0.416099,
          0.811563,
          -0.112853,
          0.944,
          -0.310046,
          0.583793,
          0.0,
          0.0,
          0.0,
          1.0
        ],
        [
          -0.400382,
          -0.326128,
          -0.85635,
          0.026438,
          -0.908064,
          0.015832,
          0.418532,
          0.813604,
          -0.122938,
          0.945193,
          -0.302484,
          0.589569,
          0.0,
          0.0,
          0.0,
          1.0
        ],
        [
          -0.397631,
          -0.323189,
          -0.858742,
          0.02882,
          -0.90833,
          0.006339,
          0.418206,
          0.815072,
          -0.129716,
          0.946313,
          -0.296083,
          0.595297,
          0.0,
          0.0,
          0.0,
          1.0
        ],
        [
          -0.393618,
          -0.319964,
          -0.861794,
          0.031433,
          -0.909503,
          -0.000778,
          0.415698,
          0.816199,
          -0.133679,
          0.94743,
          -0.290701,
          0.600838,
          0.0,
          0.0,
          0.0,
          1.0
        ],
        [
          -0.388736,
          -0.316491,
          -0.865285,
          0.034265,
          -0.91136,
          -0.005835,
          0.41157,
          0.817217,
          -0.135307,
          0.948577,
          -0.286169,
          0.606055,
          0.0,
          0.0,
          0.0,
          1.0
        ],
        [
          -0.383374,
          -0.312822,
          -0.869003,
          0.037304,
          -0.913663,
          -0.00915,
          0.40637,
          0.818359,
          -0.135073,
          0.949768,
          -0.282306,
          0.610808,
          0.0,
          0.0,
          0.0,
          1.0
        ],
        [
          -0.377931,
          -0.30901,
          -0.872744,
          0.040536,
          -0.916166,
          -0.011048,
          0.400646,
          0.819857,
          -0.133446,
          0.950995,
          -0.278929,
          0.614959,
          0.0,
          0.0,
          0.0,
          1.0
        ],
        [
          -0.372812,
          -0.305102,
          -0.876313,
          0.043949,
          -0.918629,
          -0.011858,
          0.394943,
          0.821944,
          -0.130889,
          0.952246,
          -0.275855,
          0.61837,
          0.0,
          0.0,
          0.0,
          1.0
        ],
        [
          -0.368432,
          -0.301148,
          -0.879527,
          0.047529,
          -0.920819,
          -0.011916,
          0.389809,
          0.82485,
          -0.127871,
          0.953503,
          -0.272912,
          0.620902,
          0.0,
          0.0,
          0.0,
          1.0
        ],
        [
          -0.365211,
          -0.297189,
          -0.882213,
          0.051264,
          -0.922514,
          -0.011563,
          0.38579,
          0.82881,
          -0.124853,
          0.954749,
          -0.269938,
          0.622417,
          0.0,
          0.0,
          0.0,
          1.0
        ],
        [
          -0.36358,
          -0.293261,
          -0.884199,
          0.055142,
          -0.9235,
          -0.011141,
          0.383435,
          0.834055,
          -0.122298,
          0.955968,
          -0.266776,
          0.622775,
          0.0,
          0.0,
          0.0,
          1.0
        ],
        [
          -0.363972,
          -0.289397,
          -0.88531,
          0.059149,
          -0.923562,
          -0.010995,
          0.383292,
          0.840817,
          -0.120658,
          0.957146,
          -0.263274,
          0.62184,
          0.0,
          0.0,
          0.0,
          1.0
        ],
        [
          -0.36192,
          -0.28606,
          -0.887234,
          0.063469,
          -0.9246,
          -0.011207,
          0.380775,
          0.849736,
          -0.118868,
          0.958146,
          -0.260435,
          0.618091,
          0.0,
          0.0,
          0.0,
          1.0
        ],
        [
          -0.355183,
          -0.283396,
          -0.890804,
          0.06826,
          -0.927607,
          -0.011112,
          0.373393,
          0.86107,
          -0.115717,
          0.958939,
          -0.258933,
          0.61075,
          0.0,
          0.0,
          0.0,
          1.0
        ],
        [
          -0.347548,
          -0.280965,
          -0.894578,
          0.073466,
          -0.931022,
          -0.009939,
          0.364828,
          0.874476,
          -0.111395,
          0.959667,
          -0.25813,
          0.600786,
          0.0,
          0.0,
          0.0,
          1.0
        ],
        [
          -0.342842,
          -0.278313,
          -0.897219,
          0.07903,
          -0.933388,
          -0.006894,
          0.358801,
          0.889616,
          -0.106044,
          0.960466,
          -0.25741,
          0.589167,
          0.0,
          0.0,
          0.0,
          1.0
        ],
        [
          -0.344919,
          -0.274933,
          -0.897465,
          0.084898,
          -0.933318,
          -0.001152,
          0.359051,
          0.906147,
          -0.099749,
          0.961463,
          -0.256203,
          0.576862,
          0.0,
          0.0,
          0.0,
          1.0
        ],
        [
          -0.357583,
          -0.270195,
          -0.89394,
          0.091013,
          -0.929288,
          0.008126,
          0.369266,
          0.92373,
          -0.09251,
          0.962771,
          -0.253995,
          0.564841,
          0.0,
          0.0,
          0.0,
          1.0
        ],
        [
          -0.384448,
          -0.263245,
          -0.884818,
          0.097321,
          -0.919298,
          0.021736,
          0.392963,
          0.942024,
          -0.084213,
          0.964484,
          -0.250357,
          0.554074,
          0.0,
          0.0,
          0.0,
          1.0
        ],
        [
          -0.428683,
          -0.252881,
          -0.867342,
          0.103764,
          -0.900371,
          0.040321,
          0.433252,
          0.960689,
          -0.074589,
          0.966657,
          -0.244971,
          0.545528,
          0.0,
          0.0,
          0.0,
          1.0
        ],
        [
          -0.492935,
          -0.238059,
          -0.836865,
          0.110559,
          -0.867744,
          0.064279,
          0.492838,
          0.980879,
          -0.063532,
          0.969121,
          -0.238259,
          0.538111,
          0.0,
          0.0,
          0.0,
          1.0
        ],
        [
          -0.572772,
          -0.217857,
          -0.790235,
          0.11785,
          -0.818156,
          0.092499,
          0.567508,
          1.003415,
          -0.05054,
          0.971587,
          -0.231222,
          0.530433,
          0.0,
          0.0,
          0.0,
          1.0
        ],
        [
          -0.659835,
          -0.191146,
          -0.726692,
          0.125477,
          -0.750605,
          0.122894,
          0.649222,
          1.027453,
          -0.034791,
          0.973838,
          -0.224565,
          0.523013,
          0.0,
          0.0,
          0.0,
          1.0
        ],
        [
          -0.745848,
          -0.157393,
          -0.647255,
          0.133279,
          -0.665929,
          0.153138,
          0.730128,
          1.052147,
          -0.015798,
          0.97559,
          -0.21903,
          0.516375,
          0.0,
          0.0,
          0.0,
          1.0
        ],
        [
          -0.823489,
          -0.1169,
          -0.555158,
          0.141097,
          -0.567295,
          0.180931,
          0.803393,
          1.076652,
          0.006529,
          0.976524,
          -0.215312,
          0.511038,
          0.0,
          0.0,
          0.0,
          1.0
        ],
        [
          -0.887287,
          -0.070874,
          -0.45574,
          0.14877,
          -0.460114,
          0.20436,
          0.864021,
          1.100125,
          0.031898,
          0.976327,
          -0.213936,
          0.507524,
          0.0,
          0.0,
          0.0,
          1.0
        ],
        [
          -0.934293,
          -0.021289,
          -0.355869,
          0.156139,
          -0.351466,
          0.222246,
          0.909439,
          1.121719,
          0.05973,
          0.974758,
          -0.215126,
          0.506354,
          0.0,
          0.0,
          0.0,
          1.0
        ],
        [
          -0.964314,
          0.029398,
          -0.263124,
          0.163043,
          -0.249248,
          0.234393,
          0.939646,
          1.140591,
          0.089298,
          0.971697,
          -0.218701,
          0.508049,
          0.0,
          0.0,
          0.0,
          1.0
        ],
        [
          -0.980743,
          0.081505,
          -0.177485,
          0.169163,
          -0.15318,
          0.242755,
          0.957918,
          1.15608,
          0.121161,
          0.966658,
          -0.225596,
          0.512685,
          0.0,
          0.0,
          0.0,
          1.0
        ],
        [
          -0.986162,
          0.136342,
          -0.094316,
          0.174516,
          -0.05819,
          0.248044,
          0.966999,
          1.168707,
          0.155237,
          0.959106,
          -0.236678,
          0.519796,
          0.0,
          0.0,
          0.0,
          1.0
        ],
        [
          -0.981165,
          0.192652,
          -0.014173,
          0.179444,
          0.03494,
          0.249149,
          0.967835,
          1.179401,
          0.189987,
          0.94911,
          -0.251188,
          0.529094,
          0.0,
          0.0,
          0.0,
          1.0
        ],
        [
          -0.966451,
          0.249092,
          0.062654,
          0.184288,
          0.125506,
          0.245144,
          0.961329,
          1.18909,
          0.2241,
          0.93694,
          -0.268182,
          0.540294,
          0.0,
          0.0,
          0.0,
          1.0
        ],
        [
          -0.942814,
          0.304266,
          0.136098,
          0.189389,
          0.212827,
