{"animation": [{"name": "Root", "time": [0.0, 0.0083, 0.0167, 0.025, 0.0333, 0.0417, 0.05, 0.0583, 0.0667, 0.075, 0.0833, 0.0917, 0.1, 0.1083, 0.1167, 0.125, 0.1333, 0.1417, 0.15, 0.1583, 0.1667, 0.175, 0.1833, 0.1917, 0.2, 0.2083, 0.2167, 0.225, 0.2333, 0.2417, 0.25, 0.2583, 0.2667, 0.275, 0.2833, 0.2917, 0.3, 0.3083, 0.3167, 0.325, 0.3333, 0.3417, 0.35, 0.3583, 0.3667, 0.375, 0.3833, 0.3917, 0.4, 0.4083, 0.4167, 0.425, 0.4333, 0.4417, 0.45, 0.4583, 0.4667, 0.475, 0.4833, 0.4917, 0.5, 0.5083, 0.5167, 0.525, 0.5333, 0.5417, 0.55, 0.5583, 0.5667, 0.575, 0.5833, 0.5917, 0.6, 0.6083, 0.6167, 0.625, 0.6333, 0.6417, 0.65, 0.6583, 0.6667, 0.675, 0.6833, 0.6917, 0.7, 0.7083, 0.7167, 0.725, 0.7333, 0.7417, 0.75, 0.7583, 0.7667, 0.775, 0.7833, 0.7917, 0.8, 0.8083, 0.8167, 0.825, 0.8333, 0.8417, 0.85, 0.8583, 0.8667, 0.875, 0.8833, 0.8917, 0.9, 0.9083, 0.9167, 0.925, 0.9333, 0.9417, 0.95, 0.9583, 0.9667, 0.975, 0.9833, 0.9917, 1.0, 1.0083, 1.0167, 1.025, 1.0333, 1.0417, 1.05, 1.0583, 1.0667, 1.075, 1.0833, 1.0917, 1.1, 1.1083, 1.1167, 1.125, 1.1333, 1.1417, 1.15, 1.1583, 1.1667, 1.175, 1.1833, 1.1917, 1.2, 1.2083, 1.2167, 1.225, 1.2333, 1.2417, 1.25, 1.2583, 1.2667, 1.275, 1.2833, 1.2917, 1.3, 1.3083, 1.3167, 1.325, 1.3333, 1.3417, 1.35, 1.3583, 1.3667, 1.375, 1.3833, 1.3917, 1.4, 1.4083, 1.4167, 1.425, 1.4333, 1.4417, 1.45, 1.4583, 1.4667, 1.475, 1.4833, 1.4917, 1.5, 1.5083, 1.5167, 1.525, 1.5333, 1.5417, 1.55, 1.5583, 1.5667, 1.575, 1.5833, 1.5917, 1.6, 1.6083, 1.6167, 1.625, 1.6333, 1.6417, 1.65, 1.6583, 1.6667, 1.675, 1.6833, 1.6917, 1.7, 1.7083, 1.7167, 1.725, 1.7333, 1.7417, 1.75, 1.7583, 1.7667, 1.775, 1.7833, 1.7917, 1.8, 1.8083, 1.8167, 1.825, 1.8333, 1.8417, 1.85, 1.8583, 1.8667, 1.875, 1.8833, 1.8917, 1.9, 1.9083, 1.9167, 1.925, 1.9333, 1.9417, 1.95, 1.9583, 1.9667, 1.975, 1.9833, 1.9917, 2.0, 2.0083, 2.0167, 2.025, 2.0333, 2.0417, 2.05, 2.0583, 2.0667, 2.075, 2.0833, 2.0917, 2.1, 2.1083, 2.1167, 2.125, 2.1333, 2.1417, 2.15, 2.1583, 2.1667, 2.175, 2.1833, 2.1917, 2.2, 2.2083, 2.2167, 2.225, 2.2333, 2.2417, 2.25, 2.2583, 2.2667, 2.275, 2.2833, 2.2917, 2.3, 2.3083, 2.3167, 2.325, 2.3333, 2.3417, 2.35, 2.3583, 2.3667, 2.375, 2.3833, 2.3917, 2.4, 2.4083, 2.4167, 2.425, 2.4333, 2.4417, 2.45, 2.4583, 2.4667, 2.475, 2.4833, 2.4917, 2.5, 2.5083, 2.5167, 2.525, 2.5333, 2.5417, 2.55, 2.5583, 2.5667, 2.575, 2.5833, 2.5917, 2.6, 2.6083, 2.6167, 2.625, 2.6333, 2.6417, 2.65, 2.6583, 2.6667, 2.675, 2.6833, 2.6917, 2.7, 2.7083, 2.7167, 2.725, 2.7333, 2.7417, 2.75, 2.7583, 2.7667, 2.775, 2.7833, 2.7917, 2.8, 2.8083, 2.8167, 2.825, 2.8333, 2.8417, 2.85, 2.8583, 2.8667, 2.875, 2.8833, 2.8917, 2.9, 2.9083, 2.9167, 2.925, 2.9333, 2.9417, 2.95, 2.9583, 2.9667, 2.975, 2.9833, 2.9917, 3.0, 3.0083, 3.0167, 3.025, 3.0333, 3.0417, 3.05, 3.0583, 3.0667, 3.075, 3.0833, 3.0917, 3.1, 3.1083, 3.1167, 3.125, 3.1333, 3.1417, 3.15, 3.1583, 3.1667, 3.175, 3.1833, 3.1917, 3.2, 3.2083, 3.2167, 3.225, 3.2333, 3.2417, 3.25, 3.2583, 3.2667, 3.275, 3.2833, 3.2917, 3.3, 3.3083, 3.3167, 3.325, 3.3333, 3.3417, 3.35, 3.3583, 3.3667, 3.375, 3.3833, 3.3917, 3.4, 3.4083, 3.4167, 3.425, 3.4333, 3.4417, 3.45, 3.4583, 3.4667, 3.475, 3.4833, 3.4917, 3.5, 3.5083, 3.5167, 3.525, 3.5333, 3.5417, 3.55, 3.5583, 3.5667, 3.575, 3.5833, 3.5917, 3.6, 3.6083, 3.6167, 3.625, 3.6333, 3.6417, 3.65, 3.6583, 3.6667, 3.675, 3.6833, 3.6917, 3.7, 3.7083, 3.7167, 3.725, 3.7333, 3.7417, 3.75, 3.7583, 3.7667, 3.775, 3.7833, 3.7917, 3.8, 3.8083, 3.8167, 3.825, 3.8333, 3.8417, 3.85, 3.8583, 3.8667, 3.875, 3.8833, 3.8917, 3.9, 3.9083, 3.9167, 3.925, 3.9333, 3.9417, 3.95, 3.9583, 3.9667, 3.975, 3.9833, 3.9917, 4.0, 4.0083, 4.0167, 4.025, 4.0333, 4.0417, 4.05, 4.0583, 4.0667, 4.075, 4.0833, 4.0917, 4.1, 4.1083, 4.1167, 4.125, 4.1333, 4.1417, 4.15, 4.1583, 4.1667], "transform": [[0.963257, 0.0, 0.268582, -5e-06, 0.268582, 0.0, -0.963257, 0.001744, 0.0, 1.0, 0.0, -0.021403, 0.0, 0.0, 0.0, 1.0], [0.963256, 0.0, 0.268583, -5e-06, 0.268583, 0.0, -0.963256, 0.001742, 0.0, 1.0, 0.0, -0.021443, 0.0, 0.0, 0.0, 1.0], [0.963256, 0.0, 0.268586, -5e-06, 0.268586, 0.0, -0.963256, 0.001727, 0.0, 1.0, 0.0, -0.021561, 0.0, 0.0, 0.0, 1.0], [0.963254, 0.0, 0.268591, -5e-06, 0.268591, 0.0, -0.963254, 0.001686, 0.0, 1.0, 0.0, -0.021751, 0.0, 0.0, 0.0, 1.0], [0.963253, 0.0, 0.268597, -5e-06, 0.268597, 0.0, -0.963253, 0.001607, 0.0, 1.0, 0.0, -0.02201, 0.0, 0.0, 0.0, 1.0], [0.96325, 0.0, 0.268605, -5e-06, 0.268605, 0.0, -0.96325, 0.001475, 0.0, 1.0, 0.0, -0.022333, 0.0, 0.0, 0.0, 1.0], [0.963248, 0.0, 0.268615, -5e-06, 0.268615, 0.0, -0.963248, 0.001279, 0.0, 1.0, 0.0, -0.022715, 0.0, 0.0, 0.0, 1.0], [0.963245, 0.0, 0.268626, -5e-06, 0.268626, 0.0, -0.963245, 0.001006, 0.0, 1.0, 0.0, -0.023151, 0.0, 0.0, 0.0, 1.0], [0.963241, 0.0, 0.268638, -5e-06, 0.268638, 0.0, -0.963241, 0.000642, 0.0, 1.0, 0.0, -0.023638, 0.0, 0.0, 0.0, 1.0], [0.963238, 0.0, 0.268651, -5e-06, 0.268651, 0.0, -0.963238, 0.000175, 0.0, 1.0, 0.0, -0.02417, 0.0, 0.0, 0.0, 1.0], [0.963234, 0.0, 0.268665, -5e-06, 0.268665, 0.0, -0.963234, -0.000408, 0.0, 1.0, 0.0, -0.024743, 0.0, 0.0, 0.0, 1.0], [0.963229, 0.0, 0.26868, -5e-06, 0.26868, 0.0, -0.963229, -0.00112, 0.0, 1.0, 0.0, -0.025352, 0.0, 0.0, 0.0, 1.0], [0.963225, 0.0, 0.268696, -5e-06, 0.268696, 0.0, -0.963225, -0.001975, 0.0, 1.0, 0.0, -0.025994, 0.0, 0.0, 0.0, 1.0], [0.96322, 0.0, 0.268713, -5e-06, 0.268713, 0.0, -0.96322, -0.002984, 0.0, 1.0, 0.0, -0.026663, 0.0, 0.0, 0.0, 1.0], [0.963216, 0.0, 0.26873, -5e-06, 0.26873, 0.0, -0.963216, -0.004161, 0.0, 1.0, 0.0, -0.027354, 0.0, 0.0, 0.0, 1.0], [0.963211, 0.0, 0.268748, -5e-06, 0.268748, 0.0, -0.963211, -0.005519, 0.0, 1.0, 0.0, -0.028064, 0.0, 0.0, 0.0, 1.0], [0.963206, 0.0, 0.268766, -5e-06, 0.268766, 0.0, -0.963206, -0.007071, 0.0, 1.0, 0.0, -0.028787, 0.0, 0.0, 0.0, 1.0], [0.963201, 0.0, 0.268784, -5e-06, 0.268784, 0.0, -0.963201, -0.00883, 0.0, 1.0, 0.0, -0.02952, 0.0, 0.0, 0.0, 1.0], [0.963195, 0.0, 0.268802, -5e-06, 0.268802, 0.0, -0.963195, -0.010807, 0.0, 1.0, 0.0, -0.030257, 0.0, 0.0, 0.0, 1.0], [0.96319, 0.0, 0.268821, -5e-06, 0.268821, 0.0, -0.96319, -0.013018, 0.0, 1.0, 0.0, -0.030994, 0.0, 0.0, 0.0, 1.0], [0.963185, 0.0, 0.268839, -5e-06, 0.268839, 0.0, -0.963185, -0.015473, 0.0, 1.0, 0.0, -0.031727, 0.0, 0.0, 0.0, 1.0], [0.96318, 0.0, 0.268857, -5e-06, 0.268857, 0.0, -0.96318, -0.018187, 0.0, 1.0, 0.0, -0.03245, 0.0, 0.0, 0.0, 1.0], [0.963175, 0.0, 0.268874, -5e-06, 0.268874, 0.0, -0.963175, -0.021172, 0.0, 1.0, 0.0, -0.03316, 0.0, 0.0, 0.0, 1.0], [0.963171, 0.0, 0.268891, -5e-06, 0.268891, 0.0, -0.963171, -0.024442, 0.0, 1.0, 0.0, -0.033851, 0.0, 0.0, 0.0, 1.0], [0.963166, 0.0, 0.268908, -5e-06, 0.268908, 0.0, -0.963166, -0.028008, 0.0, 1.0, 0.0, -0.03452, 0.0, 0.0, 0.0, 1.0], [0.963161, 0.0, 0.268924, -5e-06, 0.268924, 0.0, -0.963161, -0.031884, 0.0, 1.0, 0.0, -0.035161, 0.0, 0.0, 0.0, 1.0], [0.963157, 0.0, 0.268939, -5e-06, 0.268939, 0.0, -0.963157, -0.036083, 0.0, 1.0, 0.0, -0.035771, 0.0, 0.0, 0.0, 1.0], [0.963153, 0.0, 0.268953, -5e-06, 0.268953, 0.0, -0.963153, -0.040618, 0.0, 1.0, 0.0, -0.036344, 0.0, 0.0, 0.0, 1.0], [0.963149, 0.0, 0.268967, -5e-06, 0.268967, 0.0, -0.963149, -0.045501, 0.0, 1.0, 0.0, -0.036876, 0.0, 0.0, 0.0, 1.0], [0.963146, 0.0, 0.268979, -5e-06, 0.268979, 0.0, -0.963146, -0.050746, 0.0, 1.0, 0.0, -0.037363, 0.0, 0.0, 0.0, 1.0], [0.963143, 0.0, 0.26899, -5e-06, 0.26899, 0.0, -0.963143, -0.056365, 0.0, 1.0, 0.0, -0.037799, 0.0, 0.0, 0.0, 1.0], [0.96314, 0.0, 0.268999, -5e-06, 0.268999, 0.0, -0.96314, -0.062372, 0.0, 1.0, 0.0, -0.038181, 0.0, 0.0, 0.0, 1.0], [0.963138, 0.0, 0.269007, -5e-06, 0.269007, 0.0, -0.963138, -0.068779, 0.0, 1.0, 0.0, -0.038504, 0.0, 0.0, 0.0, 1.0], [0.963136, 0.0, 0.269013, -5e-06, 0.269013, 0.0, -0.963136, -0.0756, 0.0, 1.0, 0.0, -0.038763, 0.0, 0.0, 0.0, 1.0], [0.963135, 0.0, 0.269018, -5e-06, 0.269018, 0.0, -0.963135, -0.082846, 0.0, 1.0, 0.0, -0.038953, 0.0, 0.0, 0.0, 1.0], [0.963134, 0.0, 0.269021, -5e-06, 0.269021, 0.0, -0.963134, -0.090532, 0.0, 1.0, 0.0, -0.039071, 0.0, 0.0, 0.0, 1.0], [0.963134, 0.0, 0.269022, -5e-06, 0.269022, 0.0, -0.963134, -0.098669, 0.0, 1.0, 0.0, -0.039111, 0.0, 0.0, 0.0, 1.0], [0.963134, 0.0, 0.269022, -5e-06, 0.269022, 0.0, -0.963134, -0.108027, 0.0, 1.0, 0.0, -0.038639, 0.0, 0.0, 0.0, 1.0], [0.963134, 0.0, 0.269022, -5e-06, 0.269022, 0.0, -0.963134, -0.119325, 0.0, 1.0, 0.0, -0.037253, 0.0, 0.0, 0.0, 1.0], [0.963134, 0.0, 0.269022, -5e-06, 0.269022, 0.0, -0.963134, -0.13251, 0.0, 1.0, 0.0, -0.035001, 0.0, 0.0, 0.0, 1.0], [0.963134, 0.0, 0.269022, -5e-06, 0.269022, 0.0, -0.963134, -0.147524, 0.0, 1.0, 0.0, -0.031929, 0.0, 0.0, 0.0, 1.0], [0.963134, 0.0, 0.269022, -5e-06, 0.269022, 0.0, -0.963134, -0.164312, 0.0, 1.0, 0.0, -0.028085, 0.0, 0.0, 0.0, 1.0], [0.963134, 0.0, 0.269022, -5e-06, 0.269022, 0.0, -0.963134, -0.182818, 0.0, 1.0, 0.0, -0.023514, 0.0, 0.0, 0.0, 1.0], [0.963134, 0.0, 0.269022, -5e-06, 0.269022, 0.0, -0.963134, -0.202987, 0.0, 1.0, 0.0, -0.018265, 0.0, 0.0, 0.0, 1.0], [0.963134, 0.0, 0.269022, -5e-06, 0.269022, 0.0, -0.963134, -0.224761, 0.0, 1.0, 0.0, -0.012383, 0.0, 0.0, 0.0, 1.0], [0.963134, 0.0, 0.269022, -5e-06, 0.269022, 0.0, -0.963134, -0.248086, 0.0, 1.0, 0.0, -0.005916, 0.0, 0.0, 0.0, 1.0], [0.963134, 0.0, 0.269022, -5e-06, 0.269022, 0.0, -0.963134, -0.272906, 0.0, 1.0, 0.0, 0.00109, 0.0, 0.0, 0.0, 1.0], [0.963134, 0.0, 0.269022, -5e-06, 0.269022, 0.0, -0.963134, -0.299164, 0.0, 1.0, 0.0, 0.008588, 0.0, 0.0, 0.0, 1.0], [0.963134, 0.0, 0.269022, -5e-06, 0.269022, 0.0, -0.963134, -0.326805, 0.0, 1.0, 0.0, 0.016531, 0.0, 0.0, 0.0, 1.0], [0.963134, 0.0, 0.269022, -5e-06, 0.269022, 0.0, -0.963134, -0.355773, 0.0, 1.0, 0.0, 0.024872, 0.0, 0.0, 0.0, 1.0], [0.963134, 0.0, 0.269022, -5e-06, 0.269022, 0.0, -0.963134, -0.386012, 0.0, 1.0, 0.0, 0.033564, 0.0, 0.0, 0.0, 1.0], [0.963134, 0.0, 0.269022, -5e-06, 0.269022, 0.0, -0.963134, -0.417467, 0.0, 1.0, 0.0, 0.04256, 0.0, 0.0, 0.0, 1.0], [0.963134, 0.0, 0.269022, -5e-06, 0.269022, 0.0, -0.963134, -0.45008, 0.0, 1.0, 0.0, 0.051814, 0.0, 0.0, 0.0, 1.0], [0.963134, 0.0, 0.269022, -5e-06, 0.269022, 0.0, -0.963134, -0.483797, 0.0, 1.0, 0.0, 0.061279, 0.0, 0.0, 0.0, 1.0], [0.963134, 0.0, 0.269022, -5e-06, 0.269022, 0.0, -0.963134, -0.518562, 0.0, 1.0, 0.0, 0.070908, 0.0, 0.0, 0.0, 1.0], [0.963134, 0.0, 0.269022, -5e-06, 0.269022, 0.0, -0.963134, -0.554318, 0.0, 1.0, 0.0, 0.080654, 0.0, 0.0, 0.0, 1.0], [0.963134, 0.0, 0.269022, -5e-06, 0.269022, 0.0, -0.963134, -0.59101, 0.0, 1.0, 0.0, 0.09047, 0.0, 0.0, 0.0, 1.0], [0.963134, 0.0, 0.269022, -5e-06, 0.269022, 0.0, -0.963134, -0.628582, 0.0, 1.0, 0.0, 0.10031, 0.0, 0.0, 0.0, 1.0], [0.963134, 0.0, 0.269022, -5e-06, 0.269022, 0.0, -0.963134, -0.666978, 0.0, 1.0, 0.0, 0.110126, 0.0, 0.0, 0.0, 1.0], [0.963134, 0.0, 0.269022, -5e-06, 0.269022, 0.0, -0.963134, -0.706142, 0.0, 1.0, 0.0, 0.119872, 0.0, 0.0, 0.0, 1.0], [0.963134, 0.0, 0.269022, -5e-06, 0.269022, 0.0, -0.963134, -0.746018, 0.0, 1.0, 0.0, 0.129501, 0.0, 0.0, 0.0, 1.0], [0.963134, 0.0, 0.269022, -5e-06, 0.269022, 0.0, -0.963134, -0.786551, 0.0, 1.0, 0.0, 0.138966, 0.0, 0.0, 0.0, 1.0], [0.963134, 0.0, 0.269022, -5e-06, 0.269022, 0.0, -0.963134, -0.827685, 0.0, 1.0, 0.0, 0.14822, 0.0, 0.0, 0.0, 1.0], [0.963134, 0.0, 0.269022, -5e-06, 0.269022, 0.0, -0.963134, -0.869363, 0.0, 1.0, 0.0, 0.157216, 0.0, 0.0, 0.0, 1.0], [0.963134, 0.0, 0.269022, -5e-06, 0.269022, 0.0, -0.963134, -0.91153, 0.0, 1.0, 0.0, 0.165908, 0.0, 0.0, 0.0, 1.0], [0.963134, 0.0, 0.269022, -5e-06, 0.269022, 0.0, -0.963134, -0.95413, 0.0, 1.0, 0.0, 0.174249, 0.0, 0.0, 0.0, 1.0], [0.963134, 0.0, 0.269022, -5e-06, 0.269022, 0.0, -0.963134, -0.997107, 0.0, 1.0, 0.0, 0.182192, 0.0, 0.0, 0.0, 1.0], [0.963134, 0.0, 0.269022, -5e-06, 0.269022, 0.0, -0.963134, -1.040405, 0.0, 1.0, 0.0, 0.18969, 0.0, 0.0, 0.0, 1.0], [0.963134, 0.0, 0.269022, -5e-06, 0.269022, 0.0, -0.963134, -1.083968, 0.0, 1.0, 0.0, 0.196696, 0.0, 0.0, 0.0, 1.0], [0.963134, 0.0, 0.269022, -5e-06, 0.269022, 0.0, -0.963134, -1.127741, 0.0, 1.0, 0.0, 0.203163, 0.0, 0.0, 0.0, 1.0], [0.963134, 0.0, 0.269022, -5e-06, 0.269022, 0.0, -0.963134, -1.171667, 0.0, 1.0, 0.0, 0.209045, 0.0, 0.0, 0.0, 1.0], [0.963134, 0.0, 0.269022, -5e-06, 0.269022, 0.0, -0.963134, -1.215692, 0.0, 1.0, 0.0, 0.214295, 0.0, 0.0, 0.0, 1.0], [0.963134, 0.0, 0.269022, -5e-06, 0.269022, 0.0, -0.963134, -1.259758, 0.0, 1.0, 0.0, 0.218865, 0.0, 0.0, 0.0, 1.0], [0.963134, 0.0, 0.269022, -5e-06, 0.269022, 0.0, -0.963134, -1.30381, 0.0, 1.0, 0.0, 0.222709, 0.0, 0.0, 0.0, 1.0], [0.963134, 0.0, 0.269022, -5e-06, 0.269022, 0.0, -0.963134, -1.347791, 0.0, 1.0, 0.0, 0.225781, 0.0, 0.0, 0.0, 1.0], [0.963134, 0.0, 0.269022, -5e-06, 0.269022, 0.0, -0.963134, -1.391647, 0.0, 1.0, 0.0, 0.228033, 0.0, 0.0, 0.0, 1.0], [0.963134, 0.0, 0.269022, -5e-06, 0.269022, 0.0, -0.963134, -1.435322, 0.0, 1.0, 0.0, 0.229419, 0.0, 0.0, 0.0, 1.0], [0.963134, 0.0, 0.269022, -5e-06, 0.269022, 0.0, -0.963134, -1.478759, 0.0, 1.0, 0.0, 0.229891, 0.0, 0.0, 0.0, 1.0], [0.963134, 0.0, 0.269022, -5e-06, 0.269022, 0.0, -0.963134, -1.521912, 0.0, 1.0, 0.0, 0.229566, 0.0, 0.0, 0.0, 1.0], [0.963134, 0.0, 0.269022, -5e-06, 0.269022, 0.0, -0.963134, -1.564771, 0.0, 1.0, 0.0, 0.228611, 0.0, 0.0, 0.0, 1.0], [0.963134, 0.0, 0.269022, -5e-06, 0.269022, 0.0, -0.963134, -1.607337, 0.0, 1.0, 0.0, 0.227054, 0.0, 0.0, 0.0, 1.0], [0.963134, 0.0, 0.269022, -5e-06, 0.269022, 0.0, -0.963134, -1.64961, 0.0, 1.0, 0.0, 0.224925, 0.0, 0.0, 0.0, 1.0], [0.963134, 0.0, 0.269022, -5e-06, 0.269022, 0.0, -0.963134, -1.69159, 0.0, 1.0, 0.0, 0.222252, 0.0, 0.0, 0.0, 1.0], [0.963134, 0.0, 0.269022, -5e-06, 0.269022, 0.0, -0.963134, -1.733276, 0.0, 1.0, 0.0, 0.219065, 0.0, 0.0, 0.0, 1.0], [0.963134, 0.0, 0.269022, -5e-06, 0.269022, 0.0, -0.963134, -1.774669, 0.0, 1.0, 0.0, 0.215392, 0.0, 0.0, 0.0, 1.0], [0.963134, 0.0, 0.269022, -5e-06, 0.269022, 0.0, -0.963134, -1.815769, 0.0, 1.0, 0.0, 0.211261, 0.0, 0.0, 0.0, 1.0], [0.963134, 0.0, 0.269022, -5e-06, 0.269022, 0.0, -0.963134, -1.856576, 0.0, 1.0, 0.0, 0.206703, 0.0, 0.0, 0.0, 1.0], [0.963134, 0.0, 0.269022, -5e-06, 0.269022, 0.0, -0.963134, -1.89709, 0.0, 1.0, 0.0, 0.201746, 0.0, 0.0, 0.0, 1.0], [0.963134, 0.0, 0.269022, -5e-06, 0.269022, 0.0, -0.963134, -1.937311, 0.0, 1.0, 0.0, 0.196419, 0.0, 0.0, 0.0, 1.0], [0.963134, 0.0, 0.269022, -5e-06, 0.269022, 0.0, -0.963134, -1.977239, 0.0, 1.0, 0.0, 0.19075, 0.0, 0.0, 0.0, 1.0], [0.963134, 0.0, 0.269022, -5e-06, 0.269022, 0.0, -0.963134, -2.016874, 0.0, 1.0, 0.0, 0.184769, 0.0, 0.0, 0.0, 1.0], [0.963134, 0.0, 0.269022, -5e-06, 0.269022, 0.0, -0.963134, -2.056216, 0.0, 1.0, 0.0, 0.178505, 0.0, 0.0, 0.0, 1.0], [0.963134, 0.0, 0.269022, -5e-06, 0.269022, 0.0, -0.963134, -2.095266, 0.0, 1.0, 0.0, 0.171986, 0.0, 0.0, 0.0, 1.0], [0.963134, 0.0, 0.269022, -5e-06, 0.269022, 0.0, -0.963134, -2.134022, 0.0, 1.0, 0.0, 0.165242, 0.0, 0.0, 0.0, 1.0], [0.963134, 0.0, 0.269022, -5e-06, 0.269022, 0.0, -0.963134, -2.172487, 0.0, 1.0, 0.0, 0.158301, 0.0, 0.0, 0.0, 1.0], [0.963134, 0.0, 0.269022, -5e-06, 0.269022, 0.0, -0.963134, -2.210658, 0.0, 1.0, 0.0, 0.151193, 0.0, 0.0, 0.0, 1.0], [0.963134, 0.0, 0.269022, -5e-06, 0.269022, 0.0, -0.963134, -2.248537, 0.0, 1.0, 0.0, 0.143945, 0.0, 0.0, 0.0, 1.0], [0.963134, 0.0, 0.269022, -5e-06, 0.269022, 0.0, -0.963134, -2.286123, 0.0, 1.0, 0.0, 0.136588, 0.0, 0.0, 0.0, 1.0], [0.963134, 0.0, 0.269022, -5e-06, 0.269022, 0.0, -0.963134, -2.323417, 0.0, 1.0, 0.0, 0.12915, 0.0, 0.0, 0.0, 1.0], [0.963134, 0.0, 0.269022, -5e-06, 0.269022, 0.0, -0.963134, -2.360418, 0.0, 1.0, 0.0, 0.121659, 0.0, 0.0, 0.0, 1.0], [0.963134, 0.0, 0.269022, -5e-06, 0.269022, 0.0, -0.963134, -2.397127, 0.0, 1.0, 0.0, 0.114146, 0.0, 0.0, 0.0, 1.0], [0.963134, 0.0, 0.269022, -5e-06, 0.269022, 0.0, -0.963134, -2.433544, 0.0, 1.0, 0.0, 0.106638, 0.0, 0.0, 0.0, 1.0], [0.963134, 0.0, 0.269022, -5e-06, 0.269022, 0.0, -0.963134, -2.469668, 0.0, 1.0, 0.0, 0.099165, 0.0, 0.0, 0.0, 1.0], [0.963134, 0.0, 0.269022, -5e-06, 0.269022, 0.0, -0.963134, -2.5055, 0.0, 1.0, 0.0, 0.091756, 0.0, 0.0, 0.0, 1.0], [0.963134, 0.0, 0.269022, -5e-06, 0.269022, 0.0, -0.963134, -2.541039, 0.0, 1.0, 0.0, 0.084439, 0.0, 0.0, 0.0, 1.0], [0.963134, 0.0, 0.269022, -5e-06, 0.269022, 0.0, -0.963134, -2.576287, 0.0, 1.0, 0.0, 0.077244, 0.0, 0.0, 0.0, 1.0], [0.963134, 0.0, 0.269022, -5e-06, 0.269022, 0.0, -0.963134, -2.611242, 0.0, 1.0, 0.0, 0.070199, 0.0, 0.0, 0.0, 1.0], [0.963134, 0.0, 0.269022, -5e-06, 0.269022, 0.0, -0.963134, -2.645906, 0.0, 1.0, 0.0, 0.063333, 0.0, 0.0, 0.0, 1.0], [0.963134, 0.0, 0.269022, -5e-06, 0.269022, 0.0, -0.963134, -2.680277, 0.0, 1.0, 0.0, 0.056675, 0.0, 0.0, 0.0, 1.0], [0.963134, 0.0, 0.269022, -5e-06, 0.269022, 0.0, -0.963134, -2.714356, 0.0, 1.0, 0.0, 0.050255, 0.0, 0.0, 0.0, 1.0], [0.963134, 0.0, 0.269022, -5e-06, 0.269022, 0.0, -0.963134, -2.748143, 0.0, 1.0, 0.0, 0.0441, 0.0, 0.0, 0.0, 1.0], [0.963134, 0.0, 0.269022, -5e-06, 0.269022, 0.0, -0.963134, -2.781639, 0.0, 1.0, 0.0, 0.038241, 0.0, 0.0, 0.0, 1.0], [0.963134, 0.0, 0.269022, -5e-06, 0.269022, 0.0, -0.963134, -2.814842, 0.0, 1.0, 0.0, 0.032705, 0.0, 0.0, 0.0, 1.0], [0.963134, 0.0, 0.269022, -5e-06, 0.269022, 0.0, -0.963134, -2.847754, 0.0, 1.0, 0.0, 0.027522, 0.0, 0.0, 0.0, 1.0], [0.963134, 0.0, 0.269022, -5e-06, 0.269022, 0.0, -0.963134, -2.880374, 0.0, 1.0, 0.0, 0.022721, 0.0, 0.0, 0.0, 1.0], [0.963134, 0.0, 0.269022, -5e-06, 0.269022, 0.0, -0.963134, -2.912702, 0.0, 1.0, 0.0, 0.01833, 0.0, 0.0, 0.0, 1.0], [0.963134, 0.0, 0.269022, -5e-06, 0.269022, 0.0, -0.963134, -2.944738, 0.0, 1.0, 0.0, 0.014379, 0.0, 0.0, 0.0, 1.0], [0.963134, 0.0, 0.269022, -5e-06, 0.269022, 0.0, -0.963134, -2.976483, 0.0, 1.0, 0.0, 0.010897, 0.0, 0.0, 0.0, 1.0], [0.963134, 0.0, 0.269022, -5e-06, 0.269022, 0.0, -0.963134, -3.007936, 0.0, 1.0, 0.0, 0.007911, 0.0, 0.0, 0.0, 1.0], [0.963134, 0.0, 0.269022, -5e-06, 0.269022, 0.0, -0.963134, -3.039098, 0.0, 1.0, 0.0, 0.005452, 0.0, 0.0, 0.0, 1.0], [0.963134, 0.0, 0.269022, -5e-06, 0.269022, 0.0, -0.963134, -3.069968, 0.0, 1.0, 0.0, 0.003548, 0.0, 0.0, 0.0, 1.0], [0.963134, 0.0, 0.269022, -5e-06, 0.269022, 0.0, -0.963134, -3.100547, 0.0, 1.0, 0.0, 0.002229, 0.0, 0.0, 0.0, 1.0], [0.963134, 0.0, 0.269022, -5e-06, 0.269022, 0.0, -0.963134, -3.130835, 0.0, 1.0, 0.0, 0.001522, 0.0, 0.0, 0.0, 1.0], [0.963136, 0.0, 0.269017, -5e-06, 0.269017, 0.0, -0.963136, -3.160831, 0.0, 1.0, 0.0, 0.001135, 0.0, 0.0, 0.0, 1.0], [0.96314, 0.0, 0.269, -5e-06, 0.269, 0.0, -0.96314, -3.190536, 0.0, 1.0, 0.0, 0.000755, 0.0, 0.0, 0.0, 1.0], [0.963148, 0.0, 0.268973, -5e-06, 0.268973, 0.0, -0.963148, -3.219953, 0.0, 1.0, 0.0, 0.000383, 0.0, 0.0, 0.0, 1.0], [0.963158, 0.0, 0.268935, -5e-06, 0.268935, 0.0, -0.963158, -3.24908, 0.0, 1.0, 0.0, 1.7e-05, 0.0, 0.0, 0.0, 1.0], [0.963172, 0.0, 0.268887, -5e-06, 0.268887, 0.0, -0.963172, -3.27792, 0.0, 1.0, 0.0, -0.000341, 0.0, 0.0, 0.0, 1.0], [0.963188, 0.0, 0.268828, -5e-06, 0.268828, 0.0, -0.963188, -3.306472, 0.0, 1.0, 0.0, -0.000693, 0.0, 0.0, 0.0, 1.0], [0.963208, 0.0, 0.268758, -5e-06, 0.268758, 0.0, -0.963208, -3.334738, 0.0, 1.0, 0.0, -0.001038, 0.0, 0.0, 0.0, 1.0], [0.96323, 0.0, 0.268678, -5e-06, 0.268678, 0.0, -0.96323, -3.362719, 0.0, 1.0, 0.0, -0.001376, 0.0, 0.0, 0.0, 1.0], [0.963256, 0.0, 0.268587, -5e-06, 0.268587, 0.0, -0.963256, -3.390416, 0.0, 1.0, 0.0, -0.001707, 0.0, 0.0, 0.0, 1.0], [0.963284, 0.0, 0.268485, -5e-06, 0.268485, 0.0, -0.963284, -3.417829, 0.0, 1.0, 0.0, -0.002031, 0.0, 0.0, 0.0, 1.0], [0.963315, 0.0, 0.268373, -5e-06, 0.268373, 0.0, -0.963315, -3.44496, 0.0, 1.0, 0.0, -0.002349, 0.0, 0.0, 0.0, 1.0], [0.963349, 0.0, 0.268251, -5e-06, 0.268251, 0.0, -0.963349, -3.471809, 0.0, 1.0, 0.0, -0.002661, 0.0, 0.0, 0.0, 1.0], [0.963386, 0.0, 0.268118, -5e-06, 0.268118, 0.0, -0.963386, -3.498377, 0.0, 1.0, 0.0, -0.002966, 0.0, 0.0, 0.0, 1.0], [0.963426, 0.0, 0.267975, -5e-06, 0.267975, 0.0, -0.963426, -3.524664, 0.0, 1.0, 0.0, -0.003264, 0.0, 0.0, 0.0, 1.0], [0.963468, 0.0, 0.267822, -5e-06, 0.267822, 0.0, -0.963468, -3.550673, 0.0, 1.0, 0.0, -0.003556, 0.0, 0.0, 0.0, 1.0], [0.963514, 0.0, 0.267658, -5e-06, 0.267658, 0.0, -0.963514, -3.576403, 0.0, 1.0, 0.0, -0.003842, 0.0, 0.0, 0.0, 1.0], [0.963562, 0.0, 0.267485, -5e-06, 0.267485, 0.0, -0.963562, -3.601857, 0.0, 1.0, 0.0, -0.004122, 0.0, 0.0, 0.0, 1.0], [0.963613, 0.0, 0.267301, -5e-06, 0.267301, 0.0, -0.963613, -3.627033, 0.0, 1.0, 0.0, -0.004396, 0.0, 0.0, 0.0, 1.0], [0.963667, 0.0, 0.267107, -5e-06, 0.267107, 0.0, -0.963667, -3.651934, 0.0, 1.0, 0.0, -0.004664, 0.0, 0.0, 0.0, 1.0], [0.963724, 0.0, 0.266902, -5e-06, 0.266902, 0.0, -0.963724, -3.67656, 0.0, 1.0, 0.0, -0.004925, 0.0, 0.0, 0.0, 1.0], [0.963783, 0.0, 0.266688, -5e-06, 0.266688, 0.0, -0.963783, -3.700912, 0.0, 1.0, 0.0, -0.005181, 0.0, 0.0, 0.0, 1.0], [0.963845, 0.0, 0.266464, -5e-06, 0.266464, 0.0, -0.963845, -3.724991, 0.0, 1.0, 0.0, -0.005431, 0.0, 0.0, 0.0, 1.0], [0.96391, 0.0, 0.26623, -5e-06, 0.26623, 0.0, -0.96391, -3.748798, 0.0, 1.0, 0.0, -0.005676, 0.0, 0.0, 0.0, 1.0], [0.963977, 0.0, 0.265986, -5e-06, 0.265986, 0.0, -0.963977, -3.772334, 0.0, 1.0, 0.0, -0.005914, 0.0, 0.0, 0.0, 1.0], [0.964047, 0.0, 0.265732, -5e-06, 0.265732, 0.0, -0.964047, -3.795599, 0.0, 1.0, 0.0, -0.006147, 0.0, 0.0, 0.0, 1.0], [0.96412, 0.0, 0.265468, -5e-06, 0.265468, 0.0, -0.96412, -3.818594, 0.0, 1.0, 0.0, -0.006375, 0.0, 0.0, 0.0, 1.0], [0.964195, 0.0, 0.265195, -5e-06, 0.265195, 0.0, -0.964195, -3.841321, 0.0, 1.0, 0.0, -0.006597, 0.0, 0.0, 0.0, 1.0], [0.964273, 0.0, 0.264911, -5e-06, 0.264911, 0.0, -0.964273, -3.86378, 0.0, 1.0, 0.0, -0.006814, 0.0, 0.0, 0.0, 1.0], [0.964353, 0.0, 0.264618, -5e-06, 0.264618, 0.0, -0.964353, -3.885972, 0.0, 1.0, 0.0, -0.007025, 0.0, 0.0, 0.0, 1.0], [0.964436, 0.0, 0.264316, -5e-06, 0.264316, 0.0, -0.964436, -3.907898, 0.0, 1.0, 0.0, -0.007231, 0.0, 0.0, 0.0, 1.0], [0.964522, 0.0, 0.264003, -5e-06, 0.264003, 0.0, -0.964522, -3.929559, 0.0, 1.0, 0.0, -0.007432, 0.0, 0.0, 0.0, 1.0], [0.96461, 0.0, 0.263682, -5e-06, 0.263682, 0.0, -0.96461, -3.950955, 0.0, 1.0, 0.0, -0.007628, 0.0, 0.0, 0.0, 1.0], [0.9647, 0.0, 0.26335, -5e-06, 0.26335, 0.0, -0.9647, -3.972088, 0.0, 1.0, 0.0, -0.007818, 0.0, 0.0, 0.0, 1.0], [0.964793, 0.0, 0.263009, -5e-06, 0.263009, 0.0, -0.964793, -3.992959, 0.0, 1.0, 0.0, -0.008004, 0.0, 0.0, 0.0, 1.0], [0.964889, 0.0, 0.262659, -5e-06, 0.262659, 0.0, -0.964889, -4.013567, 0.0, 1.0, 0.0, -0.008185, 0.0, 0.0, 0.0, 1.0], [0.964987, 0.0, 0.262299, -5e-06, 0.262299, 0.0, -0.964987, -4.033916, 0.0, 1.0, 0.0, -0.008361, 0.0, 0.0, 0.0, 1.0], [0.965087, 0.0, 0.26193, -5e-06, 0.26193, 0.0, -0.965087, -4.054003, 0.0, 1.0, 0.0, -0.008532, 0.0, 0.0, 0.0, 1.0], [0.96519, 0.0, 0.261551, -5e-06, 0.261551, 0.0, -0.96519, -4.073832, 0.0, 1.0, 0.0, -0.008699, 0.0, 0.0, 0.0, 1.0], [0.965295, 0.0, 0.261163, -5e-06, 0.261163, 0.0, -0.965295, -4.093403, 0.0, 1.0, 0.0, -0.008861, 0.0, 0.0, 0.0, 1.0], [0.965402, 0.0, 0.260766, -5e-06, 0.260766, 0.0, -0.965402, -4.112716, 0.0, 1.0, 0.0, -0.009018, 0.0, 0.0, 0.0, 1.0], [0.965512, 0.0, 0.260359, -5e-06, 0.260359, 0.0, -0.965512, -4.131772, 0.0, 1.0, 0.0, -0.009171, 0.0, 0.0, 0.0, 1.0], [0.965624, 0.0, 0.259944, -5e-06, 0.259944, 0.0, -0.965624, -4.150573, 0.0, 1.0, 0.0, -0.009319, 0.0, 0.0, 0.0, 1.0], [0.965738, 0.0, 0.259519, -5e-06, 0.259519, 0.0, -0.965738, -4.169119, 0.0, 1.0, 0.0, -0.009464, 0.0, 0.0, 0.0, 1.0], [0.965854, 0.0, 0.259085, -5e-06, 0.259085, 0.0, -0.965854, -4.187411, 0.0, 1.0, 0.0, -0.009603, 0.0, 0.0, 0.0, 1.0], [0.965973, 0.0, 0.258642, -5e-06, 0.258642, 0.0, -0.965973, -4.205451, 0.0, 1.0, 0.0, -0.009739, 0.0, 0.0, 0.0, 1.0], [0.966094, 0.0, 0.25819, -5e-06, 0.25819, 0.0, -0.966094, -4.223238, 0.0, 1.0, 0.0, -0.009871, 0.0, 0.0, 0.0, 1.0], [0.966217, 0.0, 0.257729, -5e-06, 0.257729, 0.0, -0.966217, -4.240775, 0.0, 1.0, 0.0, -0.009998, 0.0, 0.0, 0.0, 1.0], [0.966342, 0.0, 0.25726, -5e-06, 0.25726, 0.0, -0.966342, -4.25806, 0.0, 1.0, 0.0, -0.010122, 0.0, 0.0, 0.0, 1.0], [0.96647, 0.0, 0.256781, -5e-06, 0.256781, 0.0, -0.96647, -4.275095, 0.0, 1.0, 0.0, -0.010241, 0.0, 0.0, 0.0, 1.0], [0.966599, 0.0, 0.256293, -5e-06, 0.256293, 0.0, -0.966599, -4.291883, 0.0, 1.0, 0.0, -0.010357, 0.0, 0.0, 0.0, 1.0], [0.966731, 0.0, 0.255796, -5e-06, 0.255796, 0.0, -0.966731, -4.308423, 0.0, 1.0, 0.0, -0.010469, 0.0, 0.0, 0.0, 1.0], [0.966864, 0.0, 0.255291, -5e-06, 0.255291, 0.0, -0.966864, -4.324716, 0.0, 1.0, 0.0, -0.010577, 0.0, 0.0, 0.0, 1.0], [0.967, 0.0, 0.254777, -5e-06, 0.254777, 0.0, -0.967, -4.340762, 0.0, 1.0, 0.0, -0.010682, 0.0, 0.0, 0.0, 1.0], [0.967137, 0.0, 0.254254, -5e-06, 0.254254, 0.0, -0.967137, -4.356564, 0.0, 1.0, 0.0, -0.010783, 0.0, 0.0, 0.0, 1.0], [0.967277, 0.0, 0.253723, -5e-06, 0.253723, 0.0, -0.967277, -4.372121, 0.0, 1.0, 0.0, -0.01088, 0.0, 0.0, 0.0, 1.0], [0.967418, 0.0, 0.253183, -5e-06, 0.253183, 0.0, -0.967418, -4.387434, 0.0, 1.0, 0.0, -0.010975, 0.0, 0.0, 0.0, 1.0], [0.967562, 0.0, 0.252634, -5e-06, 0.252634, 0.0, -0.967562, -4.402506, 0.0, 1.0, 0.0, -0.011065, 0.0, 0.0, 0.0, 1.0], [0.967707, 0.0, 0.252077, -5e-06, 0.252077, 0.0, -0.967707, -4.417336, 0.0, 1.0, 0.0, -0.011153, 0.0, 0.0, 0.0, 1.0], [0.967854, 0.0, 0.251511, -5e-06, 0.251511, 0.0, -0.967854, -4.431924, 0.0, 1.0, 0.0, -0.011237, 0.0, 0.0, 0.0, 1.0], [0.968004, 0.0, 0.250937, -5e-06, 0.250937, 0.0, -0.968004, -4.446273, 0.0, 1.0, 0.0, -0.011318, 0.0, 0.0, 0.0, 1.0], [0.968154, 0.0, 0.250354, -5e-06, 0.250354, 0.0, -0.968154, -4.460383, 0.0, 1.0, 0.0, -0.011396, 0.0, 0.0, 0.0, 1.0], [0.968307, 0.0, 0.249763, -5e-06, 0.249763, 0.0, -0.968307, -4.474254, 0.0, 1.0, 0.0, -0.011471, 0.0, 0.0, 0.0, 1.0], [0.968462, 0.0, 0.249163, -5e-06, 0.249163, 0.0, -0.968462, -4.487889, 0.0, 1.0, 0.0, -0.011543, 0.0, 0.0, 0.0, 1.0], [0.968618, 0.0, 0.248555, -5e-06, 0.248555, 0.0, -0.968618, -4.501286, 0.0, 1.0, 0.0, -0.011613, 0.0, 0.0, 0.0, 1.0], [0.968776, 0.0, 0.247939, -5e-06, 0.247939, 0.0, -0.968776, -4.514448, 0.0, 1.0, 0.0, -0.011679, 0.0, 0.0, 0.0, 1.0], [0.968935, 0.0, 0.247315, -5e-06, 0.247315, 0.0, -0.968935, -4.527376, 0.0, 1.0, 0.0, -0.011743, 0.0, 0.0, 0.0, 1.0], [0.969096, 0.0, 0.246682, -5e-06, 0.246682, 0.0, -0.969096, -4.540069, 0.0, 1.0, 0.0, -0.011804, 0.0, 0.0, 0.0, 1.0], [0.969259, 0.0, 0.246042, -5e-06, 0.246042, 0.0, -0.969259, -4.55253, 0.0, 1.0, 0.0, -0.011862, 0.0, 0.0, 0.0, 1.0], [0.969424, 0.0, 0.245393, -5e-06, 0.245393, 0.0, -0.969424, -4.564758, 0.0, 1.0, 0.0, -0.011918, 0.0, 0.0, 0.0, 1.0], [0.96959, 0.0, 0.244736, -5e-06, 0.244736, 0.0, -0.96959, -4.576756, 0.0, 1.0, 0.0, -0.011972, 0.0, 0.0, 0.0, 1.0], [0.969757, 0.0, 0.244071, -5e-06, 0.244071, 0.0, -0.969757, -4.588523, 0.0, 1.0, 0.0, -0.012023, 0.0, 0.0, 0.0, 1.0], [0.969927, 0.0, 0.243398, -5e-06, 0.243398, 0.0, -0.969927, -4.600061, 0.0, 1.0, 0.0, -0.012072, 0.0, 0.0, 0.0, 1.0], [0.970097, 0.0, 0.242717, -5e-06, 0.242717, 0.0, -0.970097, -4.61137, 0.0, 1.0, 0.0, -0.012118, 0.0, 0.0, 0.0, 1.0], [0.970269, 0.0, 0.242028, -5e-06, 0.242028, 0.0, -0.970269, -4.622451, 0.0, 1.0, 0.0, -0.012163, 0.0, 0.0, 0.0, 1.0], [0.970443, 0.0, 0.241331, -5e-06, 0.241331, 0.0, -0.970443, -4.633305, 0.0, 1.0, 0.0, -0.012205, 0.0, 0.0, 0.0, 1.0], [0.970618, 0.0, 0.240627, -5e-06, 0.240627, 0.0, -0.970618, -4.643933, 0.0, 1.0, 0.0, -0.012246, 0.0, 0.0, 0.0, 1.0], [0.970794, 0.0, 0.239914, -5e-06, 0.239914, 0.0, -0.970794, -4.654336, 0.0, 1.0, 0.0, -0.012284, 0.0, 0.0, 0.0, 1.0], [0.970972, 0.0, 0.239194, -5e-06, 0.239194, 0.0, -0.970972, -4.664515, 0.0, 1.0, 0.0, -0.01232, 0.0, 0.0, 0.0, 1.0], [0.971151, 0.0, 0.238466, -5e-06, 0.238466, 0.0, -0.971151, -4.674471, 0.0, 1.0, 0.0, -0.012355, 0.0, 0.0, 0.0, 1.0], [0.971331, 0.0, 0.23773, -5e-06, 0.23773, 0.0, -0.971331, -4.684205, 0.0, 1.0, 0.0, -0.012388, 0.0, 0.0, 0.0, 1.0], [0.971513, 0.0, 0.236987, -5e-06, 0.236987, 0.0, -0.971513, -4.693715, 0.0, 1.0, 0.0, -0.012419, 0.0, 0.0, 0.0, 1.0], [0.971696, 0.0, 0.236236, -5e-06, 0.236236, 0.0, -0.971696, -4.703006, 0.0, 1.0, 0.0, -0.012449, 0.0, 0.0, 0.0, 1.0], [0.97188, 0.0, 0.235477, -5e-06, 0.235477, 0.0, -0.97188, -4.712077, 0.0, 1.0, 0.0, -0.012477, 0.0, 0.0, 0.0, 1.0], [0.972065, 0.0, 0.234711, -5e-06, 0.234711, 0.0, -0.972065, -4.720929, 0.0, 1.0, 0.0, -0.012504, 0.0, 0.0, 0.0, 1.0], [0.972251, 0.0, 0.233938, -5e-06, 0.233938, 0.0, -0.972251, -4.729562, 0.0, 1.0, 0.0, -0.012529, 0.0, 0.0, 0.0, 1.0], [0.972439, 0.0, 0.233157, -5e-06, 0.233157, 0.0, -0.972439, -4.737979, 0.0, 1.0, 0.0, -0.012553, 0.0, 0.0, 0.0, 1.0], [0.972628, 0.0, 0.232368, -5e-06, 0.232368, 0.0, -0.972628, -4.746179, 0.0, 1.0, 0.0, -0.012576, 0.0, 0.0, 0.0, 1.0], [0.972818, 0.0, 0.231573, -5e-06, 0.231573, 0.0, -0.972818, -4.754163, 0.0, 1.0, 0.0, -0.012598, 0.0, 0.0, 0.0, 1.0], [0.973008, 0.0, 0.230769, -5e-06, 0.230769, 0.0, -0.973008, -4.761933, 0.0, 1.0, 0.0, -0.012618, 0.0, 0.0, 0.0, 1.0], [0.9732, 0.0, 0.229959, -5e-06, 0.229959, 0.0, -0.9732, -4.769489, 0.0, 1.0, 0.0, -0.012638, 0.0, 0.0, 0.0, 1.0], [0.973393, 0.0, 0.229141, -5e-06, 0.229141, 0.0, -0.973393, -4.776832, 0.0, 1.0, 0.0, -0.012656, 0.0, 0.0, 0.0, 1.0], [0.973587, 0.0, 0.228316, -5e-06, 0.228316, 0.0, -0.973587, -4.783963, 0.0, 1.0, 0.0, -0.012674, 0.0, 0.0, 0.0, 1.0], [0.973782, 0.0, 0.227484, -5e-06, 0.227484, 0.0, -0.973782, -4.790882, 0.0, 1.0, 0.0, -0.01269, 0.0, 0.0, 0.0, 1.0], [0.973978, 0.0, 0.226645, -5e-06, 0.226645, 0.0, -0.973978, -4.797592, 0.0, 1.0, 0.0, -0.012706, 0.0, 0.0, 0.0, 1.0], [0.974174, 0.0, 0.225798, -5e-06, 0.225798, 0.0, -0.974174, -4.804092, 0.0, 1.0, 0.0, -0.012722, 0.0, 0.0, 0.0, 1.0], [0.974371, 0.0, 0.224945, -5e-06, 0.224945, 0.0, -0.974371, -4.810384, 0.0, 1.0, 0.0, -0.012736, 0.0, 0.0, 0.0, 1.0], [0.97457, 0.0, 0.224085, -5e-06, 0.224085, 0.0, -0.97457, -4.816468, 0.0, 1.0, 0.0, -0.012751, 0.0, 0.0, 0.0, 1.0], [0.974769, 0.0, 0.223217, -5e-06, 0.223217, 0.0, -0.974769, -4.822344, 0.0, 1.0, 0.0, -0.012764, 0.0, 0.0, 0.0, 1.0], [0.974969, 0.0, 0.222343, -5e-06, 0.222343, 0.0, -0.974969, -4.828015, 0.0, 1.0, 0.0, -0.012778, 0.0, 0.0, 0.0, 1.0], [0.975169, 0.0, 0.221461, -5e-06, 0.221461, 0.0, -0.975169, -4.833481, 0.0, 1.0, 0.0, -0.01279, 0.0, 0.0, 0.0, 1.0], [0.97537, 0.0, 0.220573, -5e-06, 0.220573, 0.0, -0.97537, -4.838743, 0.0, 1.0, 0.0, -0.012803, 0.0, 0.0, 0.0, 1.0], [0.975572, 0.0, 0.219678, -5e-06, 0.219678, 0.0, -0.975572, -4.843801, 0.0, 1.0, 0.0, -0.012816, 0.0, 0.0, 0.0, 1.0], [0.975775, 0.0, 0.218776, -5e-06, 0.218776, 0.0, -0.975775, -4.848657, 0.0, 1.0, 0.0, -0.012828, 0.0, 0.0, 0.0, 1.0], [0.975978, 0.0, 0.217868, -5e-06, 0.217868, 0.0, -0.975978, -4.853312, 0.0, 1.0, 0.0, -0.01284, 0.0, 0.0, 0.0, 1.0], [0.976182, 0.0, 0.216953, -5e-06, 0.216953, 0.0, -0.976182, -4.857766, 0.0, 1.0, 0.0, -0.012853, 0.0, 0.0, 0.0, 1.0], [0.976387, 0.0, 0.216031, -5e-06, 0.216031, 0.0, -0.976387, -4.862019, 0.0, 1.0, 0.0, -0.012865, 0.0, 0.0, 0.0, 1.0], [0.976592, 0.0, 0.215102, -5e-06, 0.215102, 0.0, -0.976592, -4.866074, 0.0, 1.0, 0.0, -0.012878, 0.0, 0.0, 0.0, 1.0], [0.976797, 0.0, 0.214167, -5e-06, 0.214167, 0.0, -0.976797, -4.86993, 0.0, 1.0, 0.0, -0.01289, 0.0, 0.0, 0.0, 1.0], [0.977003, 0.0, 0.213226, -5e-06, 0.213226, 0.0, -0.977003, -4.87359, 0.0, 1.0, 0.0, -0.012904, 0.0, 0.0, 0.0, 1.0], [0.977209, 0.0, 0.212278, -5e-06, 0.212278, 0.0, -0.977209, -4.877053, 0.0, 1.0, 0.0, -0.012917, 0.0, 0.0, 0.0, 1.0], [0.977416, 0.0, 0.211323, -5e-06, 0.211323, 0.0, -0.977416, -4.880321, 0.0, 1.0, 0.0, -0.012931, 0.0, 0.0, 0.0, 1.0], [0.977623, 0.0, 0.210362, -5e-06, 0.210362, 0.0, -0.977623, -4.883479, 0.0, 1.0, 0.0, -0.012945, 0.0, 0.0, 0.0, 1.0], [0.977831, 0.0, 0.209395, -5e-06, 0.209395, 0.0, -0.977831, -4.886613, 0.0, 1.0, 0.0, -0.01296, 0.0, 0.0, 0.0, 1.0], [0.978039, 0.0, 0.208421, -5e-06, 0.208421, 0.0, -0.978039, -4.889724, 0.0, 1.0, 0.0, -0.012976, 0.0, 0.0, 0.0, 1.0], [0.978247, 0.0, 0.207441, -5e-06, 0.207441, 0.0, -0.978247, -4.892811, 0.0, 1.0, 0.0, -0.012992, 0.0, 0.0, 0.0, 1.0], [0.978456, 0.0, 0.206455, -5e-06, 0.206455, 0.0, -0.978456, -4.895874, 0.0, 1.0, 0.0, -0.013008, 0.0, 0.0, 0.0, 1.0], [0.978665, 0.0, 0.205463, -5e-06, 0.205463, 0.0, -0.978665, -4.898914, 0.0, 1.0, 0.0, -0.013025, 0.0, 0.0, 0.0, 1.0], [0.978874, 0.0, 0.204466, -5e-06, 0.204466, 0.0, -0.978874, -4.901931, 0.0, 1.0, 0.0, -0.013042, 0.0, 0.0, 0.0, 1.0], [0.979083, 0.0, 0.203462, -5e-06, 0.203462, 0.0, -0.979083, -4.904923, 0.0, 1.0, 0.0, -0.01306, 0.0, 0.0, 0.0, 1.0], [0.979292, 0.0, 0.202452, -5e-06, 0.202452, 0.0, -0.979292, -4.907894, 0.0, 1.0, 0.0, -0.013078, 0.0, 0.0, 0.0, 1.0], [0.979502, 0.0, 0.201436, -5e-06, 0.201436, 0.0, -0.979502, -4.910841, 0.0, 1.0, 0.0, -0.013097, 0.0, 0.0, 0.0, 1.0], [0.979711, 0.0, 0.200415, -5e-06, 0.200415, 0.0, -0.979711, -4.913764, 0.0, 1.0, 0.0, -0.013117, 0.0, 0.0, 0.0, 1.0], [0.979921, 0.0, 0.199388, -5e-06, 0.199388, 0.0, -0.979921, -4.916666, 0.0, 1.0, 0.0, -0.013136, 0.0, 0.0, 0.0, 1.0], [0.98013, 0.0, 0.198356, -5e-06, 0.198356, 0.0, -0.98013, -4.919544, 0.0, 1.0, 0.0, -0.013157, 0.0, 0.0, 0.0, 1.0], [0.98034, 0.0, 0.197318, -5e-06, 0.197318, 0.0, -0.98034, -4.9224, 0.0, 1.0, 0.0, -0.013177, 0.0, 0.0, 0.0, 1.0], [0.980549, 0.0, 0.196275, -5e-06, 0.196275, 0.0, -0.980549, -4.925232, 0.0, 1.0, 0.0, -0.013198, 0.0, 0.0, 0.0, 1.0], [0.980758, 0.0, 0.195226, -5e-06, 0.195226, 0.0, -0.980758, -4.928042, 0.0, 1.0, 0.0, -0.01322, 0.0, 0.0, 0.0, 1.0], [0.980968, 0.0, 0.194172, -5e-06, 0.194172, 0.0, -0.980968, -4.93083, 0.0, 1.0, 0.0, -0.013242, 0.0, 0.0, 0.0, 1.0], [0.981177, 0.0, 0.193113, -5e-06, 0.193113, 0.0, -0.981177, -4.933595, 0.0, 1.0, 0.0, -0.013264, 0.0, 0.0, 0.0, 1.0], [0.981385, 0.0, 0.192048, -5e-06, 0.192048, 0.0, -0.981385, -4.936337, 0.0, 1.0, 0.0, -0.013287, 0.0, 0.0, 0.0, 1.0], [0.981594, 0.0, 0.190979, -5e-06, 0.190979, 0.0, -0.981594, -4.939059, 0.0, 1.0, 0.0, -0.01331, 0.0, 0.0, 0.0, 1.0], [0.981803, 0.0, 0.189905, -5e-06, 0.189905, 0.0, -0.981803, -4.941757, 0.0, 1.0, 0.0, -0.013334, 0.0, 0.0, 0.0, 1.0], [0.982011, 0.0, 0.188826, -5e-06, 0.188826, 0.0, -0.982011, -4.944434, 0.0, 1.0, 0.0, -0.013358, 0.0, 0.0, 0.0, 1.0], [0.982219, 0.0, 0.187741, -5e-06, 0.187741, 0.0, -0.982219, -4.947089, 0.0, 1.0, 0.0, -0.013383, 0.0, 0.0, 0.0, 1.0], [0.982426, 0.0, 0.186653, -5e-06, 0.186653, 0.0, -0.982426, -4.949721, 0.0, 1.0, 0.0, -0.013408, 0.0, 0.0, 0.0, 1.0], [0.982633, 0.0, 0.185559, -5e-06, 0.185559, 0.0, -0.982633, -4.952332, 0.0, 1.0, 0.0, -0.013433, 0.0, 0.0, 0.0, 1.0], [0.98284, 0.0, 0.184461, -5e-06, 0.184461, 0.0, -0.98284, -4.954922, 0.0, 1.0, 0.0, -0.013459, 0.0, 0.0, 0.0, 1.0], [0.983046, 0.0, 0.183358, -5e-06, 0.183358, 0.0, -0.983046, -4.95749, 0.0, 1.0, 0.0, -0.013485, 0.0, 0.0, 0.0, 1.0], [0.983252, 0.0, 0.182251, -5e-06, 0.182251, 0.0, -0.983252, -4.960036, 0.0, 1.0, 0.0, -0.013512, 0.0, 0.0, 0.0, 1.0], [0.983457, 0.0, 0.181139, -5e-06, 0.181139, 0.0, -0.983457, -4.962561, 0.0, 1.0, 0.0, -0.013539, 0.0, 0.0, 0.0, 1.0], [0.983662, 0.0, 0.180023, -5e-06, 0.180023, 0.0, -0.983662, -4.965065, 0.0, 1.0, 0.0, -0.013566, 0.0, 0.0, 0.0, 1.0], [0.983867, 0.0, 0.178903, -5e-06, 0.178903, 0.0, -0.983867, -4.967547, 0.0, 1.0, 0.0, -0.013594, 0.0, 0.0, 0.0, 1.0], [0.98407, 0.0, 0.177779, -5e-06, 0.177779, 0.0, -0.98407, -4.970008, 0.0, 1.0, 0.0, -0.013622, 0.0, 0.0, 0.0, 1.0], [0.984274, 0.0, 0.176651, -5e-06, 0.176651, 0.0, -0.984274, -4.972448, 0.0, 1.0, 0.0, -0.01365, 0.0, 0.0, 0.0, 1.0], [0.984476, 0.0, 0.175518, -5e-06, 0.175518, 0.0, -0.984476, -4.974868, 0.0, 1.0, 0.0, -0.013679, 0.0, 0.0, 0.0, 1.0], [0.984678, 0.0, 0.174382, -5e-06, 0.174382, 0.0, -0.984678, -4.977266, 0.0, 1.0, 0.0, -0.013708, 0.0, 0.0, 0.0, 1.0], [0.984879, 0.0, 0.173241, -5e-06, 0.173241, 0.0, -0.984879, -4.979644, 0.0, 1.0, 0.0, -0.013738, 0.0, 0.0, 0.0, 1.0], [0.98508, 0.0, 0.172097, -5e-06, 0.172097, 0.0, -0.98508, -4.982001, 0.0, 1.0, 0.0, -0.013768, 0.0, 0.0, 0.0, 1.0], [0.98528, 0.0, 0.170949, -5e-06, 0.170949, 0.0, -0.98528, -4.984338, 0.0, 1.0, 0.0, -0.013798, 0.0, 0.0, 0.0, 1.0], [0.985479, 0.0, 0.169798, -5e-06, 0.169798, 0.0, -0.985479, -4.986653, 0.0, 1.0, 0.0, -0.013829, 0.0, 0.0, 0.0, 1.0], [0.985677, 0.0, 0.168643, -5e-06, 0.168643, 0.0, -0.985677, -4.988949, 0.0, 1.0, 0.0, -0.01386, 0.0, 0.0, 0.0, 1.0], [0.985875, 0.0, 0.167484, -5e-06, 0.167484, 0.0, -0.985875, -4.991224, 0.0, 1.0, 0.0, -0.013891, 0.0, 0.0, 0.0, 1.0], [0.986071, 0.0, 0.166322, -5e-06, 0.166322, 0.0, -0.986071, -4.993479, 0.0, 1.0, 0.0, -0.013923, 0.0, 0.0, 0.0, 1.0], [0.986267, 0.0, 0.165157, -5e-06, 0.165157, 0.0, -0.986267, -4.995714, 0.0, 1.0, 0.0, -0.013955, 0.0, 0.0, 0.0, 1.0], [0.986462, 0.0, 0.163988, -5e-06, 0.163988, 0.0, -0.986462, -4.997929, 0.0, 1.0, 0.0, -0.013987, 0.0, 0.0, 0.0, 1.0], [0.986656, 0.0, 0.162816, -5e-06, 0.162816, 0.0, -0.986656, -5.000124, 0.0, 1.0, 0.0, -0.01402, 0.0, 0.0, 0.0, 1.0], [0.98685, 0.0, 0.161641, -5e-06, 0.161641, 0.0, -0.98685, -5.002299, 0.0, 1.0, 0.0, -0.014053, 0.0, 0.0, 0.0, 1.0], [0.987042, 0.0, 0.160463, -5e-06, 0.160463, 0.0, -0.987042, -5.004454, 0.0, 1.0, 0.0, -0.014086, 0.0, 0.0, 0.0, 1.0], [0.987233, 0.0, 0.159282, -5e-06, 0.159282, 0.0, -0.987233, -5.00659, 0.0, 1.0, 0.0, -0.01412, 0.0, 0.0, 0.0, 1.0], [0.987423, 0.0, 0.158098, -5e-06, 0.158098, 0.0, -0.987423, -5.008706, 0.0, 1.0, 0.0, -0.014154, 0.0, 0.0, 0.0, 1.0], [0.987613, 0.0, 0.156911, -5e-06, 0.156911, 0.0, -0.987613, -5.010802, 0.0, 1.0, 0.0, -0.014188, 0.0, 0.0, 0.0, 1.0], [0.987801, 0.0, 0.155722, -5e-06, 0.155722, 0.0, -0.987801, -5.012878, 0.0, 1.0, 0.0, -0.014222, 0.0, 0.0, 0.0, 1.0], [0.987988, 0.0, 0.154529, -5e-06, 0.154529, 0.0, -0.987988, -5.014936, 0.0, 1.0, 0.0, -0.014257, 0.0, 0.0, 0.0, 1.0], [0.988174, 0.0, 0.153335, -5e-06, 0.153335, 0.0, -0.988174, -5.016975, 0.0, 1.0, 0.0, -0.014292, 0.0, 0.0, 0.0, 1.0], [0.988359, 0.0, 0.152137, -5e-06, 0.152137, 0.0, -0.988359, -5.018994, 0.0, 1.0, 0.0, -0.014328, 0.0, 0.0, 0.0, 1.0], [0.988543, 0.0, 0.150937, -5e-06, 0.150937, 0.0, -0.988543, -5.020995, 0.0, 1.0, 0.0, -0.014363, 0.0, 0.0, 0.0, 1.0], [0.988726, 0.0, 0.149735, -5e-06, 0.149735, 0.0, -0.988726, -5.022976, 0.0, 1.0, 0.0, -0.014399, 0.0, 0.0, 0.0, 1.0], [0.988908, 0.0, 0.148531, -5e-06, 0.148531, 0.0, -0.988908, -5.024939, 0.0, 1.0, 0.0, -0.014435, 0.0, 0.0, 0.0, 1.0], [0.989088, 0.0, 0.147324, -5e-06, 0.147324, 0.0, -0.989088, -5.026882, 0.0, 1.0, 0.0, -0.014472, 0.0, 0.0, 0.0, 1.0], [0.989268, 0.0, 0.146115, -5e-06, 0.146115, 0.0, -0.989268, -5.028807, 0.0, 1.0, 0.0, -0.014508, 0.0, 0.0, 0.0, 1.0], [0.989446, 0.0, 0.144904, -5e-06, 0.144904, 0.0, -0.989446, -5.030714, 0.0, 1.0, 0.0, -0.014545, 0.0, 0.0, 0.0, 1.0], [0.989623, 0.0, 0.143691, -5e-06, 0.143691, 0.0, -0.989623, -5.032601, 0.0, 1.0, 0.0, -0.014583, 0.0, 0.0, 0.0, 1.0], [0.989798, 0.0, 0.142476, -5e-06, 0.142476, 0.0, -0.989798, -5.034471, 0.0, 1.0, 0.0, -0.01462, 0.0, 0.0, 0.0, 1.0], [0.989973, 0.0, 0.14126, -5e-06, 0.14126, 0.0, -0.989973, -5.036322, 0.0, 1.0, 0.0, -0.014658, 0.0, 0.0, 0.0, 1.0], [0.990146, 0.0, 0.140041, -5e-06, 0.140041, 0.0, -0.990146, -5.038155, 0.0, 1.0, 0.0, -0.014696, 0.0, 0.0, 0.0, 1.0], [0.990317, 0.0, 0.138821, -5e-06, 0.138821, 0.0, -0.990317, -5.039969, 0.0, 1.0, 0.0, -0.014734, 0.0, 0.0, 0.0, 1.0], [0.990488, 0.0, 0.137599, -5e-06, 0.137599, 0.0, -0.990488, -5.041767, 0.0, 1.0, 0.0, -0.014773, 0.0, 0.0, 0.0, 1.0], [0.990657, 0.0, 0.136376, -5e-06, 0.136376, 0.0, -0.990657, -5.043545, 0.0, 1.0, 0.0, -0.014811, 0.0, 0.0, 0.0, 1.0], [0.990825, 0.0, 0.135151, -5e-06, 0.135151, 0.0, -0.990825, -5.045306, 0.0, 1.0, 0.0, -0.01485, 0.0, 0.0, 0.0, 1.0], [0.990991, 0.0, 0.133925, -5e-06, 0.133925, 0.0, -0.990991, -5.047049, 0.0, 1.0, 0.0, -0.014889, 0.0, 0.0, 0.0, 1.0], [0.991157, 0.0, 0.132698, -5e-06, 0.132698, 0.0, -0.991157, -5.048774, 0.0, 1.0, 0.0, -0.014929, 0.0, 0.0, 0.0, 1.0], [0.99132, 0.0, 0.131469, -5e-06, 0.131469, 0.0, -0.99132, -5.050482, 0.0, 1.0, 0.0, -0.014968, 0.0, 0.0, 0.0, 1.0], [0.991483, 0.0, 0.130239, -5e-06, 0.130239, 0.0, -0.991483, -5.052173, 0.0, 1.0, 0.0, -0.015008, 0.0, 0.0, 0.0, 1.0], [0.991643, 0.0, 0.129008, -5e-06, 0.129008, 0.0, -0.991643, -5.053845, 0.0, 1.0, 0.0, -0.015048, 0.0, 0.0, 0.0, 1.0], [0.991803, 0.0, 0.127776, -5e-06, 0.127776, 0.0, -0.991803, -5.055501, 0.0, 1.0, 0.0, -0.015088, 0.0, 0.0, 0.0, 1.0], [0.991961, 0.0, 0.126544, -5e-06, 0.126544, 0.0, -0.991961, -5.057139, 0.0, 1.0, 0.0, -0.015128, 0.0, 0.0, 0.0, 1.0], [0.992118,