{"animation": [{"name": "Root", "time": [0.0, 0.0083, 0.0167, 0.025, 0.0333, 0.0417, 0.05, 0.0583, 0.0667, 0.075, 0.0833, 0.0917, 0.1, 0.1083, 0.1167, 0.125, 0.1333, 0.1417, 0.15, 0.1583, 0.1667, 0.175, 0.1833, 0.1917, 0.2, 0.2083, 0.2167, 0.225, 0.2333, 0.2417, 0.25, 0.2583, 0.2667, 0.275, 0.2833, 0.2917, 0.3, 0.3083, 0.3167, 0.325, 0.3333, 0.3417, 0.35, 0.3583, 0.3667, 0.375, 0.3833, 0.3917, 0.4, 0.4083, 0.4167, 0.425, 0.4333, 0.4417, 0.45, 0.4583, 0.4667, 0.475, 0.4833, 0.4917, 0.5, 0.5083, 0.5167, 0.525, 0.5333, 0.5417, 0.55, 0.5583, 0.5667, 0.575, 0.5833, 0.5917, 0.6, 0.6083, 0.6167, 0.625, 0.6333, 0.6417, 0.65, 0.6583, 0.6667, 0.675, 0.6833, 0.6917, 0.7, 0.7083, 0.7167, 0.725, 0.7333, 0.7417, 0.75, 0.7583, 0.7667, 0.775, 0.7833, 0.7917, 0.8, 0.8083, 0.8167, 0.825, 0.8333, 0.8417, 0.85, 0.8583, 0.8667, 0.875, 0.8833, 0.8917, 0.9, 0.9083, 0.9167, 0.925, 0.9333, 0.9417, 0.95, 0.9583, 0.9667, 0.975, 0.9833, 0.9917, 1.0, 1.0083, 1.0167, 1.025, 1.0333, 1.0417, 1.05, 1.0583, 1.0667, 1.075, 1.0833, 1.0917, 1.1, 1.1083, 1.1167, 1.125, 1.1333, 1.1417, 1.15, 1.1583, 1.1667, 1.175, 1.1833, 1.1917, 1.2, 1.2083, 1.2167, 1.225, 1.2333, 1.2417, 1.25, 1.2583, 1.2667, 1.275, 1.2833, 1.2917, 1.3, 1.3083, 1.3167, 1.325, 1.3333, 1.3417, 1.35, 1.3583, 1.3667, 1.375, 1.3833, 1.3917, 1.4, 1.4083, 1.4167, 1.425, 1.4333, 1.4417, 1.45, 1.4583, 1.4667, 1.475, 1.4833, 1.4917, 1.5, 1.5083, 1.5167, 1.525, 1.5333, 1.5417, 1.55, 1.5583, 1.5667, 1.575, 1.5833, 1.5917, 1.6, 1.6083, 1.6167, 1.625, 1.6333, 1.6417, 1.65, 1.6583, 1.6667, 1.675, 1.6833, 1.6917, 1.7, 1.7083, 1.7167, 1.725, 1.7333, 1.7417, 1.75, 1.7583, 1.7667, 1.775, 1.7833, 1.7917, 1.8, 1.8083, 1.8167, 1.825, 1.8333, 1.8417, 1.85, 1.8583, 1.8667, 1.875, 1.8833, 1.8917, 1.9, 1.9083, 1.9167, 1.925, 1.9333, 1.9417, 1.95, 1.9583, 1.9667, 1.975, 1.9833, 1.9917, 2.0, 2.0083, 2.0167, 2.025, 2.0333, 2.0417, 2.05, 2.0583, 2.0667, 2.075, 2.0833, 2.0917, 2.1, 2.1083, 2.1167, 2.125, 2.1333, 2.1417, 2.15, 2.1583, 2.1667, 2.175, 2.1833, 2.1917, 2.2, 2.2083, 2.2167, 2.225, 2.2333, 2.2417, 2.25, 2.2583, 2.2667, 2.275, 2.2833, 2.2917, 2.3, 2.3083, 2.3167, 2.325, 2.3333, 2.3417, 2.35, 2.3583, 2.3667, 2.375, 2.3833, 2.3917, 2.4, 2.4083, 2.4167, 2.425, 2.4333, 2.4417, 2.45, 2.4583, 2.4667, 2.475, 2.4833, 2.4917, 2.5, 2.5083, 2.5167, 2.525, 2.5333, 2.5417, 2.55, 2.5583, 2.5667, 2.575, 2.5833, 2.5917, 2.6, 2.6083, 2.6167, 2.625, 2.6333, 2.6417, 2.65, 2.6583, 2.6667, 2.675, 2.6833, 2.6917, 2.7, 2.7083, 2.7167, 2.725, 2.7333, 2.7417, 2.75, 2.7583, 2.7667, 2.775, 2.7833, 2.7917, 2.8, 2.8083, 2.8167, 2.825, 2.8333, 2.8417, 2.85, 2.8583, 2.8667, 2.875, 2.8833, 2.8917, 2.9, 2.9083, 2.9167, 2.925, 2.9333, 2.9417, 2.95, 2.9583, 2.9667, 2.975, 2.9833, 2.9917, 3.0, 3.0083, 3.0167, 3.025, 3.0333, 3.0417, 3.05, 3.0583, 3.0667, 3.075, 3.0833, 3.0917, 3.1, 3.1083, 3.1167, 3.125, 3.1333, 3.1417, 3.15, 3.1583, 3.1667, 3.175, 3.1833, 3.1917, 3.2, 3.2083, 3.2167, 3.225, 3.2333, 3.2417, 3.25, 3.2583, 3.2667, 3.275, 3.2833, 3.2917, 3.3, 3.3083, 3.3167, 3.325, 3.3333, 3.3417, 3.35, 3.3583, 3.3667, 3.375, 3.3833, 3.3917, 3.4, 3.4083, 3.4167, 3.425, 3.4333, 3.4417, 3.45, 3.4583, 3.4667, 3.475, 3.4833, 3.4917, 3.5, 3.5083, 3.5167, 3.525, 3.5333, 3.5417, 3.55, 3.5583, 3.5667, 3.575, 3.5833, 3.5917, 3.6, 3.6083, 3.6167, 3.625, 3.6333, 3.6417, 3.65, 3.6583, 3.6667, 3.675, 3.6833, 3.6917, 3.7, 3.7083, 3.7167, 3.725, 3.7333, 3.7417, 3.75, 3.7583, 3.7667, 3.775, 3.7833, 3.7917, 3.8, 3.8083, 3.8167, 3.825, 3.8333, 3.8417, 3.85, 3.8583, 3.8667, 3.875, 3.8833, 3.8917, 3.9, 3.9083, 3.9167, 3.925, 3.9333, 3.9417, 3.95, 3.9583, 3.9667, 3.975, 3.9833, 3.9917, 4.0, 4.0083, 4.0167, 4.025, 4.0333, 4.0417, 4.05, 4.0583, 4.0667, 4.075, 4.0833, 4.0917, 4.1, 4.1083, 4.1167, 4.125, 4.1333, 4.1417, 4.15, 4.1583, 4.1667], "transform": [[0.976601, 0.0, 0.21506, -5e-06, 0.21506, 0.0, -0.976601, 0.011782, 0.0, 1.0, 0.0, -0.021403, 0.0, 0.0, 0.0, 1.0], [0.976556, 0.0, 0.215262, -0.000708, 0.215262, 0.0, -0.976556, 0.012705, 0.0, 1.0, 0.0, -0.020786, 0.0, 0.0, 0.0, 1.0], [0.976426, 0.0, 0.215852, -0.002763, 0.215852, 0.0, -0.976426, 0.015452, 0.0, 1.0, 0.0, -0.018966, 0.0, 0.0, 0.0, 1.0], [0.976215, 0.0, 0.216806, -0.006085, 0.216806, 0.0, -0.976215, 0.019989, 0.0, 1.0, 0.0, -0.015988, 0.0, 0.0, 0.0, 1.0], [0.975927, 0.0, 0.218098, -0.01059, 0.218098, 0.0, -0.975927, 0.026283, 0.0, 1.0, 0.0, -0.011897, 0.0, 0.0, 0.0, 1.0], [0.975566, 0.0, 0.219705, -0.016192, 0.219705, 0.0, -0.975566, 0.0343, 0.0, 1.0, 0.0, -0.006738, 0.0, 0.0, 0.0, 1.0], [0.975137, 0.0, 0.221601, -0.022808, 0.221601, 0.0, -0.975137, 0.044006, 0.0, 1.0, 0.0, -0.000558, 0.0, 0.0, 0.0, 1.0], [0.974644, 0.0, 0.223763, -0.030352, 0.223763, 0.0, -0.974644, 0.055367, 0.0, 1.0, 0.0, 0.006599, 0.0, 0.0, 0.0, 1.0], [0.974089, 0.0, 0.226165, -0.038742, 0.226165, 0.0, -0.974089, 0.06835, 0.0, 1.0, 0.0, 0.014688, 0.0, 0.0, 0.0, 1.0], [0.973478, 0.0, 0.228783, -0.047891, 0.228783, 0.0, -0.973478, 0.082921, 0.0, 1.0, 0.0, 0.023663, 0.0, 0.0, 0.0, 1.0], [0.972813, 0.0, 0.231592, -0.057716, 0.231592, 0.0, -0.972813, 0.099046, 0.0, 1.0, 0.0, 0.033479, 0.0, 0.0, 0.0, 1.0], [0.9721, 0.0, 0.234567, -0.068132, 0.234567, 0.0, -0.9721, 0.116691, 0.0, 1.0, 0.0, 0.044091, 0.0, 0.0, 0.0, 1.0], [0.971342, 0.0, 0.237685, -0.079055, 0.237685, 0.0, -0.971342, 0.135824, 0.0, 1.0, 0.0, 0.055452, 0.0, 0.0, 0.0, 1.0], [0.970545, 0.0, 0.24092, -0.090401, 0.24092, 0.0, -0.970545, 0.156409, 0.0, 1.0, 0.0, 0.067519, 0.0, 0.0, 0.0, 1.0], [0.969713, 0.0, 0.244248, -0.102084, 0.244248, 0.0, -0.969713, 0.178414, 0.0, 1.0, 0.0, 0.080245, 0.0, 0.0, 0.0, 1.0], [0.968851, 0.0, 0.247644, -0.11402, 0.247644, 0.0, -0.968851, 0.201804, 0.0, 1.0, 0.0, 0.093586, 0.0, 0.0, 0.0, 1.0], [0.967965, 0.0, 0.251085, -0.126125, 0.251085, 0.0, -0.967965, 0.226546, 0.0, 1.0, 0.0, 0.107495, 0.0, 0.0, 0.0, 1.0], [0.967061, 0.0, 0.254546, -0.138315, 0.254546, 0.0, -0.967061, 0.252607, 0.0, 1.0, 0.0, 0.121929, 0.0, 0.0, 0.0, 1.0], [0.966144, 0.0, 0.258004, -0.150505, 0.258004, 0.0, -0.966144, 0.279952, 0.0, 1.0, 0.0, 0.13684, 0.0, 0.0, 0.0, 1.0], [0.965222, 0.0, 0.261433, -0.16261, 0.261433, 0.0, -0.965222, 0.308548, 0.0, 1.0, 0.0, 0.152185, 0.0, 0.0, 0.0, 1.0], [0.9643, 0.0, 0.264811, -0.174547, 0.264811, 0.0, -0.9643, 0.338361, 0.0, 1.0, 0.0, 0.167918, 0.0, 0.0, 0.0, 1.0], [0.963388, 0.0, 0.268112, -0.18623, 0.268112, 0.0, -0.963388, 0.369357, 0.0, 1.0, 0.0, 0.183993, 0.0, 0.0, 0.0, 1.0], [0.962491, 0.0, 0.271315, -0.197575, 0.271315, 0.0, -0.962491, 0.401503, 0.0, 1.0, 0.0, 0.200365, 0.0, 0.0, 0.0, 1.0], [0.961617, 0.0, 0.274395, -0.208498, 0.274395, 0.0, -0.961617, 0.434765, 0.0, 1.0, 0.0, 0.216989, 0.0, 0.0, 0.0, 1.0], [0.960775, 0.0, 0.277329, -0.218914, 0.277329, 0.0, -0.960775, 0.469109, 0.0, 1.0, 0.0, 0.233819, 0.0, 0.0, 0.0, 1.0], [0.959973, 0.0, 0.280094, -0.22874, 0.280094, 0.0, -0.959973, 0.504501, 0.0, 1.0, 0.0, 0.250811, 0.0, 0.0, 0.0, 1.0], [0.959218, 0.0, 0.282666, -0.237889, 0.282666, 0.0, -0.959218, 0.540908, 0.0, 1.0, 0.0, 0.267918, 0.0, 0.0, 0.0, 1.0], [0.958521, 0.0, 0.285022, -0.246278, 0.285022, 0.0, -0.958521, 0.578297, 0.0, 1.0, 0.0, 0.285097, 0.0, 0.0, 0.0, 1.0], [0.957889, 0.0, 0.287139, -0.253823, 0.287139, 0.0, -0.957889, 0.616632, 0.0, 1.0, 0.0, 0.3023, 0.0, 0.0, 0.0, 1.0], [0.957331, 0.0, 0.288994, -0.260439, 0.288994, 0.0, -0.957331, 0.655882, 0.0, 1.0, 0.0, 0.319483, 0.0, 0.0, 0.0, 1.0], [0.956856, 0.0, 0.290564, -0.266041, 0.290564, 0.0, -0.956856, 0.696011, 0.0, 1.0, 0.0, 0.336602, 0.0, 0.0, 0.0, 1.0], [0.956472, 0.0, 0.291825, -0.270545, 0.291825, 0.0, -0.956472, 0.736986, 0.0, 1.0, 0.0, 0.353609, 0.0, 0.0, 0.0, 1.0], [0.956187, 0.0, 0.292755, -0.273867, 0.292755, 0.0, -0.956187, 0.778774, 0.0, 1.0, 0.0, 0.370461, 0.0, 0.0, 0.0, 1.0], [0.956011, 0.0, 0.29333, -0.275922, 0.29333, 0.0, -0.956011, 0.821341, 0.0, 1.0, 0.0, 0.387111, 0.0, 0.0, 0.0, 1.0], [0.955951, 0.0, 0.293527, -0.276626, 0.293527, 0.0, -0.955951, 0.864653, 0.0, 1.0, 0.0, 0.403514, 0.0, 0.0, 0.0, 1.0], [0.955951, 0.0, 0.293527, -0.276458, 0.293527, 0.0, -0.955951, 0.908675, 0.0, 1.0, 0.0, 0.419625, 0.0, 0.0, 0.0, 1.0], [0.955951, 0.0, 0.293527, -0.275962, 0.293527, 0.0, -0.955951, 0.953375, 0.0, 1.0, 0.0, 0.435391, 0.0, 0.0, 0.0, 1.0], [0.955951, 0.0, 0.293527, -0.275145, 0.293527, 0.0, -0.955951, 0.998717, 0.0, 1.0, 0.0, 0.450762, 0.0, 0.0, 0.0, 1.0], [0.955951, 0.0, 0.293527, -0.27402, 0.293527, 0.0, -0.955951, 1.044667, 0.0, 1.0, 0.0, 0.465684, 0.0, 0.0, 0.0, 1.0], [0.955951, 0.0, 0.293527, -0.272594, 0.293527, 0.0, -0.955951, 1.09119, 0.0, 1.0, 0.0, 0.480105, 0.0, 0.0, 0.0, 1.0], [0.955951, 0.0, 0.293527, -0.270877, 0.293527, 0.0, -0.955951, 1.138253, 0.0, 1.0, 0.0, 0.493975, 0.0, 0.0, 0.0, 1.0], [0.955951, 0.0, 0.293527, -0.268881, 0.293527, 0.0, -0.955951, 1.185819, 0.0, 1.0, 0.0, 0.507239, 0.0, 0.0, 0.0, 1.0], [0.955951, 0.0, 0.293527, -0.266613, 0.293527, 0.0, -0.955951, 1.233856, 0.0, 1.0, 0.0, 0.519846, 0.0, 0.0, 0.0, 1.0], [0.955951, 0.0, 0.293527, -0.264084, 0.293527, 0.0, -0.955951, 1.282328, 0.0, 1.0, 0.0, 0.531745, 0.0, 0.0, 0.0, 1.0], [0.955951, 0.0, 0.293527, -0.261303, 0.293527, 0.0, -0.955951, 1.3312, 0.0, 1.0, 0.0, 0.542882, 0.0, 0.0, 0.0, 1.0], [0.955951, 0.0, 0.293527, -0.25828, 0.293527, 0.0, -0.955951, 1.38044, 0.0, 1.0, 0.0, 0.553206, 0.0, 0.0, 0.0, 1.0], [0.955951, 0.0, 0.293527, -0.255025, 0.293527, 0.0, -0.955951, 1.430011, 0.0, 1.0, 0.0, 0.562665, 0.0, 0.0, 0.0, 1.0], [0.955951, 0.0, 0.293527, -0.251548, 0.293527, 0.0, -0.955951, 1.479879, 0.0, 1.0, 0.0, 0.571206, 0.0, 0.0, 0.0, 1.0], [0.955951, 0.0, 0.293527, -0.247857, 0.293527, 0.0, -0.955951, 1.530011, 0.0, 1.0, 0.0, 0.578778, 0.0, 0.0, 0.0, 1.0], [0.955951, 0.0, 0.293527, -0.243964, 0.293527, 0.0, -0.955951, 1.580371, 0.0, 1.0, 0.0, 0.585327, 0.0, 0.0, 0.0, 1.0], [0.955951, 0.0, 0.293527, -0.239877, 0.293527, 0.0, -0.955951, 1.630925, 0.0, 1.0, 0.0, 0.590803, 0.0, 0.0, 0.0, 1.0], [0.955951, 0.0, 0.293527, -0.235605, 0.293527, 0.0, -0.955951, 1.681638, 0.0, 1.0, 0.0, 0.595153, 0.0, 0.0, 0.0, 1.0], [0.955951, 0.0, 0.293527, -0.23116, 0.293527, 0.0, -0.955951, 1.732476, 0.0, 1.0, 0.0, 0.598324, 0.0, 0.0, 0.0, 1.0], [0.955951, 0.0, 0.293527, -0.22655, 0.293527, 0.0, -0.955951, 1.783405, 0.0, 1.0, 0.0, 0.600265, 0.0, 0.0, 0.0, 1.0], [0.955951, 0.0, 0.293527, -0.221786, 0.293527, 0.0, -0.955951, 1.83439, 0.0, 1.0, 0.0, 0.600924, 0.0, 0.0, 0.0, 1.0], [0.955951, 0.0, 0.293527, -0.216876, 0.293527, 0.0, -0.955951, 1.885396, 0.0, 1.0, 0.0, 0.600187, 0.0, 0.0, 0.0, 1.0], [0.955951, 0.0, 0.293527, -0.211831, 0.293527, 0.0, -0.955951, 1.936389, 0.0, 1.0, 0.0, 0.598016, 0.0, 0.0, 0.0, 1.0], [0.955951, 0.0, 0.293527, -0.206659, 0.293527, 0.0, -0.955951, 1.987335, 0.0, 1.0, 0.0, 0.594472, 0.0, 0.0, 0.0, 1.0], [0.955951, 0.0, 0.293527, -0.201372, 0.293527, 0.0, -0.955951, 2.038199, 0.0, 1.0, 0.0, 0.589612, 0.0, 0.0, 0.0, 1.0], [0.955951, 0.0, 0.293527, -0.195978, 0.293527, 0.0, -0.955951, 2.088947, 0.0, 1.0, 0.0, 0.583499, 0.0, 0.0, 0.0, 1.0], [0.955951, 0.0, 0.293527, -0.190488, 0.293527, 0.0, -0.955951, 2.139543, 0.0, 1.0, 0.0, 0.57619, 0.0, 0.0, 0.0, 1.0], [0.955951, 0.0, 0.293527, -0.18491, 0.293527, 0.0, -0.955951, 2.189954, 0.0, 1.0, 0.0, 0.567746, 0.0, 0.0, 0.0, 1.0], [0.955951, 0.0, 0.293527, -0.179255, 0.293527, 0.0, -0.955951, 2.240145, 0.0, 1.0, 0.0, 0.558227, 0.0, 0.0, 0.0, 1.0], [0.955951, 0.0, 0.293527, -0.173533, 0.293527, 0.0, -0.955951, 2.290082, 0.0, 1.0, 0.0, 0.547693, 0.0, 0.0, 0.0, 1.0], [0.955951, 0.0, 0.293527, -0.167752, 0.293527, 0.0, -0.955951, 2.339729, 0.0, 1.0, 0.0, 0.536202, 0.0, 0.0, 0.0, 1.0], [0.955951, 0.0, 0.293527, -0.161922, 0.293527, 0.0, -0.955951, 2.389054, 0.0, 1.0, 0.0, 0.523815, 0.0, 0.0, 0.0, 1.0], [0.955951, 0.0, 0.293527, -0.156055, 0.293527, 0.0, -0.955951, 2.43802, 0.0, 1.0, 0.0, 0.510592, 0.0, 0.0, 0.0, 1.0], [0.955951, 0.0, 0.293527, -0.150158, 0.293527, 0.0, -0.955951, 2.486594, 0.0, 1.0, 0.0, 0.496592, 0.0, 0.0, 0.0, 1.0], [0.955951, 0.0, 0.293527, -0.144241, 0.293527, 0.0, -0.955951, 2.534741, 0.0, 1.0, 0.0, 0.481875, 0.0, 0.0, 0.0, 1.0], [0.955951, 0.0, 0.293527, -0.138315, 0.293527, 0.0, -0.955951, 2.582427, 0.0, 1.0, 0.0, 0.466501, 0.0, 0.0, 0.0, 1.0], [0.955951, 0.0, 0.293527, -0.132389, 0.293527, 0.0, -0.955951, 2.629616, 0.0, 1.0, 0.0, 0.45053, 0.0, 0.0, 0.0, 1.0], [0.955951, 0.0, 0.293527, -0.126473, 0.293527, 0.0, -0.955951, 2.676275, 0.0, 1.0, 0.0, 0.434021, 0.0, 0.0, 0.0, 1.0], [0.955951, 0.0, 0.293527, -0.120576, 0.293527, 0.0, -0.955951, 2.72237, 0.0, 1.0, 0.0, 0.417034, 0.0, 0.0, 0.0, 1.0], [0.955951, 0.0, 0.293527, -0.114708, 0.293527, 0.0, -0.955951, 2.767866, 0.0, 1.0, 0.0, 0.399629, 0.0, 0.0, 0.0, 1.0], [0.955951, 0.0, 0.293527, -0.108879, 0.293527, 0.0, -0.955951, 2.812727, 0.0, 1.0, 0.0, 0.381865, 0.0, 0.0, 0.0, 1.0], [0.955951, 0.0, 0.293527, -0.103098, 0.293527, 0.0, -0.955951, 2.85692, 0.0, 1.0, 0.0, 0.363802, 0.0, 0.0, 0.0, 1.0], [0.955951, 0.0, 0.293527, -0.097375, 0.293527, 0.0, -0.955951, 2.90041, 0.0, 1.0, 0.0, 0.345501, 0.0, 0.0, 0.0, 1.0], [0.955951, 0.0, 0.293527, -0.09172, 0.293527, 0.0, -0.955951, 2.943163, 0.0, 1.0, 0.0, 0.32702, 0.0, 0.0, 0.0, 1.0], [0.955951, 0.0, 0.293527, -0.086143, 0.293527, 0.0, -0.955951, 2.985144, 0.0, 1.0, 0.0, 0.30842, 0.0, 0.0, 0.0, 1.0], [0.955951, 0.0, 0.293527, -0.080652, 0.293527, 0.0, -0.955951, 3.026319, 0.0, 1.0, 0.0, 0.289761, 0.0, 0.0, 0.0, 1.0], [0.955951, 0.0, 0.293527, -0.075259, 0.293527, 0.0, -0.955951, 3.066653, 0.0, 1.0, 0.0, 0.271101, 0.0, 0.0, 0.0, 1.0], [0.955951, 0.0, 0.293527, -0.069971, 0.293527, 0.0, -0.955951, 3.106111, 0.0, 1.0, 0.0, 0.252501, 0.0, 0.0, 0.0, 1.0], [0.955951, 0.0, 0.293527, -0.0648, 0.293527, 0.0, -0.955951, 3.14466, 0.0, 1.0, 0.0, 0.23402, 0.0, 0.0, 0.0, 1.0], [0.955951, 0.0, 0.293527, -0.059755, 0.293527, 0.0, -0.955951, 3.182265, 0.0, 1.0, 0.0, 0.215719, 0.0, 0.0, 0.0, 1.0], [0.955951, 0.0, 0.293527, -0.054845, 0.293527, 0.0, -0.955951, 3.218891, 0.0, 1.0, 0.0, 0.197656, 0.0, 0.0, 0.0, 1.0], [0.955951, 0.0, 0.293527, -0.05008, 0.293527, 0.0, -0.955951, 3.254503, 0.0, 1.0, 0.0, 0.179892, 0.0, 0.0, 0.0, 1.0], [0.955951, 0.0, 0.293527, -0.045471, 0.293527, 0.0, -0.955951, 3.289068, 0.0, 1.0, 0.0, 0.162487, 0.0, 0.0, 0.0, 1.0], [0.955951, 0.0, 0.293527, -0.041025, 0.293527, 0.0, -0.955951, 3.322551, 0.0, 1.0, 0.0, 0.1455, 0.0, 0.0, 0.0, 1.0], [0.955951, 0.0, 0.293527, -0.036754, 0.293527, 0.0, -0.955951, 3.354917, 0.0, 1.0, 0.0, 0.128991, 0.0, 0.0, 0.0, 1.0], [0.955951, 0.0, 0.293527, -0.032667, 0.293527, 0.0, -0.955951, 3.386132, 0.0, 1.0, 0.0, 0.11302, 0.0, 0.0, 0.0, 1.0], [0.955951, 0.0, 0.293527, -0.028773, 0.293527, 0.0, -0.955951, 3.416161, 0.0, 1.0, 0.0, 0.097646, 0.0, 0.0, 0.0, 1.0], [0.955951, 0.0, 0.293527, -0.025083, 0.293527, 0.0, -0.955951, 3.444969, 0.0, 1.0, 0.0, 0.082929, 0.0, 0.0, 0.0, 1.0], [0.955951, 0.0, 0.293527, -0.021605, 0.293527, 0.0, -0.955951, 3.472523, 0.0, 1.0, 0.0, 0.068929, 0.0, 0.0, 0.0, 1.0], [0.955951, 0.0, 0.293527, -0.01835, 0.293527, 0.0, -0.955951, 3.498789, 0.0, 1.0, 0.0, 0.055706, 0.0, 0.0, 0.0, 1.0], [0.955951, 0.0, 0.293527, -0.015328, 0.293527, 0.0, -0.955951, 3.52373, 0.0, 1.0, 0.0, 0.043319, 0.0, 0.0, 0.0, 1.0], [0.955951, 0.0, 0.293527, -0.012547, 0.293527, 0.0, -0.955951, 3.547312, 0.0, 1.0, 0.0, 0.031828, 0.0, 0.0, 0.0, 1.0], [0.955951, 0.0, 0.293527, -0.010018, 0.293527, 0.0, -0.955951, 3.569503, 0.0, 1.0, 0.0, 0.021294, 0.0, 0.0, 0.0, 1.0], [0.955951, 0.0, 0.293527, -0.00775, 0.293527, 0.0, -0.955951, 3.590266, 0.0, 1.0, 0.0, 0.011775, 0.0, 0.0, 0.0, 1.0], [0.955951, 0.0, 0.293527, -0.005753, 0.293527, 0.0, -0.955951, 3.609568, 0.0, 1.0, 0.0, 0.003331, 0.0, 0.0, 0.0, 1.0], [0.955951, 0.0, 0.293527, -0.004037, 0.293527, 0.0, -0.955951, 3.627374, 0.0, 1.0, 0.0, -0.003978, 0.0, 0.0, 0.0, 1.0], [0.955951, 0.0, 0.293527, -0.002611, 0.293527, 0.0, -0.955951, 3.643648, 0.0, 1.0, 0.0, -0.010092, 0.0, 0.0, 0.0, 1.0], [0.955951, 0.0, 0.293527, -0.001485, 0.293527, 0.0, -0.955951, 3.658358, 0.0, 1.0, 0.0, -0.014951, 0.0, 0.0, 0.0, 1.0], [0.955951, 0.0, 0.293527, -0.000669, 0.293527, 0.0, -0.955951, 3.671468, 0.0, 1.0, 0.0, -0.018495, 0.0, 0.0, 0.0, 1.0], [0.955951, 0.0, 0.293527, -0.000172, 0.293527, 0.0, -0.955951, 3.682945, 0.0, 1.0, 0.0, -0.020666, 0.0, 0.0, 0.0, 1.0], [0.955951, 0.0, 0.293527, -5e-06, 0.293527, 0.0, -0.955951, 3.692752, 0.0, 1.0, 0.0, -0.021403, 0.0, 0.0, 0.0, 1.0], [0.955951, 0.0, 0.293527, -5e-06, 0.293527, 0.0, -0.955951, 3.701467, 0.0, 1.0, 0.0, -0.021403, 0.0, 0.0, 0.0, 1.0], [0.955951, 0.0, 0.293527, -5e-06, 0.293527, 0.0, -0.955951, 3.709697, 0.0, 1.0, 0.0, -0.021403, 0.0, 0.0, 0.0, 1.0], [0.955951, 0.0, 0.293527, -5e-06, 0.293527, 0.0, -0.955951, 3.717458, 0.0, 1.0, 0.0, -0.021403, 0.0, 0.0, 0.0, 1.0], [0.955951, 0.0, 0.293527, -5e-06, 0.293527, 0.0, -0.955951, 3.724763, 0.0, 1.0, 0.0, -0.021403, 0.0, 0.0, 0.0, 1.0], [0.955951, 0.0, 0.293527, -5e-06, 0.293527, 0.0, -0.955951, 3.731624, 0.0, 1.0, 0.0, -0.021403, 0.0, 0.0, 0.0, 1.0], [0.955951, 0.0, 0.293527, -5e-06, 0.293527, 0.0, -0.955951, 3.738058, 0.0, 1.0, 0.0, -0.021403, 0.0, 0.0, 0.0, 1.0], [0.955951, 0.0, 0.293527, -5e-06, 0.293527, 0.0, -0.955951, 3.744076, 0.0, 1.0, 0.0, -0.021403, 0.0, 0.0, 0.0, 1.0], [0.955951, 0.0, 0.293527, -5e-06, 0.293527, 0.0, -0.955951, 3.749693, 0.0, 1.0, 0.0, -0.021403, 0.0, 0.0, 0.0, 1.0], [0.955951, 0.0, 0.293527, -5e-06, 0.293527, 0.0, -0.955951, 3.754923, 0.0, 1.0, 0.0, -0.021403, 0.0, 0.0, 0.0, 1.0], [0.955951, 0.0, 0.293527, -5e-06, 0.293527, 0.0, -0.955951, 3.75978, 0.0, 1.0, 0.0, -0.021403, 0.0, 0.0, 0.0, 1.0], [0.955951, 0.0, 0.293527, -5e-06, 0.293527, 0.0, -0.955951, 3.764276, 0.0, 1.0, 0.0, -0.021403, 0.0, 0.0, 0.0, 1.0], [0.955951, 0.0, 0.293527, -5e-06, 0.293527, 0.0, -0.955951, 3.768428, 0.0, 1.0, 0.0, -0.021403, 0.0, 0.0, 0.0, 1.0], [0.955951, 0.0, 0.293527, -5e-06, 0.293527, 0.0, -0.955951, 3.772247, 0.0, 1.0, 0.0, -0.021403, 0.0, 0.0, 0.0, 1.0], [0.955951, 0.0, 0.293527, -5e-06, 0.293527, 0.0, -0.955951, 3.775748, 0.0, 1.0, 0.0, -0.021403, 0.0, 0.0, 0.0, 1.0], [0.955951, 0.0, 0.293527, -5e-06, 0.293527, 0.0, -0.955951, 3.778945, 0.0, 1.0, 0.0, -0.021403, 0.0, 0.0, 0.0, 1.0], [0.955951, 0.0, 0.293527, -5e-06, 0.293527, 0.0, -0.955951, 3.781852, 0.0, 1.0, 0.0, -0.021403, 0.0, 0.0, 0.0, 1.0], [0.955951, 0.0, 0.293527, -5e-06, 0.293527, 0.0, -0.955951, 3.784482, 0.0, 1.0, 0.0, -0.021403, 0.0, 0.0, 0.0, 1.0], [0.955951, 0.0, 0.293527, -5e-06, 0.293527, 0.0, -0.955951, 3.786849, 0.0, 1.0, 0.0, -0.021403, 0.0, 0.0, 0.0, 1.0], [0.955951, 0.0, 0.293527, -5e-06, 0.293527, 0.0, -0.955951, 3.788967, 0.0, 1.0, 0.0, -0.021403, 0.0, 0.0, 0.0, 1.0], [0.955951, 0.0, 0.293527, -5e-06, 0.293527, 0.0, -0.955951, 3.79085, 0.0, 1.0, 0.0, -0.021403, 0.0, 0.0, 0.0, 1.0], [0.955951, 0.0, 0.293527, -5e-06, 0.293527, 0.0, -0.955951, 3.792512, 0.0, 1.0, 0.0, -0.021403, 0.0, 0.0, 0.0, 1.0], [0.955951, 0.0, 0.293527, -5e-06, 0.293527, 0.0, -0.955951, 3.793967, 0.0, 1.0, 0.0, -0.021403, 0.0, 0.0, 0.0, 1.0], [0.955951, 0.0, 0.293527, -5e-06, 0.293527, 0.0, -0.955951, 3.795227, 0.0, 1.0, 0.0, -0.021403, 0.0, 0.0, 0.0, 1.0], [0.955951, 0.0, 0.293527, -5e-06, 0.293527, 0.0, -0.955951, 3.796308, 0.0, 1.0, 0.0, -0.021403, 0.0, 0.0, 0.0, 1.0], [0.955951, 0.0, 0.293527, -5e-06, 0.293527, 0.0, -0.955951, 3.797223, 0.0, 1.0, 0.0, -0.021403, 0.0, 0.0, 0.0, 1.0], [0.955951, 0.0, 0.293527, -5e-06, 0.293527, 0.0, -0.955951, 3.797986, 0.0, 1.0, 0.0, -0.021403, 0.0, 0.0, 0.0, 1.0], [0.955951, 0.0, 0.293527, -5e-06, 0.293527, 0.0, -0.955951, 3.798611, 0.0, 1.0, 0.0, -0.021403, 0.0, 0.0, 0.0, 1.0], [0.955951, 0.0, 0.293527, -5e-06, 0.293527, 0.0, -0.955951, 3.799111, 0.0, 1.0, 0.0, -0.021403, 0.0, 0.0, 0.0, 1.0], [0.955951, 0.0, 0.293527, -5e-06, 0.293527, 0.0, -0.955951, 3.7995, 0.0, 1.0, 0.0, -0.021403, 0.0, 0.0, 0.0, 1.0], [0.955951, 0.0, 0.293527, -5e-06, 0.293527, 0.0, -0.955951, 3.799793, 0.0, 1.0, 0.0, -0.021403, 0.0, 0.0, 0.0, 1.0], [0.955951, 0.0, 0.293527, -5e-06, 0.293527, 0.0, -0.955951, 3.800003, 0.0, 1.0, 0.0, -0.021403, 0.0, 0.0, 0.0, 1.0], [0.955951, 0.0, 0.293527, -5e-06, 0.293527, 0.0, -0.955951, 3.800143, 0.0, 1.0, 0.0, -0.021403, 0.0, 0.0, 0.0, 1.0], [0.955951, 0.0, 0.293527, -5e-06, 0.293527, 0.0, -0.955951, 3.800229, 0.0, 1.0, 0.0, -0.021403, 0.0, 0.0, 0.0, 1.0], [0.955951, 0.0, 0.293527, -5e-06, 0.293527, 0.0, -0.955951, 3.800273, 0.0, 1.0, 0.0, -0.021403, 0.0, 0.0, 0.0, 1.0], [0.955951, 0.0, 0.293527, -5e-06, 0.293527, 0.0, -0.955951, 3.800289, 0.0, 1.0, 0.0, -0.021403, 0.0, 0.0, 0.0, 1.0], [0.955951, 0.0, 0.293527, -5e-06, 0.293527, 0.0, -0.955951, 3.800291, 0.0, 1.0, 0.0, -0.021403, 0.0, 0.0, 0.0, 1.0], [0.955953, 0.0, 0.293519, -5e-06, 0.293519, 0.0, -0.955953, 3.800287, 0.0, 1.0, 0.0, -0.021403, 0.0, 0.0, 0.0, 1.0], [0.955961, 0.0, 0.293495, -5e-06, 0.293495, 0.0, -0.955961, 3.800273, 0.0, 1.0, 0.0, -0.021403, 0.0, 0.0, 0.0, 1.0], [0.955973, 0.0, 0.293456, -5e-06, 0.293456, 0.0, -0.955973, 3.80025, 0.0, 1.0, 0.0, -0.021403, 0.0, 0.0, 0.0, 1.0], [0.95599, 0.0, 0.293401, -5e-06, 0.293401, 0.0, -0.95599, 3.800219, 0.0, 1.0, 0.0, -0.021403, 0.0, 0.0, 0.0, 1.0], [0.956011, 0.0, 0.29333, -5e-06, 0.29333, 0.0, -0.956011, 3.800178, 0.0, 1.0, 0.0, -0.021403, 0.0, 0.0, 0.0, 1.0], [0.956038, 0.0, 0.293244, -5e-06, 0.293244, 0.0, -0.956038, 3.800129, 0.0, 1.0, 0.0, -0.021403, 0.0, 0.0, 0.0, 1.0], [0.956069, 0.0, 0.293142, -5e-06, 0.293142, 0.0, -0.956069, 3.800071, 0.0, 1.0, 0.0, -0.021403, 0.0, 0.0, 0.0, 1.0], [0.956105, 0.0, 0.293025, -5e-06, 0.293025, 0.0, -0.956105, 3.800004, 0.0, 1.0, 0.0, -0.021403, 0.0, 0.0, 0.0, 1.0], [0.956145, 0.0, 0.292893, -5e-06, 0.292893, 0.0, -0.956145, 3.799929, 0.0, 1.0, 0.0, -0.021403, 0.0, 0.0, 0.0, 1.0], [0.95619, 0.0, 0.292746, -5e-06, 0.292746, 0.0, -0.95619, 3.799845, 0.0, 1.0, 0.0, -0.021403, 0.0, 0.0, 0.0, 1.0], [0.95624, 0.0, 0.292584, -5e-06, 0.292584, 0.0, -0.95624, 3.799752, 0.0, 1.0, 0.0, -0.021403, 0.0, 0.0, 0.0, 1.0], [0.956294, 0.0, 0.292407, -5e-06, 0.292407, 0.0, -0.956294, 3.79965, 0.0, 1.0, 0.0, -0.021403, 0.0, 0.0, 0.0, 1.0], [0.956353, 0.0, 0.292215, -5e-06, 0.292215, 0.0, -0.956353, 3.799541, 0.0, 1.0, 0.0, -0.021403, 0.0, 0.0, 0.0, 1.0], [0.956416, 0.0, 0.292008, -5e-06, 0.292008, 0.0, -0.956416, 3.799423, 0.0, 1.0, 0.0, -0.021403, 0.0, 0.0, 0.0, 1.0], [0.956483, 0.0, 0.291787, -5e-06, 0.291787, 0.0, -0.956483, 3.799296, 0.0, 1.0, 0.0, -0.021403, 0.0, 0.0, 0.0, 1.0], [0.956555, 0.0, 0.291551, -5e-06, 0.291551, 0.0, -0.956555, 3.799161, 0.0, 1.0, 0.0, -0.021403, 0.0, 0.0, 0.0, 1.0], [0.956632, 0.0, 0.2913, -5e-06, 0.2913, 0.0, -0.956632, 3.799018, 0.0, 1.0, 0.0, -0.021403, 0.0, 0.0, 0.0, 1.0], [0.956712, 0.0, 0.291036, -5e-06, 0.291036, 0.0, -0.956712, 3.798867, 0.0, 1.0, 0.0, -0.021403, 0.0, 0.0, 0.0, 1.0], [0.956797, 0.0, 0.290756, -5e-06, 0.290756, 0.0, -0.956797, 3.798707, 0.0, 1.0, 0.0, -0.021403, 0.0, 0.0, 0.0, 1.0], [0.956886, 0.0, 0.290463, -5e-06, 0.290463, 0.0, -0.956886, 3.79854, 0.0, 1.0, 0.0, -0.021403, 0.0, 0.0, 0.0, 1.0], [0.95698, 0.0, 0.290156, -5e-06, 0.290156, 0.0, -0.95698, 3.798364, 0.0, 1.0, 0.0, -0.021403, 0.0, 0.0, 0.0, 1.0], [0.957077, 0.0, 0.289834, -5e-06, 0.289834, 0.0, -0.957077, 3.79818, 0.0, 1.0, 0.0, -0.021403, 0.0, 0.0, 0.0, 1.0], [0.957178, 0.0, 0.289498, -5e-06, 0.289498, 0.0, -0.957178, 3.797989, 0.0, 1.0, 0.0, -0.021403, 0.0, 0.0, 0.0, 1.0], [0.957284, 0.0, 0.289149, -5e-06, 0.289149, 0.0, -0.957284, 3.797789, 0.0, 1.0, 0.0, -0.021403, 0.0, 0.0, 0.0, 1.0], [0.957394, 0.0, 0.288786, -5e-06, 0.288786, 0.0, -0.957394, 3.797582, 0.0, 1.0, 0.0, -0.021403, 0.0, 0.0, 0.0, 1.0], [0.957507, 0.0, 0.288409, -5e-06, 0.288409, 0.0, -0.957507, 3.797367, 0.0, 1.0, 0.0, -0.021403, 0.0, 0.0, 0.0, 1.0], [0.957625, 0.0, 0.288019, -5e-06, 0.288019, 0.0, -0.957625, 3.797144, 0.0, 1.0, 0.0, -0.021403, 0.0, 0.0, 0.0, 1.0], [0.957746, 0.0, 0.287615, -5e-06, 0.287615, 0.0, -0.957746, 3.796913, 0.0, 1.0, 0.0, -0.021403, 0.0, 0.0, 0.0, 1.0], [0.957871, 0.0, 0.287197, -5e-06, 0.287197, 0.0, -0.957871, 3.796675, 0.0, 1.0, 0.0, -0.021403, 0.0, 0.0, 0.0, 1.0], [0.958, 0.0, 0.286766, -5e-06, 0.286766, 0.0, -0.958, 3.79643, 0.0, 1.0, 0.0, -0.021403, 0.0, 0.0, 0.0, 1.0], [0.958133, 0.0, 0.286322, -5e-06, 0.286322, 0.0, -0.958133, 3.796176, 0.0, 1.0, 0.0, -0.021403, 0.0, 0.0, 0.0, 1.0], [0.95827, 0.0, 0.285865, -5e-06, 0.285865, 0.0, -0.95827, 3.795916, 0.0, 1.0, 0.0, -0.021403, 0.0, 0.0, 0.0, 1.0], [0.95841, 0.0, 0.285395, -5e-06, 0.285395, 0.0, -0.95841, 3.795648, 0.0, 1.0, 0.0, -0.021403, 0.0, 0.0, 0.0, 1.0], [0.958554, 0.0, 0.284911, -5e-06, 0.284911, 0.0, -0.958554, 3.795372, 0.0, 1.0, 0.0, -0.021403, 0.0, 0.0, 0.0, 1.0], [0.958701, 0.0, 0.284415, -5e-06, 0.284415, 0.0, -0.958701, 3.795089, 0.0, 1.0, 0.0, -0.021403, 0.0, 0.0, 0.0, 1.0], [0.958852, 0.0, 0.283906, -5e-06, 0.283906, 0.0, -0.958852, 3.794799, 0.0, 1.0, 0.0, -0.021403, 0.0, 0.0, 0.0, 1.0], [0.959006, 0.0, 0.283384, -5e-06, 0.283384, 0.0, -0.959006, 3.794502, 0.0, 1.0, 0.0, -0.021403, 0.0, 0.0, 0.0, 1.0], [0.959164, 0.0, 0.282849, -5e-06, 0.282849, 0.0, -0.959164, 3.794197, 0.0, 1.0, 0.0, -0.021403, 0.0, 0.0, 0.0, 1.0], [0.959325, 0.0, 0.282302, -5e-06, 0.282302, 0.0, -0.959325, 3.793886, 0.0, 1.0, 0.0, -0.021403, 0.0, 0.0, 0.0, 1.0], [0.95949, 0.0, 0.281743, -5e-06, 0.281743, 0.0, -0.95949, 3.793567, 0.0, 1.0, 0.0, -0.021403, 0.0, 0.0, 0.0, 1.0], [0.959658, 0.0, 0.281171, -5e-06, 0.281171, 0.0, -0.959658, 3.793242, 0.0, 1.0, 0.0, -0.021403, 0.0, 0.0, 0.0, 1.0], [0.959829, 0.0, 0.280586, -5e-06, 0.280586, 0.0, -0.959829, 3.792909, 0.0, 1.0, 0.0, -0.021403, 0.0, 0.0, 0.0, 1.0], [0.960003, 0.0, 0.27999, -5e-06, 0.27999, 0.0, -0.960003, 3.792569, 0.0, 1.0, 0.0, -0.021403, 0.0, 0.0, 0.0, 1.0], [0.96018, 0.0, 0.279381, -5e-06, 0.279381, 0.0, -0.96018, 3.792223, 0.0, 1.0, 0.0, -0.021403, 0.0, 0.0, 0.0, 1.0], [0.960361, 0.0, 0.27876, -5e-06, 0.27876, 0.0, -0.960361, 3.79187, 0.0, 1.0, 0.0, -0.021403, 0.0, 0.0, 0.0, 1.0], [0.960544, 0.0, 0.278127, -5e-06, 0.278127, 0.0, -0.960544, 3.79151, 0.0, 1.0, 0.0, -0.021403, 0.0, 0.0, 0.0, 1.0], [0.960731, 0.0, 0.277483, -5e-06, 0.277483, 0.0, -0.960731, 3.791144, 0.0, 1.0, 0.0, -0.021403, 0.0, 0.0, 0.0, 1.0], [0.96092, 0.0, 0.276826, -5e-06, 0.276826, 0.0, -0.96092, 3.790771, 0.0, 1.0, 0.0, -0.021403, 0.0, 0.0, 0.0, 1.0], [0.961112, 0.0, 0.276158, -5e-06, 0.276158, 0.0, -0.961112, 3.790391, 0.0, 1.0, 0.0, -0.021403, 0.0, 0.0, 0.0, 1.0], [0.961307, 0.0, 0.275478, -5e-06, 0.275478, 0.0, -0.961307, 3.790005, 0.0, 1.0, 0.0, -0.021403, 0.0, 0.0, 0.0, 1.0], [0.961505, 0.0, 0.274786, -5e-06, 0.274786, 0.0, -0.961505, 3.789612, 0.0, 1.0, 0.0, -0.021403, 0.0, 0.0, 0.0, 1.0], [0.961706, 0.0, 0.274083, -5e-06, 0.274083, 0.0, -0.961706, 3.789213, 0.0, 1.0, 0.0, -0.021403, 0.0, 0.0, 0.0, 1.0], [0.961909, 0.0, 0.273369, -5e-06, 0.273369, 0.0, -0.961909, 3.788808, 0.0, 1.0, 0.0, -0.021403, 0.0, 0.0, 0.0, 1.0], [0.962115, 0.0, 0.272643, -5e-06, 0.272643, 0.0, -0.962115, 3.788396, 0.0, 1.0, 0.0, -0.021403, 0.0, 0.0, 0.0, 1.0], [0.962324, 0.0, 0.271906, -5e-06, 0.271906, 0.0, -0.962324, 3.787978, 0.0, 1.0, 0.0, -0.021403, 0.0, 0.0, 0.0, 1.0], [0.962535, 0.0, 0.271158, -5e-06, 0.271158, 0.0, -0.962535, 3.787554, 0.0, 1.0, 0.0, -0.021403, 0.0, 0.0, 0.0, 1.0], [0.962748, 0.0, 0.270399, -5e-06, 0.270399, 0.0, -0.962748, 3.787123, 0.0, 1.0, 0.0, -0.021403, 0.0, 0.0, 0.0, 1.0], [0.962964, 0.0, 0.269629, -5e-06, 0.269629, 0.0, -0.962964, 3.786687, 0.0, 1.0, 0.0, -0.021403, 0.0, 0.0, 0.0, 1.0], [0.963183, 0.0, 0.268848, -5e-06, 0.268848, 0.0, -0.963183, 3.786244, 0.0, 1.0, 0.0, -0.021403, 0.0, 0.0, 0.0, 1.0], [0.963403, 0.0, 0.268056, -5e-06, 0.268056, 0.0, -0.963403, 3.785796, 0.0, 1.0, 0.0, -0.021403, 0.0, 0.0, 0.0, 1.0], [0.963626, 0.0, 0.267253, -5e-06, 0.267253, 0.0, -0.963626, 3.785342, 0.0, 1.0, 0.0, -0.021403, 0.0, 0.0, 0.0, 1.0], [0.963852, 0.0, 0.26644, -5e-06, 0.26644, 0.0, -0.963852, 3.784881, 0.0, 1.0, 0.0, -0.021403, 0.0, 0.0, 0.0, 1.0], [0.964079, 0.0, 0.265616, -5e-06, 0.265616, 0.0, -0.964079, 3.784415, 0.0, 1.0, 0.0, -0.021403, 0.0, 0.0, 0.0, 1.0], [0.964308, 0.0, 0.264782, -5e-06, 0.264782, 0.0, -0.964308, 3.783943, 0.0, 1.0, 0.0, -0.021403, 0.0, 0.0, 0.0, 1.0], [0.96454, 0.0, 0.263938, -5e-06, 0.263938, 0.0, -0.96454, 3.783465, 0.0, 1.0, 0.0, -0.021403, 0.0, 0.0, 0.0, 1.0], [0.964773, 0.0, 0.263083, -5e-06, 0.263083, 0.0, -0.964773, 3.782982, 0.0, 1.0, 0.0, -0.021403, 0.0, 0.0, 0.0, 1.0], [0.965009, 0.0, 0.262218, -5e-06, 0.262218, 0.0, -0.965009, 3.782493, 0.0, 1.0, 0.0, -0.021403, 0.0, 0.0, 0.0, 1.0], [0.965246, 0.0, 0.261343, -5e-06, 0.261343, 0.0, -0.965246, 3.781998, 0.0, 1.0, 0.0, -0.021403, 0.0, 0.0, 0.0, 1.0], [0.965485, 0.0, 0.260457, -5e-06, 0.260457, 0.0, -0.965485, 3.781498, 0.0, 1.0, 0.0, -0.021403, 0.0, 0.0, 0.0, 1.0], [0.965726, 0.0, 0.259562, -5e-06, 0.259562, 0.0, -0.965726, 3.780993, 0.0, 1.0, 0.0, -0.021403, 0.0, 0.0, 0.0, 1.0], [0.965969, 0.0, 0.258657, -5e-06, 0.258657, 0.0, -0.965969, 3.780482, 0.0, 1.0, 0.0, -0.021403, 0.0, 0.0, 0.0, 1.0], [0.966214, 0.0, 0.257742, -5e-06, 0.257742, 0.0, -0.966214, 3.779965, 0.0, 1.0, 0.0, -0.021403, 0.0, 0.0, 0.0, 1.0], [0.96646, 0.0, 0.256818, -5e-06, 0.256818, 0.0, -0.96646, 3.779444, 0.0, 1.0, 0.0, -0.021403, 0.0, 0.0, 0.0, 1.0], [0.966708, 0.0, 0.255884, -5e-06, 0.255884, 0.0, -0.966708, 3.778917, 0.0, 1.0, 0.0, -0.021403, 0.0, 0.0, 0.0, 1.0], [0.966957, 0.0, 0.25494, -5e-06, 0.25494, 0.0, -0.966957, 3.778385, 0.0, 1.0, 0.0, -0.021403, 0.0, 0.0, 0.0, 1.0], [0.967208, 0.0, 0.253987, -5e-06, 0.253987, 0.0, -0.967208, 3.777848, 0.0, 1.0, 0.0, -0.021403, 0.0, 0.0, 0.0, 1.0], [0.96746, 0.0, 0.253024, -5e-06, 0.253024, 0.0, -0.96746, 3.777305, 0.0, 1.0, 0.0, -0.021403, 0.0, 0.0, 0.0, 1.0], [0.967713, 0.0, 0.252053, -5e-06, 0.252053, 0.0, -0.967713, 3.776758, 0.0, 1.0, 0.0, -0.021403, 0.0, 0.0, 0.0, 1.0], [0.967968, 0.0, 0.251072, -5e-06, 0.251072, 0.0, -0.967968, 3.776206, 0.0, 1.0, 0.0, -0.021403, 0.0, 0.0, 0.0, 1.0], [0.968225, 0.0, 0.250082, -5e-06, 0.250082, 0.0, -0.968225, 3.775648, 0.0, 1.0, 0.0, -0.021403, 0.0, 0.0, 0.0, 1.0], [0.968482, 0.0, 0.249083, -5e-06, 0.249083, 0.0, -0.968482, 3.775086, 0.0, 1.0, 0.0, -0.021403, 0.0, 0.0, 0.0, 1.0], [0.968741, 0.0, 0.248075, -5e-06, 0.248075, 0.0, -0.968741, 3.774519, 0.0, 1.0, 0.0, -0.021403, 0.0, 0.0, 0.0, 1.0], [0.969001, 0.0, 0.247058, -5e-06, 0.247058, 0.0, -0.969001, 3.773947, 0.0, 1.0, 0.0, -0.021403, 0.0, 0.0, 0.0, 1.0], [0.969261, 0.0, 0.246033, -5e-06, 0.246033, 0.0, -0.969261, 3.773371, 0.0, 1.0, 0.0, -0.021403, 0.0, 0.0, 0.0, 1.0], [0.969523, 0.0, 0.244999, -5e-06, 0.244999, 0.0, -0.969523, 3.772789, 0.0, 1.0, 0.0, -0.021403, 0.0, 0.0, 0.0, 1.0], [0.969786, 0.0, 0.243956, -5e-06, 0.243956, 0.0, -0.969786, 3.772204, 0.0, 1.0, 0.0, -0.021403, 0.0, 0.0, 0.0, 1.0], [0.97005, 0.0, 0.242905, -5e-06, 0.242905, 0.0, -0.97005, 3.771613, 0.0, 1.0, 0.0, -0.021403, 0.0, 0.0, 0.0, 1.0], [0.970315, 0.0, 0.241845, -5e-06, 0.241845, 0.0, -0.970315, 3.771019, 0.0, 1.0, 0.0, -0.021403, 0.0, 0.0, 0.0, 1.0], [0.97058, 0.0, 0.240777, -5e-06, 0.240777, 0.0, -0.97058, 3.770419, 0.0, 1.0, 0.0, -0.021403, 0.0, 0.0, 0.0, 1.0], [0.970847, 0.0, 0.239701, -5e-06, 0.239701, 0.0, -0.970847, 3.769815, 0.0, 1.0, 0.0, -0.021403, 0.0, 0.0, 0.0, 1.0], [0.971114, 0.0, 0.238617, -5e-06, 0.238617, 0.0, -0.971114, 3.769207, 0.0, 1.0, 0.0, -0.021403, 0.0, 0.0, 0.0, 1.0], [0.971381, 0.0, 0.237525, -5e-06, 0.237525, 0.0, -0.971381, 3.768595, 0.0, 1.0, 0.0, -0.021403, 0.0, 0.0, 0.0, 1.0], [0.97165, 0.0, 0.236425, -5e-06, 0.236425, 0.0, -0.97165, 3.767978, 0.0, 1.0, 0.0, -0.021403, 0.0, 0.0, 0.0, 1.0], [0.971919, 0.0, 0.235317, -5e-06, 0.235317, 0.0, -0.971919, 3.767357, 0.0, 1.0, 0.0, -0.021403, 0.0, 0.0, 0.0, 1.0], [0.972188, 0.0, 0.234201, -5e-06, 0.234201, 0.0, -0.972188, 3.766732, 0.0, 1.0, 0.0, -0.021403, 0.0, 0.0, 0.0, 1.0], [0.972458, 0.0, 0.233077, -5e-06, 0.233077, 0.0, -0.972458, 3.766103, 0.0, 1.0, 0.0, -0.021403, 0.0, 0.0, 0.0, 1.0], [0.972729, 0.0, 0.231946, -5e-06, 0.231946, 0.0, -0.972729, 3.76547, 0.0, 1.0, 0.0, -0.021403, 0.0, 0.0, 0.0, 1.0], [0.972999, 0.0, 0.230808, -5e-06, 0.230808, 0.0, -0.972999, 3.764833, 0.0, 1.0, 0.0, -0.021403, 0.0, 0.0, 0.0, 1.0], [0.97327, 0.0, 0.229662, -5e-06, 0.229662, 0.0, -0.97327, 3.764192, 0.0, 1.0, 0.0, -0.021403, 0.0, 0.0, 0.0, 1.0], [0.973542, 0.0, 0.228508, -5e-06, 0.228508, 0.0, -0.973542, 3.763547, 0.0, 1.0, 0.0, -0.021403, 0.0, 0.0, 0.0, 1.0], [0.973814, 0.0, 0.227348, -5e-06, 0.227348, 0.0, -0.973814, 3.762898, 0.0, 1.0, 0.0, -0.021403, 0.0, 0.0, 0.0, 1.0], [0.974086, 0.0, 0.22618, -5e-06, 0.22618, 0.0, -0.974086, 3.762246, 0.0, 1.0, 0.0, -0.021403, 0.0, 0.0, 0.0, 1.0], [0.974358, 0.0, 0.225005, -5e-06, 0.225005, 0.0, -0.974358, 3.761589, 0.0, 1.0, 0.0, -0.021403, 0.0, 0.0, 0.0, 1.0], [0.97463, 0.0, 0.223823, -5e-06, 0.223823, 0.0, -0.97463, 3.760929, 0.0, 1.0, 0.0, -0.021403, 0.0, 0.0, 0.0, 1.0], [0.974902, 0.0, 0.222634, -5e-06, 0.222634, 0.0, -0.974902, 3.760266, 0.0, 1.0, 0.0, -0.021403, 0.0, 0.0, 0.0, 1.0], [0.975174, 0.0, 0.221439, -5e-06, 0.221439, 0.0, -0.975174, 3.759598, 0.0, 1.0, 0.0, -0.021403, 0.0, 0.0, 0.0, 1.0], [0.975446, 0.0, 0.220237, -5e-06, 0.220237, 0.0, -0.975446, 3.758928, 0.0, 1.0, 0.0, -0.021403, 0.0, 0.0, 0.0, 1.0], [0.975719, 0.0, 0.219028, -5e-06, 0.219028, 0.0, -0.975719, 3.758254, 0.0, 1.0, 0.0, -0.021403, 0.0, 0.0, 0.0, 1.0], [0.97599, 0.0, 0.217813, -5e-06, 0.217813, 0.0, -0.97599, 3.757576, 0.0, 1.0, 0.0, -0.021403, 0.0, 0.0, 0.0, 1.0], [0.976262, 0.0, 0.216591, -5e-06, 0.216591, 0.0, -0.976262, 3.756896, 0.0, 1.0, 0.0, -0.021403, 0.0, 0.0, 0.0, 1.0], [0.976534, 0.0, 0.215363, -5e-06, 0.215363, 0.0, -0.976534, 3.756211, 0.0, 1.0, 0.0, -0.021403, 0.0, 0.0, 0.0, 1.0], [0.976805, 0.0, 0.214129, -5e-06, 0.214129, 0.0, -0.976805, 3.755524, 0.0, 1.0, 0.0, -0.021403, 0.0, 0.0, 0.0, 1.0], [0.977076, 0.0, 0.212889, -5e-06, 0.212889, 0.0, -0.977076, 3.754833, 0.0, 1.0, 0.0, -0.021403, 0.0, 0.0, 0.0, 1.0], [0.977347, 0.0, 0.211642, -5e-06, 0.211642, 0.0, -0.977347, 3.75414, 0.0, 1.0, 0.0, -0.021403, 0.0, 0.0, 0.0, 1.0], [0.977618, 0.0, 0.21039, -5e-06, 0.21039, 0.0, -0.977618, 3.753443, 0.0, 1.0, 0.0, -0.021403, 0.0, 0.0, 0.0, 1.0], [0.977888, 0.0, 0.209131, -5e-06, 0.209131, 0.0, -0.977888, 3.752743, 0.0, 1.0, 0.0, -0.021403, 0.0, 0.0, 0.0, 1.0], [0.978157, 0.0, 0.207867, -5e-06, 0.207867, 0.0, -0.978157, 3.75204, 0.0, 1.0, 0.0, -0.021403, 0.0, 0.0, 0.0, 1.0], [0.978426, 0.0, 0.206598, -5e-06, 0.206598, 0.0, -0.978426, 3.751334, 0.0, 1.0, 0.0, -0.021403, 0.0, 0.0, 0.0, 1.0], [0.978694, 0.0, 0.205322, -5e-06, 0.205322, 0.0, -0.978694, 3.750626, 0.0, 1.0, 0.0, -0.021403, 0.0, 0.0, 0.0, 1.0], [0.978962, 0.0, 0.204041, -5e-06, 0.204041, 0.0, -0.978962, 3.749914, 0.0, 1.0, 0.0, -0.021403, 0.0, 0.0, 0.0, 1.0], [0.979229, 0.0, 0.202755, -5e-06, 0.202755, 0.0, -0.979229, 3.7492, 0.0, 1.0, 0.0, -0.021403, 0.0, 0.0, 0.0, 1.0], [0.979496, 0.0, 0.201464, -5e-06, 0.201464, 0.0, -0.979496, 3.748483, 0.0, 1.0, 0.0, -0.021403, 0.0, 0.0, 0.0, 1.0], [0.979762, 0.0, 0.200167, -5e-06, 0.200167, 0.0, -0.979762, 3.747763, 0.0, 1.0, 0.0, -0.021403, 0.0, 0.0, 0.0, 1.0], [0.980027, 0.0, 0.198865, -5e-06, 0.198865, 0.0, -0.980027, 3.747041, 0.0, 1.0, 0.0, -0.021403, 0.0, 0.0, 0.0, 1.0], [0.980291, 0.0, 0.197558, -5e-06, 0.197558, 0.0, -0.980291, 3.746316, 0.0, 1.0, 0.0, -0.021403, 0.0, 0.0, 0.0, 1.0], [0.980555, 0.0, 0.196246, -5e-06, 0.196246, 0.0, -0.980555, 3.745589, 0.0, 1.0, 0.0, -0.021403, 0.0, 0.0, 0.0, 1.0], [0.980817, 0.0, 0.19493, -5e-06, 0.19493, 0.0, -0.980817, 3.744859, 0.0, 1.0, 0.0, -0.021403, 0.0, 0.0, 0.0, 1.0], [0.981079, 0.0, 0.193608, -5e-06, 0.193608, 0.0, -0.981079, 3.744127, 0.0, 1.0, 0.0, -0.021403, 0.0, 0.0, 0.0, 1.0], [0.98134, 0.0, 0.192282, -5e-06, 0.192282, 0.0, -0.98134, 3.743392, 0.0, 1.0, 0.0, -0.021403, 0.0, 0.0, 0.0, 1.0], [0.9816, 0.0, 0.190951, -5e-06, 0.190951, 0.0, -0.9816, 3.742655, 0.0, 1.0, 0.0, -0.021403, 0.0, 0.0, 0.0, 1.0], [0.981858, 0.0, 0.189616, -5e-06, 0.189616, 0.0, -0.981858, 3.741916, 0.0, 1.0, 0.0, -0.021403, 0.0, 0.0, 0.0, 1.0], [0.982116, 0.0, 0.188277, -5e-06, 0.188277, 0.0, -0.982116, 3.741175, 0.0, 1.0, 0.0, -0.021403, 0.0, 0.0, 0.0, 1.0], [0.982373, 0.0, 0.186933, -5e-06, 0.186933, 0.0, -0.982373, 3.740432, 0.0, 1.0, 0.0, -0.021403, 0.0, 0.0, 0.0, 1.0], [0.982628, 0.0, 0.185585, -5e-06, 0.185585, 0.0, -0.982628, 3.739686, 0.0, 1.0, 0.0, -0.021403, 0.0, 0.0, 0.0, 1.0], [0.982883, 0.0, 0.184233, -5e-06, 0.184233, 0.0, -0.982883, 3.738939, 0.0, 1.0, 0.0, -0.021403, 0.0, 0.0, 0.0, 1.0], [0.983136, 0.0, 0.182877, -5e-06, 0.182877, 0.0, -0.983136, 3.738189, 0.0, 1.0, 0.0, -0.021403, 0.0, 0.0, 0.0, 1.0], [0.983388, 0.0, 0.181517, -5e-06, 0.181517, 0.0, -0.983388, 3.737438, 0.0, 1.0, 0.0, -0.021403, 0.0, 0.0, 0.0, 1.0], [0.983638, 0.0, 0.180154, -5e-06, 0.180154, 0.0, -0.983638, 3.736684, 0.0, 1.0, 0.0, -0.021403, 0.0, 0.0, 0.0, 1.0], [0.983888, 0.0, 0.178786, -5e-06, 0.178786, 0.0, -0.983888, 3.735929, 0.0, 1.0, 0.0, -0.021403, 0.0, 0.0, 0.0, 1.0], [0.984136, 0.0, 0.177415, -5e-06, 0.177415, 0.0, -0.984136, 3.735172, 0.0, 1.0, 0.0, -0.021403, 0.0, 0.0, 0.0, 1.0], [0.984383, 0.0, 0.176041, -5e-06, 0.176041, 0.0, -0.984383, 3.734414, 0.0, 1.0, 0.0, -0.021403, 0.0, 0.0, 0.0, 1.0], [0.984628, 0.0, 0.174663, -5e-06, 0.174663, 0.0, -0.984628, 3.733654, 0.0, 1.0, 0.0, -0.021403, 0.0, 0.0, 0.0, 1.0], [0.984872, 0.0, 0.173282, -5e-06, 0.173282, 0.0, -0.984872, 3.732892, 0.0, 1.0, 0.0, -0.021403, 0.0, 0.0, 0.0, 1.0], [0.985115, 0.0, 0.171898, -5e-06, 0.171898, 0.0, -0.985115, 3.732128, 0.0, 1.0, 0.0, -0.021403, 0.0, 0.0, 0.0, 1.0], [0.985356, 0.0, 0.17051, -5e-06, 0.17051, 0.0, -0.985356, 3.731363, 0.0, 1.0, 0.0, -0.021403, 0.0, 0.0, 0.0, 1.0], [0.985596, 0.0, 0.16912, -5e-06, 0.16912, 0.0, -0.985596, 3.730597, 0.0, 1.0, 0.0, -0.021403, 0.0, 0.0, 0.0, 1.0], [0.985834, 0.0, 0.167726, -5e-06, 0.167726, 0.0, -0.985834, 3.729829, 0.0, 1.0, 0.0, -0.021403, 0.0, 0.0, 0.0, 1.0], [0.98607, 0.0, 0.16633, -5e-06, 0.16633, 0.0, -0.98607, 3.72906, 0.0, 1.0, 0.0, -0.021403, 0.0, 0.0, 0.0, 1.0], [0.986305, 0.0, 0.164931, -5e-06, 0.164931, 0.0, -0.986305, 3.728289, 0.0, 1.0, 0.0, -0.021403, 0.0, 0.0, 0.0, 1.0], [0.986538, 0.0, 0.16353, -5e-06, 0.16353, 0.0, -0.986538, 3.727518, 0.0, 1.0, 0.0, -0.021403, 0.0, 0.0, 0.0, 1.0], [0.98677, 0.0, 0.162126, -5e-06, 0.162126, 0.0, -0.98677, 3.726745, 0.0, 1.0, 0.0, -0.021403, 0.0, 0.0, 0.0, 1.0], [0.987, 0.0, 0.160719, -5e-06, 0.160719, 0.0, -0.987, 3.725971, 0.0, 1.0, 0.0, -0.021403, 0.0, 0.0, 0.0, 1.0], [0.987229, 0.0, 0.15931, -5e-06, 0.15931, 0.0, -0.987229, 3.725196, 0.0, 1.0, 0.0, -0.021403, 0.0, 0.0, 0.0, 1.0], [0.987455, 0.0, 0.157899, -5e-06, 0.157899, 0.0, -0.987455, 3.72442, 0.0, 1.0, 0.0, -0.021403, 0.0, 0.0, 0.0, 1.0], [0.98768, 0.0, 0.156486, -5e-06, 0.156486, 0.0, -0.98768, 3.723643, 0.0, 1.0, 0.0, -0.021403, 0.0, 0.0, 0.0, 1.0], [0.987903, 0.0, 0.155071, -5e-06, 0.155071, 0.0, -0.987903, 3.722864, 0.0, 1.0, 0.0, -0.021403, 0.0, 0.0, 0.0, 1.0], [0.988125, 0.0, 0.153654, -5e-06, 0.153654, 0.0, -0.988125, 3.722086, 0.0, 1.0, 0.0, -0.021403, 0.0, 0.0, 0.0, 1.0], [0.988344, 0.0, 0.152235, -5e-06, 0.152235, 0.0, -0.988344, 3.721306, 0.0, 1.0, 0.0, -0.021403, 0.0, 0.0, 0.0, 1.0], [0.988562, 0.0, 0.150814, -5e-06, 0.150814, 0.0, -0.988562, 3.720526, 0.0, 1.0, 0.0, -0.021403, 0.0, 0.0, 0.0, 1.0], [0.988778, 0.0, 0.149392, -5e-06, 0.149392, 0.0, -0.988778, 3.719744, 0.0, 1.0, 0.0, -0.021403, 0.0, 0.0, 0.0, 1.0], [0.988992, 0.0, 0.147968, -5e-06, 0.147968, 0.0, -0.988992, 3.718962, 0.0, 1.0, 0.0, -0.021403, 0.0, 0.0, 0.0, 1.0], [0.989204, 0.0, 0.146543, -5e-06, 0.146543, 0.0, -0.989204, 3.71818, 0.0, 1.0, 0.0, -0.021403, 0.0, 0.0, 0.0, 1.0], [0.989415, 0.0, 0.145116, -5e-06, 0.145116, 0.0, -0.989415, 3.717397, 0.0, 1.0, 0.0, -0.021403, 0.0, 0.0, 0.0, 1.0], [0.989623, 0.0, 0.143689, -5e-06, 0.143689, 0.0, -0.989623, 3.716613, 0.0, 1.0, 0.0, -0.021403, 0.0, 0.0, 0.0, 1.0], [0.989829, 0.0, 0.14226, -5e-06, 0.14226, 0.0, -0.989829, 3.715829, 0.0, 1.0, 0.0, -0.021403, 0.0, 0.0, 0.0, 1.0], [0.990034, 0.0, 0.14083, -5e-06, 0.14083, 0.0, -0.990034, 3.715045, 0.0, 1.0, 0.0, -0.021403, 0.0, 0.0, 0.0, 1.0], [0.990236, 0.0, 0.139399, -5e-06, 0.139399, 0.0, -0.990236, 3.71426, 0.0, 1.0, 0.0, -0.021403, 0.0, 0.0, 0.0, 1.0], [0.990437, 0.0, 0.137967, -5e-06, 0.137967, 0.0, -0.990437, 3.713475, 0.0, 1.0, 0.0, -0.021403, 0.0, 0.0, 0.0, 1.0], [0.990635, 0.0, 0.136535, -5