{"animation": [{"name": "Root", "time": [0.0, 1.2, 2.4], "transform": [[0.951068, 0.003042, -0.308965, -5e-06, -0.308881, 0.034767, -0.950465, 0.000946, 0.007851, 0.999391, 0.034005, 0.722258, 0.0, 0.0, 0.0, 1.0], [0.951068, 0.003042, -0.308965, -5e-06, -0.308881, 0.034767, -0.950465, 0.000946, 0.007851, 0.999391, 0.034005, 0.742258, 0.0, 0.0, 0.0, 1.0], [0.951068, 0.003042, -0.308965, -5e-06, -0.308881, 0.034767, -0.950465, 0.000946, 0.007851, 0.999391, 0.034005, 0.722258, 0.0, 0.0, 0.0, 1.0]]}, {"name": "Thigh_R", "time": [0.0, 1.2, 2.4], "transform": [[0.85407, 0.165514, 0.493123, 0.124994, 0.125278, -0.985569, 0.113825, -0.002831, 0.504847, -0.035437, -0.862481, -1.2e-05, 0.0, 0.0, 0.0, 1.0], [0.853907, 0.151523, 0.49788, 0.124915, 0.118388, -0.988149, 0.097685, -0.012825, 0.506782, -0.024471, -0.861727, -0.000352, 0.0, 0.0, 0.0, 1.0], [0.85407, 0.165514, 0.493123, 0.124994, 0.125278, -0.985569, 0.113825, -0.002831, 0.504847, -0.035437, -0.862481, -1.2e-05, 0.0, 0.0, 0.0, 1.0]]}, {"name": "Leg_R", "time": [0.0, 1.2, 2.4], "transform": [[0.999534, -0.030109, -0.005001, -0.0, 0.030411, 0.96861, 0.246717, 0.37472, -0.002584, -0.246754, 0.969074, -0.0, 0.0, 0.0, 0.0, 1.0], [0.999805, -0.019396, -0.00377, 0.0, 0.019756, 0.977808, 0.208566, 0.37472, -0.000359, -0.2086, 0.978001, 0.0, 0.0, 0.0, 0.0, 1.0], [0.999534, -0.030109, -0.005001, -0.0, 0.030411, 0.96861, 0.246717, 0.37472, -0.002584, -0.246754, 0.969074, -0.0, 0.0, 0.0, 0.0, 1.0]]}, {"name": "Knee_R", "time": [0.0, 1.2, 2.4], "transform": [[1.0, 0.0, -1e-06, -0.0, -1e-06, 0.0, -1.0, 0.37472, -0.0, 1.0, 0.0, -0.0, 0.0, 0.0, 0.0, 1.0], [1.0, 0.0, -1e-06, 0.0, -1e-06, 0.0, -1.0, 0.37472, -0.0, 1.0, 0.0, 0.0, 0.0, 0.0, 0.0, 1.0], [1.0, 0.0, -1e-06, -0.0, -1e-06, 0.0, -1.0, 0.37472, -0.0, 1.0, 0.0, -0.0, 0.0, 0.0, 0.0, 1.0]]}, {"name": "Thigh_L", "time": [0.0, 1.2, 2.4], "transform": [[0.980956, -0.135681, 0.138984, -0.125006, -0.171205, -0.941956, 0.288806, -0.002831, 0.091731, -0.307101, -0.947246, -1.2e-05, 0.0, 0.0, 0.0, 1.0], [0.981532, -0.135771, 0.134769, -0.125085, -0.167325, -0.950787, 0.260784, -0.012825, 0.09273, -0.278518, -0.955944, -0.000352, 0.0, 0.0, 0.0, 1.0], [0.980956, -0.135681, 0.138984, -0.125006, -0.171205, -0.941956, 0.288806, -0.002831, 0.091731, -0.307101, -0.947246, -1.2e-05, 0.0, 0.0, 0.0, 1.0]]}, {"name": "Leg_L", "time": [0.0, 1.2, 2.4], "transform": [[0.999594, 0.027715, 0.006557, 0.0, -0.028401, 0.952889, 0.301984, 0.37472, 0.002121, -0.302047, 0.95329, -0.0, 0.0, 0.0, 0.0, 1.0], [0.999719, 0.02314, 0.005053, 0.0, -0.023673, 0.969175, 0.245232, 0.37472, 0.000777, -0.245283, 0.969451, -0.0, 0.0, 0.0, 0.0, 1.0], [0.999594, 0.027715, 0.006557, 0.0, -0.028401, 0.952889, 0.301984, 0.37472, 0.002121, -0.302047, 0.95329, -0.0, 0.0, 0.0, 0.0, 1.0]]}, {"name": "Knee_L", "time": [0.0, 1.2, 2.4], "transform": [[1.0, -0.0, 0.0, 0.0, 0.0, 0.0, -1.0, 0.37472, 0.0, 1.0, 0.0, -0.0, 0.0, 0.0, 0.0, 1.0], [1.0, -0.0, 0.0, 0.0, 0.0, 0.0, -1.0, 0.37472, 0.0, 1.0, 0.0, -0.0, 0.0, 0.0, 0.0, 1.0], [1.0, -0.0, 0.0, 0.0, 0.0, 0.0, -1.0, 0.37472, 0.0, 1.0, 0.0, -0.0, 0.0, 0.0, 0.0, 1.0]]}, {"name": "Torso", "time": [0.0, 1.2, 2.4], "transform": [[0.999871, -0.016022, 0.000597, 0.0, 0.016033, 0.999179, -0.037207, 0.05, 0.0, 0.037212, 0.999307, 0.0, 0.0, 0.0, 0.0, 1.0], [0.999957, -0.009251, 0.000579, -0.0, 0.00927, 0.998007, -0.062411, 0.05, -0.0, 0.062414, 0.99805, 0.0, 0.0, 0.0, 0.0, 1.0], [0.999871, -0.016022, 0.000597, 0.0, 0.016033, 0.999179, -0.037207, 0.05, 0.0, 0.037212, 0.999307, 0.0, 0.0, 0.0, 0.0, 1.0]]}, {"name": "Chest", "time": [0.0, 1.2, 2.4], "transform": [[0.821055, -0.000374, -0.570849, 0.0, 0.021134, 0.999334, 0.029743, 0.3, 0.570458, -0.036485, 0.820516, 0.0, 0.0, 0.0, 0.0, 1.0], [0.821196, -0.00377, -0.570634, 0.0, 0.034077, 0.998518, 0.042444, 0.3, 0.569628, -0.0543, 0.820107, -0.0, 0.0, 0.0, 0.0, 1.0], [0.821055, -0.000374, -0.570849, 0.0, 0.021134, 0.999334, 0.029743, 0.3, 0.570458, -0.036485, 0.820516, 0.0, 0.0, 0.0, 0.0, 1.0]]}, {"name": "Head", "time": [0.0, 1.2, 2.4], "transform": [[0.650331, -0.021311, 0.759352, 0.0, -0.025038, 0.998462, 0.049465, 0.4, -0.759239, -0.051182, 0.648797, 0.0, 0.0, 0.0, 0.0, 1.0], [0.650589, -0.021311, 0.759131, 0.0, -0.025022, 0.998462, 0.049473, 0.4, -0.759018, -0.051181, 0.649055, 0.0, 0.0, 0.0, 0.0, 1.0], [0.650331, -0.021311, 0.759352, 0.0, -0.025038, 0.998462, 0.049465, 0.4, -0.759239, -0.051182, 0.648797, 0.0, 0.0, 0.0, 0.0, 1.0]]}, {"name": "Shoulder_R", "time": [0.0, 0.6, 1.2, 1.8, 2.4], "transform": [[0.000149, 0.952816, 0.303548, 0.0, -3.8e-05, -0.303548, 0.952816, 0.4, 1.0, -0.000153, -9e-06, 0.0, 0.0, 0.0, 0.0, 1.0], [-0.00079, 0.94771, 0.319132, 0.0, 0.000213, -0.319132, 0.94771, 0.4, 1.0, 0.000817, 5e-05, -0.0, 0.0, 0.0, 0.0, 1.0], [0.000149, 0.952816, 0.303548, 0.0, -3.8e-05, -0.303547, 0.952817, 0.4, 1.0, -0.000153, -9e-06, -0.0, 0.0, 0.0, 0.0, 1.0], [-0.000708, 0.958408, 0.285401, 0.0, 0.000191, -0.285401, 0.958408, 0.4, 1.0, 0.000733, 1.9e-05, -0.0, 0.0, 0.0, 0.0, 1.0], [0.000149, 0.952816, 0.303548, 0.0, -3.8e-05, -0.303548, 0.952816, 0.4, 1.0, -0.000153, -9e-06, 0.0, 0.0, 0.0, 0.0, 1.0]]}, {"name": "Arm_R", "time": [0.0, 0.6, 1.2, 1.8, 2.4], "transform": [[0.303158, 0.09411, -0.948282, 0.0, 0.815362, 0.489445, 0.309238, 0.388385, 0.493234, -0.866941, 0.071646, -0.0, 0.0, 0.0, 0.0, 1.0], [0.302947, 0.094442, -0.948316, 0.0, 0.805581, 0.506279, 0.307769, 0.388385, 0.509179, -0.857182, 0.077295, -0.0, 0.0, 0.0, 0.0, 1.0], [0.303158, 0.09411, -0.948282, -0.0, 0.815363, 0.489445, 0.309238, 0.388385, 0.493234, -0.866941, 0.071646, -0.0, 0.0, 0.0, 0.0, 1.0], [0.303457, 0.094964, -0.948101, -0.0, 0.828395, 0.465372, 0.311755, 0.388385, 0.470825, -0.880006, 0.062552, -0.0, 0.0, 0.0, 0.0, 1.0], [0.303158, 0.09411, -0.948282, 0.0, 0.815362, 0.489445, 0.309238, 0.388385, 0.493234, -0.866941, 0.071646, -0.0, 0.0, 0.0, 0.0, 1.0]]}, {"name": "Hand_R", "time": [0.0, 1.2, 2.4], "transform": [[0.999985, 0.001325, 0.005391, 0.0, -0.000648, 0.992315, -0.123735, 0.33, -0.005514, 0.12373, 0.992301, -0.0, 0.0, 0.0, 0.0, 1.0], [0.999984, 0.001325, 0.005391, -0.0, -0.000648, 0.992315, -0.123735, 0.33, -0.005513, 0.12373, 0.992301, 0.0, 0.0, 0.0, 0.0, 1.0], [0.999985, 0.001325, 0.005391, 0.0, -0.000648, 0.992315, -0.123735, 0.33, -0.005514, 0.12373, 0.992301, -0.0, 0.0, 0.0, 0.0, 1.0]]}, {"name": "Tool_R", "time": [0.0, 1.2, 2.4], "transform": [[1.0, -0.0, 0.0, -0.023441, -0.0, -0.930382, -0.366591, 0.232272, 0.0, 0.366591, -0.930382, 0.02322, 0.0, 0.0, 0.0, 1.0], [1.0, -0.0, 0.0, -0.023441, 0.0, -0.908329, -0.418256, 0.232272, 0.0, 0.418256, -0.908329, 0.02322, 0.0, 0.0, 0.0, 1.0], [1.0, -0.0, 0.0, -0.023441, -0.0, -0.930382, -0.366591, 0.232272, 0.0, 0.366591, -0.930382, 0.02322, 0.0, 0.0, 0.0, 1.0]]}, {"name": "Elbow_R", "time": [0.0, 1.2, 2.4], "transform": [[-1.0, 0.0, 0.0, -0.0, -0.0, 0.0, -1.0, 0.33, -0.0, -1.0, -0.0, 0.0, 0.0, 0.0, 0.0, 1.0], [-1.0, 0.0, 0.0, -0.0, -0.0, 0.0, -1.0, 0.33, -0.0, -1.0, -0.0, 0.0, 0.0, 0.0, 0.0, 1.0], [-1.0, 0.0, 0.0, -0.0, -0.0, 0.0, -1.0, 0.33, -0.0, -1.0, -0.0, 0.0, 0.0, 0.0, 0.0, 1.0]]}, {"name": "Shoulder_L", "time": [0.0, 0.6, 1.2, 1.8, 2.4], "transform": [[-0.086067, -0.949114, -0.302945, -0.0, -0.023041, -0.302095, 0.952999, 0.4, -0.996023, 0.089002, 0.004132, -0.0, 0.0, 0.0, 0.0, 1.0], [-0.087232, -0.943733, -0.318995, 0.0, -0.023353, -0.318191, 0.947739, 0.4, -0.995914, 0.090123, 0.005717, 0.0, 0.0, 0.0, 0.0, 1.0], [-0.086067, -0.949114, -0.302945, 0.0, -0.023041, -0.302095, 0.952999, 0.4, -0.996023, 0.089002, 0.004132, -0.0, 0.0, 0.0, 0.0, 1.0], [-0.086604, -0.954254, -0.286178, 0.0, -0.023185, -0.285249, 0.958173, 0.4, -0.995973, 0.089617, 0.002579, -0.0, 0.0, 0.0, 0.0, 1.0], [-0.086067, -0.949114, -0.302945, -0.0, -0.023041, -0.302095, 0.952999, 0.4, -0.996023, 0.089002, 0.004132, -0.0, 0.0, 0.0, 0.0, 1.0]]}, {"name": "Arm_L", "time": [0.0, 0.6, 1.2, 1.8, 2.4], "transform": [[-0.106704, -0.048978, 0.993084, -0.0, -0.901006, 0.427144, -0.075744, 0.388354, -0.420479, -0.902856, -0.089707, -0.0, 0.0, 0.0, 0.0, 1.0], [-0.107989, -0.048535, 0.992967, 0.0, -0.889437, 0.450913, -0.07469, 0.388354, -0.444117, -0.891247, -0.091863, 0.0, 0.0, 0.0, 0.0, 1.0], [-0.106704, -0.048978, 0.993084, 0.0, -0.901006, 0.427144, -0.075744, 0.388354, -0.420479, -0.902856, -0.089707, 0.0, 0.0, 0.0, 0.0, 1.0], [-0.105622, -0.050437, 0.993127, 0.0, -0.910092, 0.407358, -0.076103, 0.388354, -0.40072, -0.911874, -0.088928, 0.0, 0.0, 0.0, 0.0, 1.0], [-0.106704, -0.048978, 0.993084, -0.0, -0.901006, 0.427144, -0.075744, 0.388354, -0.420479, -0.902856, -0.089707, -0.0, 0.0, 0.0, 0.0, 1.0]]}, {"name": "Hand_L", "time": [0.0, 1.2, 2.4], "transform": [[1.0, 0.0, 0.0, -0.0, -0.0, 0.993491, -0.113908, 0.33, -0.0, 0.113908, 0.993491, -0.0, 0.0, 0.0, 0.0, 1.0], [1.0, 0.0, 0.0, -0.0, -0.0, 0.993491, -0.113908, 0.33, -0.0, 0.113908, 0.993491, 0.0, 0.0, 0.0, 0.0, 1.0], [1.0, 0.0, 0.0, -0.0, -0.0, 0.993491, -0.113908, 0.33, -0.0, 0.113908, 0.993491, -0.0, 0.0, 0.0, 0.0, 1.0]]}, {"name": "Tool_L", "time": [0.0, 1.2, 2.4], "transform": [[-1.0, 0.0, 0.0, 0.03, 0.0, 1.0, -0.0, 0.266851, -0.0, -0.0, -1.0, 0.0, 0.0, 0.0, 0.0, 1.0], [-1.0, -0.0, 0.0, 0.03, -0.0, 1.0, 0.0, 0.266851, -0.0, -0.0, -1.0, 0.0, 0.0, 0.0, 0.0, 1.0], [-1.0, 0.0, 0.0, 0.03, 0.0, 1.0, -0.0, 0.266851, -0.0, -0.0, -1.0, 0.0, 0.0, 0.0, 0.0, 1.0]]}, {"name": "Elbow_L", "time": [0.0, 1.2, 2.4], "transform": [[-1.0, 0.0, -0.0, 0.0, 0.0, -0.0, -1.0, 0.33, -0.0, -1.0, 0.0, 0.0, 0.0, 0.0, 0.0, 1.0], [-1.0, 0.0, -0.0, 0.0, 0.0, -0.0, -1.0, 0.33, -0.0, -1.0, 0.0, 0.0, 0.0, 0.0, 0.0, 1.0], [-1.0, 0.0, -0.0, 0.0, 0.0, -0.0, -1.0, 0.33, -0.0, -1.0, 0.0, 0.0, 0.0, 0.0, 0.0, 1.0]]}]}