{
 
    "animation": [
        {
            "name": "Root",
            "time": [0.0, 1.2, 2.4],
            "transform": [
                [0.992546, -0.0, 0.121869, 0.001938, 0.121869, 0.0, -0.992546, 0.000946, 0.0, 1.0, 0.0, 0.693272, 0.0, 0.0, 0.0, 1.0],
                [0.992546, -0.0, 0.121869, 0.001938, 0.121869, 0.0, -0.992546, 0.000946, 0.0, 1.0, 0.0, 0.713272, 0.0, 0.0, 0.0, 1.0],
                [0.992546, -0.0, 0.121869, 0.001938, 0.121869, 0.0, -0.992546, 0.000946, 0.0, 1.0, 0.0, 0.693272, 0.0, 0.0, 0.0, 1.0]
            ]
        },
        {
            "name": "Thigh_R",
            "time": [0.0, 1.2, 2.4],
            "transform": [
                [0.986455, 0.13886, -0.087302, 0.124994, 0.162594, -0.897933, 0.408978, -0.002831, -0.021601, -0.417635, -0.908349, -1.2e-05, 0.0, 0.0, 0.0, 1.0],
                [0.985091, 0.150231, -0.083813, 0.124994, 0.170681, -0.914398, 0.367063, -0.012831, -0.021495, -0.375897, -0.926406, -1.2e-05, 0.0, 0.0, 0.0, 1.0],
                [0.986455, 0.13886, -0.087302, 0.124994, 0.162594, -0.897933, 0.408978, -0.002831, -0.021601, -0.417635, -0.908349, -1.2e-05, 0.0, 0.0, 0.0, 1.0]
            ]
        },
        {
            "name": "Leg_R",
            "time": [0.0, 1.2, 2.4],
            "transform": [
                [0.999297, 0.003927, -0.037307, 0.0, 0.013968, 0.884048, 0.467189, 0.37472, 0.034816, -0.467382, 0.883369, 0.0, 0.0, 0.0, 0.0, 1.0],
                [0.999191, 0.000426, -0.040236, -0.0, 0.015346, 0.920327, 0.390852, 0.37472, 0.037197, -0.391154, 0.919572, -0.0, 0.0, 0.0, 0.0, 1.0],
                [0.999297, 0.003927, -0.037307, 0.0, 0.013968, 0.884048, 0.467189, 0.37472, 0.034816, -0.467382, 0.883369, 0.0, 0.0, 0.0, 0.0, 1.0]
            ]
        },
        {
            "name": "Knee_R",
            "time": [0.0, 1.2, 2.4],
            "transform": [
                [0.999822, -0.000315, -0.018902, 0.0, -0.01827, 0.240795, -0.970404, 0.37472, 0.004857, 0.970576, 0.240746, 0.0, 0.0, 0.0, 0.0, 1.0],
                [0.999795, -0.001814, -0.020149, -0.0, -0.019381, 0.199596, -0.979687, 0.37472, 0.005799, 0.979876, 0.19952, -0.0, 0.0, 0.0, 0.0, 1.0],
                [0.999822, -0.000315, -0.018902, 0.0, -0.01827, 0.240795, -0.970404, 0.37472, 0.004857, 0.970576, 0.240746, 0.0, 0.0, 0.0, 0.0, 1.0]
            ]
        },
        {
            "name": "Thigh_L",
            "time": [0.0, 1.2, 2.4],
            "transform": [
                [0.943308, -0.236731, -0.23265, -0.125006, -0.20619, -0.967229, 0.14817, -0.002831, -0.260102, -0.091801, -0.961206, -1.2e-05, 0.0, 0.0, 0.0, 1.0],
                [0.945473, -0.224494, -0.235968, -0.125006, -0.192995, -0.969771, 0.149324, -0.012831, -0.262358, -0.095641, -0.960218, -1.2e-05, 0.0, 0.0, 0.0, 1.0],
                [0.943308, -0.236731, -0.23265, -0.125006, -0.20619, -0.967229, 0.14817, -0.002831, -0.260102, -0.091801, -0.961206, -1.2e-05, 0.0, 0.0, 0.0, 1.0]
            ]
        },
        {
            "name": "Leg_L",
            "time": [0.0, 1.2, 2.4],
            "transform": [
                [0.999454, 0.022093, 0.024545, -0.0, -0.031552, 0.858254, 0.512258, 0.37472, -0.009749, -0.512756, 0.858479, -0.0, 0.0, 0.0, 0.0, 1.0],
                [0.999476, 0.024238, 0.021434, 0.0, -0.031606, 0.873166, 0.4864, 0.37472, -0.006926, -0.486824, 0.873471, -0.0, 0.0, 0.0, 0.0, 1.0],
                [0.999454, 0.022093, 0.024545, -0.0, -0.031552, 0.858254, 0.512258, 0.37472, -0.009749, -0.512756, 0.858479, -0.0, 0.0, 0.0, 0.0, 1.0]
            ]
        },
        {
            "name": "Knee_L",
            "time": [0.0, 1.2, 2.4],
            "transform": [
                [0.999861, 0.01271, 0.010777, -0.0, 0.007009, 0.265923, -0.963969, 0.37472, -0.015118, 0.963911, 0.265797, -0.0, 0.0, 0.0, 0.0, 1.0],
                [0.999867, 0.013491, 0.009168, 0.0, 0.005481, 0.251471, -0.967849, 0.37472, -0.015362, 0.967771, 0.251363, -0.0, 0.0, 0.0, 0.0, 1.0],
                [0.999861, 0.01271, 0.010777, -0.0, 0.007009, 0.265923, -0.963969, 0.37472, -0.015118, 0.963911, 0.265797, -0.0, 0.0, 0.0, 0.0, 1.0]
            ]
        },
        {
            "name": "Torso",
            "time": [0.0, 1.2, 2.4],
            "transform": [
                [0.999424, 0.031532, 0.012535, -0.0, -0.032376, 0.996727, 0.074077, 0.05, -0.010158, -0.07444, 0.997174, 0.0, 0.0, 0.0, 0.0, 1.0],
                [0.998997, 0.042386, 0.014418, -0.0, -0.042669, 0.998891, 0.019922, 0.05, -0.013558, -0.020517, 0.999698, 0.0, 0.0, 0.0, 0.0, 1.0],
                [0.999424, 0.031532, 0.012535, -0.0, -0.032376, 0.996727, 0.074077, 0.05, -0.010158, -0.07444, 0.997174, 0.0, 0.0, 0.0, 0.0, 1.0]
            ]
        },
        {
            "name": "Chest",
            "time": [0.0, 1.2, 2.4],
            "transform": [
                [0.924879, -0.036106, 0.378544, 0.0, 0.006046, 0.996753, 0.080298, 0.3, -0.380214, -0.071977, 0.922094, -0.0, 0.0, 0.0, 0.0, 1.0],
                [0.925297, -0.055892, 0.375101, -0.0, 0.030234, 0.996804, 0.073948, 0.3, -0.378035, -0.057083, 0.92403, 0.0, 0.0, 0.0, 0.0, 1.0],
                [0.924879, -0.036106, 0.378544, 0.0, 0.006046, 0.996753, 0.080298, 0.3, -0.380214, -0.071977, 0.922094, -0.0, 0.0, 0.0, 0.0, 1.0]
            ]
        },
        {
            "name": "Head",
            "time": [0.0, 1.2, 2.4],
            "transform": [
                [0.884642, -0.031901, -0.465179, 0.0, -0.019903, 0.994164, -0.106027, 0.4, 0.465847, 0.103054, 0.878844, -0.0, 0.0, 0.0, 0.0, 1.0],
                [0.877412, 0.0004, -0.479737, -0.0, -0.021236, 0.999052, -0.038005, 0.400001, 0.479267, 0.043534, 0.876589, 0.0, 0.0, 0.0, 0.0, 1.0],
                [0.884642, -0.031901, -0.465179, 0.0, -0.019903, 0.994164, -0.106027, 0.4, 0.465847, 0.103054, 0.878844, -0.0, 0.0, 0.0, 0.0, 1.0]
            ]
        },
        {
            "name": "Shoulder_R",
            "time": [0.0, 0.6, 1.2, 1.8, 2.4],
            "transform": [
                [0.480794, 0.783078, 0.394494, -0.0, -0.128753, -0.38198, 0.915158, 0.4, 0.86733, -0.490794, -0.082829, -0.0, 0.0, 0.0, 0.0, 1.0],
                [0.482982, 0.778923, 0.40001, -0.0, -0.12934, -0.388351, 0.91239, 0.400001, 0.866027, -0.492404, -0.086821, 0.0, 0.0, 0.0, 0.0, 1.0],
                [0.482982, 0.778923, 0.400009, -0.0, -0.12934, -0.388351, 0.912389, 0.400001, 0.866027, -0.492404, -0.086821, 0.0, 0.0, 0.0, 0.0, 1.0],
                [0.477947, 0.789494, 0.385053, -0.0, -0.127991, -0.37109, 0.919734, 0.400001, 0.869016, -0.488866, -0.076313, 0.0, 0.0, 0.0, 0.0, 1.0],
                [0.480794, 0.783078, 0.394494, -0.0, -0.128753, -0.38198, 0.915158, 0.4, 0.86733, -0.490794, -0.082829, -0.0, 0.0, 0.0, 0.0, 1.0]
            ]
        },
        {
            "name": "Arm_R",
            "time": [0.0, 0.6, 1.2, 1.8, 2.4],
            "transform": [
                [-0.769397, -0.492454, 0.406834, -0.0, -0.499767, 0.067429, -0.863532, 0.388213, 0.397819, -0.867716, -0.297994, 0.0, 0.0, 0.0, 0.0, 1.0],
                [-0.782501, -0.485172, 0.390255, 0.0, -0.497132, 0.109436, -0.860746, 0.388213, 0.374904, -0.867538, -0.32683, 0.0, 0.0, 0.0, 0.0, 1.0],
                [-0.775122, -0.487816, 0.401522, 0.0, -0.498313, 0.081323, -0.863177, 0.388213, 0.388419, -0.869145, -0.306122, -0.0, 0.0, 0.0, 0.0, 1.0],
                [-0.760228, -0.496007, 0.419557, -0.0, -0.500533, 0.035498, -0.864989, 0.388213, 0.41415, -0.867586, -0.275256, 0.0, 0.0, 0.0, 0.0, 1.0],
                [-0.769397, -0.492454, 0.406834, -0.0, -0.499767, 0.067429, -0.863532, 0.388213, 0.397819, -0.867716, -0.297994, 0.0, 0.0, 0.0, 0.0, 1.0]
            ]
        },
        {
            "name": "Hand_R",
            "time": [0.0, 1.2, 2.4],
            "transform": [
                [0.941205, 0.335454, -0.040215, -0.0, -0.337673, 0.930014, -0.145061, 0.329779, -0.011261, 0.150109, 0.988606, 0.0, 0.0, 0.0, 0.0, 1.0],
                [0.943837, 0.328187, -0.038342, -0.0, -0.330268, 0.933477, -0.139785, 0.329779, -0.010084, 0.144596, 0.989439, -0.0, 0.0, 0.0, 0.0, 1.0],
                [0.941205, 0.335454, -0.040215, -0.0, -0.337673, 0.930014, -0.145061, 0.329779, -0.011261, 0.150109, 0.988606, 0.0, 0.0, 0.0, 0.0, 1.0]
            ]
        },
        {
            "name": "Tool_R",
            "time": [0.0, 0.6, 1.2, 1.8, 2.4],
            "transform": [
                [-0.500604, -0.865251, 0.027106, -0.029775, -0.838833, 0.477104, -0.262167, 0.310455, 0.213909, -0.153979, -0.964641, -0.01514, 0.0, 0.0, 0.0, 1.0],
                [-0.486217, -0.873832, -0.003169, -0.030647, -0.84366, 0.470365, -0.258834, 0.306962, 0.227669, -0.123176, -0.965916, -0.014215, 0.0, 0.0, 0.0, 1.0],
                [-0.471548, -0.881839, 0.001346, -0.033051, -0.848207, 0.453144, -0.27424, 0.303471, 0.241227, -0.130459, -0.96166, -0.01329, 0.0, 0.0, 0.0, 1.0],
                [-0.486285, -0.873687, 0.014, -0.03665, -0.843479, 0.465164, -0.26864, 0.31498, 0.228196, -0.142444, -0.963138, -0.016244, 0.0, 0.0, 0.0, 1.0],
                [-0.500604, -0.865251, 0.027106, -0.029775, -0.838833, 0.477104, -0.262167, 0.310455, 0.213909, -0.153979, -0.964641, -0.01514, 0.0, 0.0, 0.0, 1.0]
            ]
        },
        {
            "name": "Elbow_R",
            "time": [0.0, 1.2, 2.4],
            "transform": [
                [-0.985169, 0.169794, 0.024725, -0.0, -0.012137, 0.074781, -0.997126, 0.329779, -0.171155, -0.982638, -0.071612, 0.0, 0.0, 0.0, 0.0, 1.0],
                [-0.98584, 0.166096, 0.023036, -0.0, -0.011164, 0.072063, -0.997338, 0.329779, -0.167314, -0.983473, -0.069188, -0.0, 0.0, 0.0, 0.0, 1.0],
                [-0.985169, 0.169794, 0.024725, -0.0, -0.012137, 0.074781, -0.997126, 0.329779, -0.171155, -0.982638, -0.071612, 0.0, 0.0, 0.0, 0.0, 1.0]
            ]
        },
        {
            "name": "Shoulder_L",
            "time": [0.0, 0.6, 1.2, 1.8, 2.4],
            "transform": [
                [0.152826, -0.965277, -0.211861, 0.0, 0.040925, -0.208014, 0.977269, 0.4, -0.987405, -0.158022, 0.007714, -0.0, 0.0, 0.0, 0.0, 1.0],
                [0.150186, -0.959702, -0.23752, -0.0, 0.040218, -0.234116, 0.971377, 0.400001, -0.98784, -0.155439, 0.003436, -0.0, 0.0, 0.0, 0.0, 1.0],
                [0.152826, -0.965277, -0.211861, 0.0, 0.040925, -0.208014, 0.977269, 0.4, -0.987405, -0.158022, 0.007714, 0.0, 0.0, 0.0, 0.0, 1.0],
                [0.155281, -0.970106, -0.186497, -0.0, 0.041582, -0.182201, 0.982382, 0.400001, -0.986995, -0.1603, 0.012047, -0.0, 0.0, 0.0, 0.0, 1.0],
                [0.152826, -0.965277, -0.211861, 0.0, 0.040925, -0.208014, 0.977269, 0.4, -0.987405, -0.158022, 0.007714, -0.0, 0.0, 0.0, 0.0, 1.0]
            ]
        },
        {
            "name": "Arm_L",
            "time": [0.0, 0.6, 1.2, 1.8, 2.4],
            "transform": [
                [-0.378035, -0.208059, 0.902105, -0.0, -0.850279, 0.463471, -0.249424, 0.388212, -0.366206, -0.861335, -0.352118, 0.0, 0.0, 0.0, 0.0, 1.0],
                [-0.384793, -0.204764, 0.899999, -0.0, -0.834356, 0.494122, -0.244308, 0.388212, -0.394685, -0.844931, -0.360982, -0.0, 0.0, 0.0, 0.0, 1.0],
                [-0.378039, -0.213263, 0.900888, 0.0, -0.849636, 0.466406, -0.246122, 0.388212, -0.367692, -0.858473, -0.357517, 0.0, 0.0, 0.0, 0.0, 1.0],
                [-0.371225, -0.216409, 0.902969, 0.0, -0.864437, 0.4356, -0.250986, 0.388212, -0.339019, -0.873734, -0.348779, -0.0, 0.0, 0.0, 0.0, 1.0],
                [-0.378035, -0.208059, 0.902105, -0.0, -0.850279, 0.463471, -0.249424, 0.388212, -0.366206, -0.861335, -0.352118, 0.0, 0.0, 0.0, 0.0, 1.0]
            ]
        },
        {
            "name": "Hand_L",
            "time": [0.0, 1.2, 2.4],
            "transform": [
                [0.988383, 0.143974, -0.048692, 0.0, -0.097314, 0.3534, -0.930397, 0.329779, -0.116745, 0.924327, 0.363305, 0.0, 0.0, 0.0, 0.0, 1.0],
                [0.98816, 0.144572, -0.051356, 0.0, -0.097845, 0.336011, -0.936762, 0.329779, -0.118173, 0.930696, 0.346179, -0.0, 0.0, 0.0, 0.0, 1.0],
                [0.988383, 0.143974, -0.048692, 0.0, -0.097314, 0.3534, -0.930397, 0.329779, -0.116745, 0.924327, 0.363305, 0.0, 0.0, 0.0, 0.0, 1.0]
            ]
        },
        {
            "name": "Tool_L",
            "time": [0.0, 0.6, 1.2, 1.8, 2.4],
            "transform": [
                [-0.992297, 0.069919, -0.102267, -0.003323, 0.123097, 0.649382, -0.750434, 0.024026, 0.01394, -0.757241, -0.652986, -0.271671, 0.0, 0.0, 0.0, 1.0],
                [-0.983745, 0.123902, -0.129977, -0.010998, 0.179256, 0.634737, -0.751649, 0.032115, -0.010629, -0.76273, -0.64663, -0.267873, 0.0, 0.0, 0.0, 1.0],
                [-0.985836, 0.108179, -0.128163, -0.010841, 0.167704, 0.626889, -0.760846, 0.021953, -0.001963, -0.771562, -0.636151, -0.272402, 0.0, 0.0, 0.0, 1.0],
                [-0.990189, 0.084107, -0.111585, -0.009559, 0.139591, 0.631337, -0.762842, 0.013146, 0.006287, -0.770934, -0.636884, -0.273411, 0.0, 0.0, 0.0, 1.0],
                [-0.992297, 0.069919, -0.102267, -0.003323, 0.123097, 0.649382, -0.750434, 0.024026, 0.01394, -0.757241, -0.652986, -0.271671, 0.0, 0.0, 0.0, 1.0]
            ]
        },
        {
            "name": "Elbow_L",
            "time": [0.0, 1.2, 2.4],
            "transform": [
                [-0.996818, -0.015647, 0.078157, 0.0, -0.073515, 0.559418, -0.82562, 0.329779, -0.030804, -0.828738, -0.558788, 0.0, 0.0, 0.0, 0.0, 1.0],
                [-0.996749, -0.01716, 0.078731, 0.0, -0.074563, 0.566883, -0.820418, 0.329779, -0.030553, -0.82362, -0.566318, -0.0, 0.0, 0.0, 0.0, 1.0],
                [-0.996818, -0.015647, 0.078157, 0.0, -0.073515, 0.559418, -0.82562, 0.329779, -0.030804, -0.828738, -0.558788, 0.0, 0.0, 0.0, 0.0, 1.0]
            ]
        }
    ]
}