{

    "animation": [
        {
            "name": "Root",
            "time": [0.0, 1.2, 2.4],
            "transform": [
                [0.920505, -0.0, -0.390731, -5e-06, -0.390731, 0.0, -0.920505, 0.000946, 0.0, 1.0, -0.0, 0.693489, 0.0, 0.0, 0.0, 1.0],
                [0.920505, -0.0, -0.390731, -5e-06, -0.390731, 0.0, -0.920505, 0.000946, 0.0, 1.0, -0.0, 0.723489, 0.0, 0.0, 0.0, 1.0],
                [0.920505, -0.0, -0.390731, -5e-06, -0.390731, 0.0, -0.920505, 0.000946, 0.0, 1.0, -0.0, 0.693489, 0.0, 0.0, 0.0, 1.0]
            ]
        },
        {
            "name": "Thigh_R",
            "time": [0.0, 1.2, 2.4],
            "transform": [
                [0.971184, 0.218279, 0.095665, 0.124956, 0.211099, -0.974203, 0.079778, 0.004103, 0.110611, -0.057285, -0.99221, 1.3e-05, 0.0, 0.0, 0.0, 1.0],
                [0.975366, 0.212605, 0.058813, 0.124956, 0.210215, -0.976652, 0.044274, -0.015897, 0.066853, -0.03082, -0.997286, 1.3e-05, 0.0, 0.0, 0.0, 1.0],
                [0.971184, 0.218279, 0.095665, 0.124956, 0.211099, -0.974203, 0.079778, 0.004103, 0.110611, -0.057285, -0.99221, 1.3e-05, 0.0, 0.0, 0.0, 1.0]
            ]
        },
        {
            "name": "Leg_R",
            "time": [0.0, 1.2, 2.4],
            "transform": [
                [0.999961, -0.008472, -0.002448, 0.0, 0.008723, 0.909312, 0.416022, 0.37472, -0.001298, -0.416026, 0.909351, 0.0, 0.0, 0.0, 0.0, 1.0],
                [0.999961, -0.00851, -0.002188, -0.0, 0.008723, 0.931286, 0.364187, 0.37472, -0.001062, -0.364193, 0.931322, 0.0, 0.0, 0.0, 0.0, 1.0],
                [0.999961, -0.008472, -0.002448, 0.0, 0.008723, 0.909312, 0.416022, 0.37472, -0.001298, -0.416026, 0.909351, 0.0, 0.0, 0.0, 0.0, 1.0]
            ]
        },
        {
            "name": "Knee_R",
            "time": [0.0, 1.2, 2.4],
            "transform": [
                [0.99999, -0.004367, -0.000773, 0.0, 0.000174, 0.212897, -0.977074, 0.37472, 0.004431, 0.977065, 0.212896, 0.0, 0.0, 0.0, 0.0, 1.0],
                [0.99999, -0.004356, -0.000702, -0.0, 0.000118, 0.185308, -0.98268, 0.37472, 0.004411, 0.982671, 0.185307, 0.0, 0.0, 0.0, 0.0, 1.0],
                [0.99999, -0.004367, -0.000773, 0.0, 0.000174, 0.212897, -0.977074, 0.37472, 0.004431, 0.977065, 0.212896, 0.0, 0.0, 0.0, 0.0, 1.0]
            ]
        },
        {
            "name": "Thigh_L",
            "time": [0.0, 1.2, 2.4],
            "transform": [
                [0.978519, -0.204251, -0.027945, -0.124968, -0.186628, -0.935246, 0.300809, 0.010236, -0.087576, -0.289132, -0.953275, -3.6e-05, 0.0, 0.0, 0.0, 1.0],
                [0.981664, -0.189875, 0.016799, -0.124968, -0.187531, -0.946226, 0.263607, -0.009764, -0.034157, -0.261924, -0.964484, -3.6e-05, 0.0, 0.0, 0.0, 1.0],
                [0.978519, -0.204251, -0.027945, -0.124968, -0.186628, -0.935246, 0.300809, 0.010236, -0.087576, -0.289132, -0.953275, -3.6e-05, 0.0, 0.0, 0.0, 1.0]
            ]
        },
        {
            "name": "Leg_L",
            "time": [0.0, 1.2, 2.4],
            "transform": [
                [0.999955, -0.008221, 0.004999, 0.0, 0.006258, 0.950322, 0.311209, 0.37472, -0.007309, -0.311164, 0.950328, 0.0, 0.0, 0.0, 0.0, 1.0],
                [0.999965, -0.00652, 0.005431, -0.0, 0.00492, 0.966959, 0.254888, 0.37472, -0.006913, -0.254853, 0.966955, 0.0, 0.0, 0.0, 0.0, 1.0],
                [0.999955, -0.008221, 0.004999, 0.0, 0.006258, 0.950322, 0.311209, 0.37472, -0.007309, -0.311164, 0.950328, 0.0, 0.0, 0.0, 0.0, 1.0]
            ]
        },
        {
            "name": "Knee_L",
            "time": [0.0, 1.2, 2.4],
            "transform": [
                [0.999988, -0.003912, 0.002824, 0.0, 0.003405, 0.157559, -0.987504, 0.37472, 0.003419, 0.987502, 0.15757, 0.0, 0.0, 0.0, 0.0, 1.0],
                [0.999991, -0.003084, 0.002924, -0.0, 0.003296, 0.128498, -0.991704, 0.37472, 0.002683, 0.991705, 0.128508, 0.0, 0.0, 0.0, 0.0, 1.0],
                [0.999988, -0.003912, 0.002824, 0.0, 0.003405, 0.157559, -0.987504, 0.37472, 0.003419, 0.987502, 0.15757, 0.0, 0.0, 0.0, 0.0, 1.0]
            ]
        },
        {
            "name": "Torso",
            "time": [0.0, 1.2, 2.4],
            "transform": [
                [0.998916, -0.02997, -0.035619, -0.0, 0.032351, 0.997144, 0.068243, 0.05, 0.033472, -0.069321, 0.997033, 0.0, 0.0, 0.0, 0.0, 1.0],
                [0.999188, -0.018893, -0.035591, -0.0, 0.019492, 0.999673, 0.016543, 0.05, 0.035267, -0.017223, 0.999229, 0.0, 0.0, 0.0, 0.0, 1.0],
                [0.998916, -0.02997, -0.035619, -0.0, 0.032351, 0.997144, 0.068243, 0.05, 0.033472, -0.069321, 0.997033, 0.0, 0.0, 0.0, 0.0, 1.0]
            ]
        },
        {
            "name": "Chest",
            "time": [0.0, 1.2, 2.4],
            "transform": [
                [0.912146, 0.029664, -0.408791, -0.0, -0.020129, 0.999416, 0.027609, 0.3, 0.409371, -0.016954, 0.91221, -0.0, 0.0, 0.0, 0.0, 1.0],
                [0.913077, 0.015827, -0.407481, 0.0, 0.021256, 0.996041, 0.086319, 0.3, 0.407233, -0.087477, 0.909125, -0.0, 0.0, 0.0, 0.0, 1.0],
                [0.912146, 0.029664, -0.408791, -0.0, -0.020129, 0.999416, 0.027609, 0.3, 0.409371, -0.016954, 0.91221, -0.0, 0.0, 0.0, 0.0, 1.0]
            ]
        },
        {
            "name": "Head",
            "time": [0.0, 1.2, 2.4],
            "transform": [
                [0.655843, 0.005486, 0.754877, 0.0, 0.035611, 0.998636, -0.038197, 0.4, -0.754057, 0.051933, 0.654753, -0.0, 0.0, 0.0, 0.0, 1.0],
                [0.657066, 0.003459, 0.753826, 0.0, 0.04881, 0.997696, -0.047123, 0.4, -0.752252, 0.067758, 0.655383, -0.0, 0.0, 0.0, 0.0, 1.0],
                [0.655843, 0.005486, 0.754877, 0.0, 0.035611, 0.998636, -0.038197, 0.4, -0.754057, 0.051933, 0.654753, -0.0, 0.0, 0.0, 0.0, 1.0]
            ]
        },
        {
            "name": "Shoulder_R",
            "time": [0.0, 1.2, 2.4],
            "transform": [
                [0.004978, 0.913124, 0.40765, -0.0, -0.001336, -0.407648, 0.913138, 0.4, 0.999987, -0.00509, -0.000809, 0.0, 0.0, 0.0, 0.0, 1.0],
                [0.005867, 0.906353, 0.422479, 0.0, -0.001574, -0.422477, 0.906372, 0.4, 0.999982, -0.005983, -0.001052, 0.0, 0.0, 0.0, 0.0, 1.0],
                [0.004978, 0.913124, 0.40765, -0.0, -0.001336, -0.407648, 0.913138, 0.4, 0.999987, -0.00509, -0.000809, 0.0, 0.0, 0.0, 0.0, 1.0]
            ]
        },
        {
            "name": "Arm_R",
            "time": [0.0, 0.6, 1.2, 1.8, 2.4],
            "transform": [
                [-0.856309, -0.111865, -0.504203, 0.0, 0.287918, 0.707084, -0.64586, 0.388213, 0.428763, -0.698225, -0.573274, 0.0, 0.0, 0.0, 0.0, 1.0],
                [-0.857157, -0.124329, -0.499824, -0.000561, 0.285496, 0.693011, -0.661987, 0.390462, 0.428688, -0.710124, -0.558524, -0.004477, 0.0, 0.0, 0.0, 1.0],
                [-0.857799, -0.08753, -0.506476, 0.000294, 0.292741, 0.726747, -0.621402, 0.385245, 0.422471, -0.681304, -0.59778, 0.009545, 0.0, 0.0, 0.0, 1.0],
                [-0.856728, -0.077846, -0.50986, 0.000855, 0.294509, 0.737702, -0.607503, 0.382996, 0.423416, -0.670622, -0.609084, 0.014023, 0.0, 0.0, 0.0, 1.0],
                [-0.856309, -0.111865, -0.504203, 0.0, 0.287918, 0.707084, -0.64586, 0.388213, 0.428763, -0.698225, -0.573274, 0.0, 0.0, 0.0, 0.0, 1.0]
            ]
        },
        {
            "name": "Hand_R",
            "time": [0.0, 0.6, 1.2, 1.8, 2.4],
            "transform": [
                [0.9783, 0.150315, -0.142595, 0.0, -0.206835, 0.748844, -0.629644, 0.329779, 0.012136, 0.645475, 0.763685, -0.0, 0.0, 0.0, 0.0, 1.0],
                [0.978436, 0.144132, -0.147944, 0.0, -0.20432, 0.780293, -0.591096, 0.329779, 0.030243, 0.608577, 0.792918, -0.0, 0.0, 0.0, 0.0, 1.0],
                [0.968774, 0.171894, -0.178688, 0.0, -0.247809, 0.695213, -0.674737, 0.329779, 0.008243, 0.697948, 0.716101, 0.0, 0.0, 0.0, 0.0, 1.0],
                [0.969023, 0.17632, -0.172932, 0.0, -0.246807, 0.665944, -0.703992, 0.329779, -0.008965, 0.724864, 0.688832, 0.0, 0.0, 0.0, 0.0, 1.0],
                [0.9783, 0.150315, -0.142595, 0.0, -0.206835, 0.748844, -0.629644, 0.329779, 0.012136, 0.645475, 0.763685, -0.0, 0.0, 0.0, 0.0, 1.0]
            ]
        },
        {
            "name": "Tool_R",
            "time": [0.0, 0.6, 1.2, 1.8, 2.4],
            "transform": [
                [1.0, 0.0, 0.0, -0.02, 0.0, -0.99863, -0.052336, 0.272159, 0.0, 0.052336, -0.99863, 0.395384, 0.0, 0.0, 0.0, 1.0],
                [1.0, 0.0, 0.0, -0.02, 0.0, -0.999797, -0.020158, 0.265573, 0.0, 0.020158, -0.999797, 0.395078, 0.0, 0.0, 0.0, 1.0],
                [1.0, 0.0, 0.0, -0.02, 0.0, -0.996595, -0.082456, 0.286199, 0.0, 0.082456, -0.996595, 0.394223, 0.0, 0.0, 0.0, 1.0],
                [1.0, 0.0, 0.0, -0.02, 0.0, -0.994378, -0.105889, 0.298999, 0.0, 0.105889, -0.994378, 0.393164, 0.0, 0.0, 0.0, 1.0],
                [1.0, 0.0, 0.0, -0.02, 0.0, -0.99863, -0.052336, 0.272159, 0.0, 0.052336, -0.99863, 0.395384, 0.0, 0.0, 0.0, 1.0]
            ]
        },
        {
            "name": "Elbow_R",
            "time": [0.0, 1.2, 2.4],
            "transform": [
                [-0.99439, 0.094401, 0.047731, 0.0, -0.012412, 0.343973, -0.938897, 0.329779, -0.105051, -0.934222, -0.340872, -0.0, 0.0, 0.0, 0.0, 1.0],
                [-0.991863, 0.108786, 0.066126, 0.0, -0.020397, 0.376913, -0.926024, 0.329779, -0.125662, -0.919838, -0.371627, 0.0, 0.0, 0.0, 0.0, 1.0],
                [-0.99439, 0.094401, 0.047731, 0.0, -0.012412, 0.343973, -0.938897, 0.329779, -0.105051, -0.934222, -0.340872, -0.0, 0.0, 0.0, 0.0, 1.0]
            ]
        },
        {
            "name": "Shoulder_L",
            "time": [0.0, 1.2, 2.4],
            "transform": [
                [0.023657, -0.965207, -0.260411, 0.0, 0.006335, -0.260333, 0.965498, 0.4, -0.9997, -0.02449, -4.4e-05, -0.0, 0.0, 0.0, 0.0, 1.0],
                [0.023657, -0.965207, -0.260411, 0.0, 0.006335, -0.260333, 0.965498, 0.4, -0.9997, -0.024491, -4.4e-05, -0.0, 0.0, 0.0, 0.0, 1.0],
                [0.023657, -0.965207, -0.260411, 0.0, 0.006335, -0.260333, 0.965498, 0.4, -0.9997, -0.02449, -4.4e-05, -0.0, 0.0, 0.0, 0.0, 1.0]
            ]
        },
        {
            "name": "Arm_L",
            "time": [0.0, 0.6, 1.2, 1.8, 2.4],
            "transform": [
                [-0.064889, 0.308405, 0.949038, -0.0, -0.771547, 0.587636, -0.243715, 0.388212, -0.632852, -0.748044, 0.199818, 1e-06, 0.0, 0.0, 0.0, 1.0],
                [-0.067338, 0.309733, 0.948435, 0.000531, -0.772593, 0.585305, -0.245998, 0.389466, -0.631317, -0.749322, 0.199884, -0.004841, 0.0, 0.0, 0.0, 1.0],
                [-0.061414, 0.307407, 0.949593, -0.000227, -0.769932, 0.590839, -0.241064, 0.384479, -0.635161, -0.745928, 0.200397, 0.009275, 0.0, 0.0, 0.0, 1.0],
                [-0.058879, 0.307055, 0.949868, -0.000757, -0.768848, 0.59295, -0.239335, 0.383225, -0.636712, -0.744398, 0.201167, 0.014117, 0.0, 0.0, 0.0, 1.0],
                [-0.064889, 0.308405, 0.949038, -0.0, -0.771547, 0.587636, -0.243715, 0.388212, -0.632852, -0.748044, 0.199818, 1e-06, 0.0, 0.0, 0.0, 1.0]
            ]
        },
        {
            "name": "Hand_L",
            "time": [0.0, 0.6, 1.2, 1.8, 2.4],
            "transform": [
                [0.999992, 0.004203, 0.000453, -0.0, -0.000931, 0.323558, -0.946208, 0.329779, -0.004124, 0.946199, 0.323559, -0.0, 0.0, 0.0, 0.0, 1.0],
                [0.999982, 0.006018, 0.000469, 0.0, -0.001403, 0.307255, -0.951626, 0.329779, -0.00587, 0.951608, 0.307258, -0.0, 0.0, 0.0, 0.0, 1.0],
                [0.999999, 0.001687, 0.000234, -0.0, -0.000149, 0.2233, -0.97475, 0.329779, -0.001696, 0.974748, 0.2233, 0.0, 0.0, 0.0, 0.0, 1.0],
                [1.0, -0.000205, 0.000263, -0.0, 0.000305, 0.241389, -0.970428, 0.329779, 0.000135, 0.970428, 0.241389, 0.0, 0.0, 0.0, 0.0, 1.0],
                [0.999992, 0.004203, 0.000453, -0.0, -0.000931, 0.323558, -0.946208, 0.329779, -0.004124, 0.946199, 0.323559, -0.0, 0.0, 0.0, 0.0, 1.0]
            ]
        },
        {
            "name": "Tool_L",
            "time": [0.0, 1.2, 2.4],
            "transform": [
                [1.0, 0.0, 0.0, 0.02, 0.0, -1.0, 0.0, 0.291426, 0.0, 0.0, -1.0, -0.0, 0.0, 0.0, 0.0, 1.0],
                [1.0, 0.0, 0.0, 0.02, 0.0, -1.0, 0.0, 0.291426, 0.0, -0.0, -1.0, 0.0, 0.0, 0.0, 0.0, 1.0],
                [1.0, 0.0, 0.0, 0.02, 0.0, -1.0, 0.0, 0.291426, 0.0, 0.0, -1.0, -0.0, 0.0, 0.0, 0.0, 1.0]
            ]
        },
        {
            "name": "Elbow_L",
            "time": [0.0, 1.2, 2.4],
            "transform": [
                [-0.999997, -0.001445, 0.001685, -0.0, -0.002211, 0.581563, -0.813498, 0.329779, 0.000196, -0.8135, -0.581564, -0.0, 0.0, 0.0, 0.0, 1.0],
                [-1.0, -0.000718, 0.000545, -0.0, -0.000874, 0.623176, -0.78208, 0.329779, 0.000222, -0.782081, -0.623177, 0.0, 0.0, 0.0, 0.0, 1.0],
                [-0.999997, -0.001445, 0.001685, -0.0, -0.002211, 0.581563, -0.813498, 0.329779, 0.000196, -0.8135, -0.581564, -0.0, 0.0, 0.0, 0.0, 1.0]
            ]
        }
    ]
}