{"animation": [{"name": "Root", "time": [0.0, 0.8333, 2.0], "transform": [[0.810601, 0.0, -0.585599, 1.7e-05, -0.585599, 0.0, -0.810601, 0.000905, 0.0, 1.0, 0.0, 0.6396, 0.0, 0.0, 0.0, 1.0], [0.810601, 0.0, -0.585599, 1.7e-05, -0.585599, 0.0, -0.810601, 0.000905, 0.0, 1.0, 0.0, 0.614112, 0.0, 0.0, 0.0, 1.0], [0.810601, 0.0, -0.585599, 1.7e-05, -0.585599, 0.0, -0.810601, 0.000905, 0.0, 1.0, 0.0, 0.6396, 0.0, 0.0, 0.0, 1.0]]}, {"name": "Thigh_R", "time": [0.0, 0.8333, 2.0], "transform": [[0.816976, 0.329948, 0.472953, 0.124994, 0.381369, -0.924318, -0.013939, -0.002831, 0.43256, 0.191757, -0.880977, -1.2e-05, 0.0, 0.0, 0.0, 1.0], [0.815149, 0.388552, 0.429604, 0.124994, 0.389432, -0.916636, 0.090118, -0.002831, 0.428806, 0.093842, -0.898509, -1.2e-05, 0.0, 0.0, 0.0, 1.0], [0.816976, 0.329948, 0.472953, 0.124994, 0.381369, -0.924318, -0.013939, -0.002831, 0.43256, 0.191757, -0.880977, -1.2e-05, 0.0, 0.0, 0.0, 1.0]]}, {"name": "Leg_R", "time": [0.0, 0.8333, 2.0], "transform": [[0.999985, 0.004996, 0.002164, 0.0, -0.005444, 0.91662, 0.399728, 0.37472, 1.3e-05, -0.399736, 0.916628, -0.0, 0.0, 0.0, 0.0, 1.0], [0.999874, 0.015058, 0.00495, -0.0, -0.014958, 0.793159, 0.608832, 0.37472, 0.005242, -0.608831, 0.793283, -0.0, 0.0, 0.0, 0.0, 1.0], [0.999985, 0.004996, 0.002164, 0.0, -0.005444, 0.91662, 0.399728, 0.37472, 1.3e-05, -0.399736, 0.916628, -0.0, 0.0, 0.0, 0.0, 1.0]]}, {"name": "Knee_R", "time": [0.0, 2.0], "transform": [[1.0, 0.0, -0.0, 0.0, -0.0, 0.0, -1.0, 0.37472, -0.0, 1.0, 0.0, -0.0, 0.0, 0.0, 0.0, 1.0], [1.0, 0.0, -0.0, 0.0, -0.0, 0.0, -1.0, 0.37472, -0.0, 1.0, 0.0, -0.0, 0.0, 0.0, 0.0, 1.0]]}, {"name": "Thigh_L", "time": [0.0, 0.8333, 2.0], "transform": [[0.924337, -0.257058, -0.281996, -0.125006, 0.013663, -0.716259, 0.697701, -0.002831, -0.381332, -0.648764, -0.658553, -1.2e-05, 0.0, 0.0, 0.0, 1.0], [0.924975, -0.276738, -0.260456, -0.125006, 0.015155, -0.657956, 0.752905, -0.002831, -0.379725, -0.700366, -0.604398, -1.2e-05, 0.0, 0.0, 0.0, 1.0], [0.924337, -0.257058, -0.281996, -0.125006, 0.013663, -0.716259, 0.697701, -0.002831, -0.381332, -0.648764, -0.658553, -1.2e-05, 0.0, 0.0, 0.0, 1.0]]}, {"name": "Leg_L", "time": [0.0, 0.8333, 2.0], "transform": [[0.999665, -0.024473, 0.008432, -0.0, 0.008358, 0.613472, 0.789672, 0.37472, -0.024498, -0.789337, 0.61347, -0.0, 0.0, 0.0, 0.0, 1.0], [0.999624, -0.026962, 0.004922, 0.0, 0.009236, 0.500485, 0.865695, 0.37472, -0.025805, -0.865325, 0.500545, 0.0, 0.0, 0.0, 0.0, 1.0], [0.999665, -0.024473, 0.008432, -0.0, 0.008358, 0.613472, 0.789672, 0.37472, -0.024498, -0.789337, 0.61347, -0.0, 0.0, 0.0, 0.0, 1.0]]}, {"name": "Knee_L", "time": [0.0, 2.0], "transform": [[1.0, 0.0, -0.0, -0.0, -0.0, 0.0, -1.0, 0.37472, -0.0, 1.0, 0.0, -0.0, 0.0, 0.0, 0.0, 1.0], [1.0, 0.0, -0.0, -0.0, -0.0, 0.0, -1.0, 0.37472, -0.0, 1.0, 0.0, -0.0, 0.0, 0.0, 0.0, 1.0]]}, {"name": "Torso", "time": [0.0, 2.0], "transform": [[1.0, -0.0, -0.0, 0.0, 0.0, 0.991761, -0.128102, 0.05, 0.0, 0.128102, 0.991761, 0.0, 0.0, 0.0, 0.0, 1.0], [1.0, -0.0, -0.0, 0.0, 0.0, 0.991761, -0.128102, 0.05, 0.0, 0.128102, 0.991761, 0.0, 0.0, 0.0, 0.0, 1.0]]}, {"name": "Chest", "time": [0.0, 0.8333, 2.0], "transform": [[1.0, 0.0, -0.0, 0.0, -0.0, 0.936265, 0.351294, 0.3, 0.0, -0.351294, 0.936265, -0.0, 0.0, 0.0, 0.0, 1.0], [0.996672, -0.078177, -0.023077, 0.0, 0.080121, 0.887509, 0.453771, 0.3, -0.014993, -0.45411, 0.89082, 0.0, 0.0, 0.0, 0.0, 1.0], [1.0, 0.0, -0.0, 0.0, -0.0, 0.936265, 0.351294, 0.3, 0.0, -0.351294, 0.936265, -0.0, 0.0, 0.0, 0.0, 1.0]]}, {"name": "Head", "time": [0.0, 0.8333, 2.0], "transform": [[0.867464, -0.056531, 0.494277, -0.0, 0.038719, 0.998181, 0.046211, 0.4, -0.49599, -0.020949, 0.868076, 0.0, 0.0, 0.0, 0.0, 1.0], [0.859248, 0.039123, 0.510061, -0.0, 0.024699, 0.992735, -0.117754, 0.4, -0.510962, 0.113777, 0.85204, 0.0, 0.0, 0.0, 0.0, 1.0], [0.867464, -0.056531, 0.494277, -0.0, 0.038719, 0.998181, 0.046211, 0.4, -0.49599, -0.020949, 0.868076, 0.0, 0.0, 0.0, 0.0, 1.0]]}, {"name": "Shoulder_R", "time": [0.0, 0.8333, 2.0], "transform": [[-0.420998, 0.857942, 0.294454, -0.0, 0.051914, -0.301305, 0.952112, 0.4, 0.905576, 0.416126, 0.082309, 0.0, 0.0, 0.0, 0.0, 1.0], [-0.409405, 0.846506, 0.340326, 0.0, 0.010311, -0.368706, 0.929487, 0.4, 0.912296, 0.384048, 0.142221, 0.0, 0.0, 0.0, 0.0, 1.0], [-0.420998, 0.857942, 0.294454, -0.0, 0.051914, -0.301305, 0.952112, 0.4, 0.905576, 0.416126, 0.082309, 0.0, 0.0, 0.0, 0.0, 1.0]]}, {"name": "Arm_R", "time": [0.0, 2.0], "transform": [[0.418226, -0.107462, -0.901976, -0.0, 0.692989, 0.679728, 0.240333, 0.39386, 0.587274, -0.725557, 0.358744, -0.0, 0.0, 0.0, 0.0, 1.0], [0.418226, -0.107462, -0.901976, -0.0, 0.692989, 0.679728, 0.240333, 0.39386, 0.587274, -0.725557, 0.358744, -0.0, 0.0, 0.0, 0.0, 1.0]]}, {"name": "Hand_R", "time": [0.0, 2.0], "transform": [[0.99999, 0.0, -0.0, -0.0, -0.0, 0.993938, 0.109948, 0.300001, 0.0, -0.109947, 0.993941, 0.0, 0.0, 0.0, 0.0, 1.0], [0.99999, 0.0, -0.0, -0.0, -0.0, 0.993938, 0.109948, 0.300001, 0.0, -0.109947, 0.993941, 0.0, 0.0, 0.0, 0.0, 1.0]]}, {"name": "Tool_R", "time": [0.0, 2.0], "transform": [[1.0, 0.0, 0.0, 0.0, 0.0, -0.999836, 0.018122, 0.272858, 0.0, -0.018122, -0.998501, -0.0, 0.0, 0.0, 0.0, 1.0], [1.0, 0.0, 0.0, 0.0, 0.0, -0.999836, 0.018122, 0.272858, 0.0, -0.018122, -0.998501, -0.0, 0.0, 0.0, 0.0, 1.0]]}, {"name": "Elbow_R", "time": [0.0, 2.0], "transform": [[-0.999999, 0.0, -0.0, 0.0, 0.0, 0.0, -0.999999, 0.3, -0.0, -0.999995, 0.0, -0.0, 0.0, 0.0, 0.0, 1.0], [-0.999999, 0.0, -0.0, 0.0, 0.0, 0.0, -0.999999, 0.3, -0.0, -0.999995, 0.0, -0.0, 0.0, 0.0, 0.0, 1.0]]}, {"name": "Shoulder_L", "time": [0.0, 0.8333, 2.0], "transform": [[0.430828, -0.851301, -0.299462, -0.0, 0.077295, -0.295809, 0.952116, 0.399999, -0.899123, -0.433344, -0.061641, 0.0, 0.0, 0.0, 0.0, 1.0], [0.425452, -0.868533, -0.254257, 0.0, 0.117562, -0.22553, 0.967118, 0.399999, -0.897318, -0.441352, 0.006154, -0.0, 0.0, 0.0, 0.0, 1.0], [0.430828, -0.851301, -0.299462, -0.0, 0.077295, -0.295809, 0.952116, 0.399999, -0.899123, -0.433344, -0.061641, 0.0, 0.0, 0.0, 0.0, 1.0]]}, {"name": "Arm_L", "time": [0.0, 2.0], "transform": [[-0.281332, -0.278228, 0.91839, -0.0, -0.673228, 0.739222, 0.017717, 0.39386, -0.683824, -0.613302, -0.395277, -0.0, 0.0, 0.0, 0.0, 1.0], [-0.281332, -0.278228, 0.91839, -0.0, -0.673228, 0.739222, 0.017717, 0.39386, -0.683824, -0.613302, -0.395277, -0.0, 0.0, 0.0, 0.0, 1.0]]}, {"name": "Hand_L", "time": [0.0, 2.0], "transform": [[1.000002, -1e-06, 2e-06, 0.0, 2e-06, 0.005845, -0.999984, 0.3, 1e-06, 0.999988, 0.005845, -0.0, 0.0, 0.0, 0.0, 1.0], [1.000002, -1e-06, 2e-06, 0.0, 2e-06, 0.005845, -0.999984, 0.3, 1e-06, 0.999988, 0.005845, -0.0, 0.0, 0.0, 0.0, 1.0]]}, {"name": "Tool_L", "time": [0.0, 2.0], "transform": [[0.999749, 0.0, 0.0, -0.0, 0.0, -0.999448, 0.018128, 0.272858, 0.0, -0.018115, -0.999553, -0.0, 0.0, 0.0, 0.0, 1.0], [0.999749, 0.0, 0.0, -0.0, 0.0, -0.999448, 0.018128, 0.272858, 0.0, -0.018115, -0.999553, -0.0, 0.0, 0.0, 0.0, 1.0]]}, {"name": "Elbow_L", "time": [0.0, 2.0], "transform": [[-1.000001, 0.0, 1e-06, -0.0, -1e-06, 0.0, -1.0, 0.3, -0.0, -1.0, -0.0, 0.0, 0.0, 0.0, 0.0, 1.0], [-1.000001, 0.0, 1e-06, -0.0, -1e-06, 0.0, -1.0, 0.3, -0.0, -1.0, -0.0, 0.0, 0.0, 0.0, 0.0, 1.0]]}]}