{

    "animation": [
        {
            "name": "Root",
            "time": [0.0, 0.0667, 0.1333, 0.3333, 0.4, 0.5],
            "transform": [
                [1.0, -0.0, 0.0, -5e-06, 0.0, 0.0, -1.0, 0.000946, 0.0, 1.0, 0.0, 0.73519, 0.0, 0.0, 0.0, 1.0],
                [1.0, -0.0, 0.0, -5e-06, 0.0, 0.0, -1.0, 0.000946, 0.0, 1.0, 0.0, 0.78646, 0.0, 0.0, 0.0, 1.0],
                [1.0, -0.0, 0.0, -5e-06, 0.0, 0.0, -1.0, 0.000946, 0.0, 1.0, 0.0, 0.83519, 0.0, 0.0, 0.0, 1.0],
                [1.0, -0.0, 0.0, -5e-06, 0.0, 0.087156, -0.996195, 0.000946, 0.0, 0.996195, 0.087156, 0.875191, 0.0, 0.0, 0.0, 1.0],
                [1.0, -0.0, 0.0, -5e-06, 0.0, 0.087156, -0.996195, 0.000946, 0.0, 0.996195, 0.087156, 0.773972, 0.0, 0.0, 0.0, 1.0],
                [1.0, -0.0, 0.0, -5e-06, 0.0, 0.0, -1.0, 0.000946, 0.0, 1.0, 0.0, 0.733972, 0.0, 0.0, 0.0, 1.0]
            ]
        },
        {
            "name": "Thigh_R",
            "time": [0.0, 0.0667, 0.1333, 0.3333, 0.4, 0.5],
            "transform": [
                [0.999911, 0.004128, 0.012729, 0.124994, -0.000917, -0.927857, 0.372909, -0.07283, 0.01335, -0.372887, -0.927771, -1.2e-05, 0.0, 0.0, 0.0, 1.0],
                [0.999203, 0.020354, 0.034336, 0.124994, -0.009062, -0.722092, 0.691738, -0.058065, 0.038874, -0.691498, -0.721332, -1.2e-05, 0.0, 0.0, 0.0, 1.0],
                [0.998584, 0.036056, 0.039116, 0.124994, -0.00756, -0.631641, 0.775224, -0.00149, 0.052659, -0.774422, -0.630474, -1.2e-05, 0.0, 0.0, 0.0, 1.0],
                [0.999039, 0.033121, 0.028723, 0.124994, -0.005639, -0.552663, 0.833386, 0.029552, 0.043477, -0.832747, -0.551945, -1.2e-05, 0.0, 0.0, 0.0, 1.0],
                [0.999321, 0.036669, 0.00367, 0.124994, 0.015209, -0.501088, 0.865263, 0.050472, 0.033567, -0.864619, -0.501306, -1.2e-05, 0.0, 0.0, 0.0, 1.0],
                [0.998909, 0.045952, -0.008337, 0.124994, 0.033551, -0.581915, 0.812557, 0.02717, 0.032488, -0.81195, -0.582822, -1.2e-05, 0.0, 0.0, 0.0, 1.0]
            ]
        },
        {
            "name": "Leg_R",
            "time": [0.0, 0.0667, 0.1333, 0.3333, 0.4, 0.5],
            "transform": [
                [0.999726, -0.02254, -0.006328, 0.0, 0.020605, 0.718799, 0.694913, 0.37472, -0.011115, -0.694852, 0.719067, 0.0, 0.0, 0.0, 0.0, 1.0],
                [0.999641, 0.019767, -0.018118, 0.0, 0.018565, -0.022683, 0.99957, 0.37472, 0.019347, -0.999548, -0.023042, 0.0, 0.0, 0.0, 0.0, 1.0],
                [0.999758, 0.017854, -0.01286, 0.0, 0.017642, -0.301146, 0.953415, 0.37472, 0.013149, -0.953412, -0.301388, 0.0, 0.0, 0.0, 0.0, 1.0],
                [0.99983, 0.012087, -0.013932, 0.0, 0.017901, -0.453761, 0.890944, 0.37472, 0.004447, -0.891042, -0.4539, 0.0, 0.0, 0.0, 0.0, 1.0],
                [0.999822, 0.004505, -0.01831, 0.0, 0.017586, -0.573211, 0.819219, 0.37472, -0.006805, -0.819395, -0.573188, 0.0, 0.0, 0.0, 0.0, 1.0],
                [0.999746, -0.004749, -0.022015, 0.0, 0.01805, -0.415627, 0.909356, 0.37472, -0.013469, -0.909523, -0.415436, 0.0, 0.0, 0.0, 0.0, 1.0]
            ]
        },
        {
            "name": "Knee_R",
            "time": [0.0, 0.0667, 0.1333, 0.3333, 0.4, 0.5],
            "transform": [
                [0.999929, -0.011884, -0.000977, 0.0, 0.003548, 0.374781, -0.927107, 0.37472, 0.011384, 0.927038, 0.374796, 0.0, 0.0, 0.0, 0.0, 1.0],
                [0.999894, 0.006075, -0.013225, 0.0, -0.013588, 0.715079, -0.698911, 0.37472, 0.005211, 0.699017, 0.715086, 0.0, 0.0, 0.0, 0.0, 1.0],
                [0.999924, 0.005672, -0.01096, 0.0, -0.011054, 0.806581, -0.59102, 0.37472, 0.005488, 0.591096, 0.806582, 0.0, 0.0, 0.0, 0.0, 1.0],
                [0.999944, 0.002149, -0.010354, 0.0, -0.007243, 0.852585, -0.522538, 0.37472, 0.007705, 0.522584, 0.852553, 0.0, 0.0, 0.0, 0.0, 1.0],
                [0.999939, -0.003296, -0.010525, 0.0, -0.001939, 0.886911, -0.461937, 0.37472, 0.010857, 0.46193, 0.88685, 0.0, 0.0, 0.0, 0.0, 1.0],
                [0.999918, -0.008381, -0.009714, 0.0, 0.001799, 0.841278, -0.540599, 0.37472, 0.012703, 0.540537, 0.841224, 0.0, 0.0, 0.0, 0.0, 1.0]
            ]
        },
        {
            "name": "Thigh_L",
            "time": [0.0, 0.0667, 0.1333, 0.3333, 0.4, 0.5],
            "transform": [
                [0.999665, -0.020571, 0.015685, -0.125006, -0.025545, -0.88056, 0.473241, -0.07283, 0.004076, -0.473482, -0.880793, -1.2e-05, 0.0, 0.0, 0.0, 1.0],
                [0.999334, -0.028367, 0.022949, -0.125006, -0.031397, -0.34808, 0.936936, -0.028066, -0.01859, -0.937033, -0.348739, -1.2e-05, 0.0, 0.0, 0.0, 1.0],
                [0.999237, -0.033154, 0.020623, -0.125006, -0.030234, -0.322783, 0.94599, 0.020378, -0.024707, -0.94589, -0.32354, -1.2e-05, 0.0, 0.0, 0.0, 1.0],
                [0.999286, -0.011206, -0.036072, -0.125006, 0.023354, -0.567266, 0.823204, 0.016306, -0.029687, -0.823458, -0.5666, -1.2e-05, 0.0, 0.0, 0.0, 1.0],
                [0.999659, -0.011023, -0.023666, -0.125006, 0.011891, -0.614763, 0.788621, 0.033221, -0.023242, -0.788634, -0.614423, -1.2e-05, 0.0, 0.0, 0.0, 1.0],
                [0.999837, -0.015186, -0.009748, -0.125006, -0.006312, -0.800349, 0.599484, -0.009322, -0.016906, -0.599324, -0.800315, -1.2e-05, 0.0, 0.0, 0.0, 1.0]
            ]
        },
        {
            "name": "Leg_L",
            "time": [0.0, 0.0667, 0.1333, 0.3333, 0.4, 0.5],
            "transform": [
                [0.999009, 0.036121, -0.026008, -0.0, -0.008323, 0.725604, 0.688062, 0.37472, 0.043725, -0.687165, 0.725184, -0.0, 0.0, 0.0, 0.0, 1.0],
                [0.999871, 0.012181, 0.010422, -0.0, -0.00358, -0.464061, 0.885797, 0.37472, 0.015626, -0.885716, -0.46396, -0.0, 0.0, 0.0, 0.0, 1.0],
                [0.999961, 0.002806, -0.008389, -0.0, 0.008725, -0.468624, 0.883354, 0.37472, -0.001453, -0.883394, -0.468629, 0.0, 0.0, 0.0, 0.0, 1.0],
                [0.999156, -0.038697, 0.013787, -0.0, -0.017577, -0.099359, 0.994894, 0.37472, -0.03713, -0.994301, -0.099955, 0.0, 0.0, 0.0, 0.0, 1.0],
                [0.998964, -0.036307, 0.027453, 0.0, -0.029336, -0.052405, 0.998194, 0.37472, -0.034802, -0.997967, -0.053415, 0.0, 0.0, 0.0, 0.0, 1.0],
                [0.999834, 0.007019, 0.016817, -0.0, -0.018206, 0.424086, 0.905439, 0.37472, -0.000777, -0.905595, 0.424143, -0.0, 0.0, 0.0, 0.0, 1.0]
            ]
        },
        {
            "name": "Knee_L",
            "time": [0.0, 0.0667, 0.1333, 0.3333, 0.4, 0.5],
            "transform": [
                [0.999743, 0.015568, -0.016477, -0.0, -0.02107, 0.370094, -0.928755, 0.37472, -0.008361, 0.928863, 0.370327, -0.0, 0.0, 0.0, 0.0, 1.0],
                [0.999958, 0.009031, 0.001777, -0.0, -0.006807, 0.855542, -0.517687, 0.37472, -0.006195, 0.517654, 0.855568, -0.0, 0.0, 0.0, 0.0, 1.0],
                [0.999987, -0.000967, -0.004989, -0.0, -0.001743, 0.856924, -0.515444, 0.37472, 0.004773, 0.515444, 0.856908, 0.0, 0.0, 0.0, 0.0, 1.0],
                [0.999747, -0.01629, 0.015482, -0.0, 0.022467, 0.741274, -0.670827, 0.37472, -0.000549, 0.671006, 0.741452, 0.0, 0.0, 0.0, 0.0, 1.0],
                [0.999693, -0.012254, 0.021533, 0.0, 0.02371, 0.725361, -0.687961, 0.37472, -0.007189, 0.68826, 0.725428, 0.0, 0.0, 0.0, 0.0, 1.0],
                [0.999955, 0.005958, 0.007386, -0.0, 0.003036, 0.536587, -0.84384, 0.37472, -0.00899, 0.843825, 0.536544, -0.0, 0.0, 0.0, 0.0, 1.0]
            ]
        },
        {
            "name": "Torso",
            "time": [0.0, 0.0667, 0.1333, 0.3333, 0.4, 0.5],
            "transform": [
                [1.0, 0.0, -0.0, 0.0, -0.0, 0.99397, 0.109649, 0.05, 0.0, -0.109649, 0.99397, -0.0, 0.0, 0.0, 0.0, 1.0],
                [1.0, 0.0, -0.0, 0.0, -0.0, 0.9924, 0.123058, 0.05, 0.0, -0.123058, 0.9924, -0.0, 0.0, 0.0, 0.0, 1.0],
                [1.0, 0.0, -0.0, 0.0, -0.0, 0.993676, 0.112288, 0.05, 0.0, -0.112288, 0.993676, -0.0, 0.0, 0.0, 0.0, 1.0],
                [1.0, 0.0, -0.0, -0.0, -0.0, 0.999995, -0.003108, 0.05, 0.0, 0.003108, 0.999995, 0.0, 0.0, 0.0, 0.0, 1.0],
                [1.0, 0.0, -0.0, 0.0, -0.0, 0.999444, 0.03335, 0.05, 0.0, -0.03335, 0.999444, 0.0, 0.0, 0.0, 0.0, 1.0],
                [1.0, 0.0, -0.0, 0.0, -0.0, 0.99127, 0.131845, 0.05, 0.0, -0.131845, 0.99127, 0.0, 0.0, 0.0, 0.0, 1.0]
            ]
        },
        {
            "name": "Chest",
            "time": [0.0, 0.0667, 0.1333, 0.3333, 0.4, 0.5],
            "transform": [
                [1.0, -1e-06, 1e-06, -0.0, 1e-06, 0.979034, 0.203699, 0.3, -1e-06, -0.203699, 0.979034, -0.0, 0.0, 0.0, 0.0, 1.0],
                [0.996176, 0.030872, -0.081738, 0.0, -0.000967, 0.939333, 0.343006, 0.3, 0.087368, -0.341615, 0.93577, -0.0, 0.0, 0.0, 0.0, 1.0],
                [1.0, -1e-06, 0.0, -0.0, 1e-06, 0.86509, 0.501617, 0.3, -1e-06, -0.501617, 0.86509, 0.0, 0.0, 0.0, 0.0, 1.0],
                [1.0, -1e-06, 0.0, -0.0, 1e-06, 0.882253, 0.470777, 0.3, -1e-06, -0.470777, 0.882253, 0.0, 0.0, 0.0, 0.0, 1.0],
                [1.0, -1e-06, 0.0, 0.0, 1e-06, 0.934518, 0.355917, 0.3, -1e-06, -0.355917, 0.934518, -0.0, 0.0, 0.0, 0.0, 1.0],
                [1.0, -1e-06, 0.0, -0.0, 1e-06, 0.943614, 0.331049, 0.3, -1e-06, -0.331049, 0.943614, 0.0, 0.0, 0.0, 0.0, 1.0]
            ]
        },
        {
            "name": "Head",
            "time": [0.0, 0.0667, 0.1333, 0.3333, 0.5],
            "transform": [
                [1.0, 1e-06, -1e-06, -0.0, -1e-06, 0.976773, -0.214277, 0.400001, 0.0, 0.214277, 0.976773, -0.0, 0.0, 0.0, 0.0, 1.0],
                [0.995388, -0.004223, 0.095842, 0.0, 0.035581, 0.94403, -0.327935, 0.4, -0.089093, 0.329833, 0.939826, 0.0, 0.0, 0.0, 0.0, 1.0],
                [1.0, 1e-06, -1e-06, 0.0, -1e-06, 0.896608, -0.442824, 0.4, -0.0, 0.442824, 0.896608, -0.0, 0.0, 0.0, 0.0, 1.0],
                [1.0, 1e-06, -0.0, 0.0, -1e-06, 0.947221, -0.320582, 0.4, -0.0, 0.320582, 0.947221, 0.0, 0.0, 0.0, 0.0, 1.0],
                [1.0, 1e-06, -0.0, 0.0, -1e-06, 0.98001, -0.198948, 0.4, 0.0, 0.198948, 0.98001, -0.0, 0.0, 0.0, 0.0, 1.0]
            ]
        },
        {
            "name": "Shoulder_R",
            "time": [0.0, 0.0667, 0.1333, 0.3333, 0.4, 0.5],
            "transform": [
                [0.094061, 0.90185, 0.421685, -0.0, -0.025191, -0.421271, 0.906585, 0.4, 0.995247, -0.095897, -0.016906, -0.0, 0.0, 0.0, 0.0, 1.0],
                [0.00287, 0.906367, 0.422481, -0.0, -0.000772, -0.422481, 0.906371, 0.4, 0.999995, -0.002927, -0.000513, 0.0, 0.0, 0.0, 0.0, 1.0],
                [-0.057247, 0.910993, 0.40843, -0.0, 0.015327, -0.40825, 0.912741, 0.4, 0.998242, 0.058512, 0.009408, -0.0, 0.0, 0.0, 0.0, 1.0],
                [-0.105625, 0.939075, 0.327079, -0.0, 0.028282, -0.325949, 0.944964, 0.4, 0.994004, 0.109063, 0.007869, 0.0, 0.0, 0.0, 0.0, 1.0],
                [-0.136325, 0.956773, 0.256905, -0.0, 0.036503, -0.254299, 0.966437, 0.4, 0.989991, 0.141127, -0.000258, 0.0, 0.0, 0.0, 0.0, 1.0],
                [-0.137272, 0.958001, 0.251776, -0.0, 0.036757, -0.24908, 0.967785, 0.4, 0.989851, 0.142105, -0.001021, -0.0, 0.0, 0.0, 0.0, 1.0]
            ]
        },
        {
            "name": "Arm_R",
            "time": [0.0, 0.0667, 0.1333, 0.3333, 0.4, 0.5],
            "transform": [
                [0.180139, 0.006343, -0.983621, 0.0, 0.76888, 0.622775, 0.144828, 0.388213, 0.613493, -0.782376, 0.107309, 1e-06, 0.0, 0.0, 0.0, 1.0],
                [0.174319, 0.168632, -0.970143, -0.0, 0.731988, 0.636809, 0.242217, 0.388213, 0.658641, -0.752355, -0.012428, 1e-06, 0.0, 0.0, 0.0, 1.0],
                [0.296354, 0.138606, -0.944967, -0.0, 0.743367, 0.587733, 0.319337, 0.388213, 0.599651, -0.797094, 0.071142, 0.0, 0.0, 0.0, 0.0, 1.0],
                [0.182647, -0.010541, -0.983122, -0.0, 0.735807, 0.66468, 0.129574, 0.388213, 0.652096, -0.747054, 0.129158, 0.0, 0.0, 0.0, 0.0, 1.0],
                [0.202694, -0.162987, -0.965583, 0.0, 0.712716, 0.700753, 0.031328, 0.388213, 0.671529, -0.694536, 0.258202, 0.0, 0.0, 0.0, 0.0, 1.0],
                [0.1655, -0.227755, -0.959551, -0.0, 0.662644, 0.746294, -0.062847, 0.388213, 0.73042, -0.625439, 0.274432, 0.0, 0.0, 0.0, 0.0, 1.0]
            ]
        },
        {
            "name": "Hand_R",
            "time": [0.0, 0.0667, 0.1333, 0.3333, 0.4, 0.5],
            "transform": [
                [0.996166, -0.062061, 0.061662, -0.0, 0.084101, 0.873482, -0.479537, 0.329779, -0.0241, 0.482884, 0.875353, -0.0, 0.0, 0.0, 0.0, 1.0],
                [0.996195, -0.086824, -0.007596, -0.0, 0.04264, 0.561543, -0.826348, 0.329779, 0.076012, 0.82288, 0.563108, 0.0, 0.0, 0.0, 0.0, 1.0],
                [0.994158, -0.107883, -0.003405, -0.0, 0.041451, 0.410732, -0.910813, 0.329779, 0.09966, 0.905351, 0.412805, 0.0, 0.0, 0.0, 0.0, 1.0],
                [0.990429, -0.13782, 0.007494, -0.0, 0.057459, 0.362338, -0.930274, 0.329779, 0.125495, 0.921801, 0.366789, 0.0, 0.0, 0.0, 0.0, 1.0],
                [0.98546, -0.169573, 0.010702, 0.0, 0.082424, 0.422025, -0.90283, 0.329779, 0.148579, 0.890584, 0.429865, 0.0, 0.0, 0.0, 0.0, 1.0],
                [0.984799, -0.17146, 0.027784, 0.0, 0.085733, 0.340701, -0.936255, 0.329779, 0.151064, 0.924405, 0.350222, -0.0, 0.0, 0.0, 0.0, 1.0]
            ]
        },
        {
            "name": "Tool_R",
            "time": [0.0, 0.0667, 0.1333, 0.3333, 0.4, 0.5],
            "transform": [
                [1.0, 0.0, 0.0, -0.02, 0.0, -0.939693, -0.34202, 0.244441, 0.0, 0.34202, -0.939693, 0.017101, 0.0, 0.0, 0.0, 1.0],
                [1.0, 0.0, 0.0, -0.02, 0.0, -0.984808, -0.173648, 0.252033, 0.0, 0.173648, -0.984808, 0.006946, 0.0, 0.0, 0.0, 1.0],
                [1.0, 0.0, 0.0, -0.02, 0.0, -0.984808, -0.173648, 0.252033, 0.0, 0.173648, -0.984808, 0.006946, 0.0, 0.0, 0.0, 1.0],
                [1.0, 0.0, 0.0, -0.02, 0.0, -0.939693, -0.34202, 0.253838, 0.0, 0.34202, -0.939693, 0.013681, 0.0, 0.0, 0.0, 1.0],
                [1.0, 0.0, 0.0, -0.02, 0.0, -0.906308, -0.422618, 0.255173, -0.0, 0.422618, -0.906308, 0.016905, 0.0, 0.0, 0.0, 1.0],
                [1.0, 0.0, 0.0, -0.02, 0.0, -0.906308, -0.422618, 0.255173, 0.0, 0.422618, -0.906308, 0.016905, 0.0, 0.0, 0.0, 1.0]
            ]
        },
        {
            "name": "Elbow_R",
            "time": [0.0, 0.0667, 0.1333, 0.3333, 0.4, 0.5],
            "transform": [
                [-0.999025, -0.043916, -0.004395, -0.0, -0.006713, 0.249619, -0.968321, 0.329779, 0.043622, -0.967348, -0.249671, -0.0, 0.0, 0.0, 0.0, 1.0],
                [-0.99899, 0.009606, -0.043894, -0.0, 0.043318, 0.465374, -0.884054, 0.329779, 0.011934, -0.885062, -0.46532, 0.0, 0.0, 0.0, 0.0, 1.0],
                [-0.998413, 0.025069, -0.050433, -0.0, 0.055987, 0.538954, -0.840473, 0.329779, 0.006111, -0.841963, -0.539502, 0.0, 0.0, 0.0, 0.0, 1.0],
                [-0.99738, 0.032219, -0.06477, -0.0, 0.071712, 0.5581, -0.826669, 0.329779, 0.009514, -0.829149, -0.558948, 0.0, 0.0, 0.0, 0.0, 1.0],
                [-0.996061, 0.028663, -0.083916, 0.0, 0.086396, 0.526882, -0.845536, 0.329779, 0.019979, -0.849455, -0.527283, 0.0, 0.0, 0.0, 0.0, 1.0],
                [-0.995828, 0.034249, -0.084583, 0.0, 0.089151, 0.56298, -0.821648, 0.329779, 0.019478, -0.825761, -0.563684, -0.0, 0.0, 0.0, 0.0, 1.0]
            ]
        },
        {
            "name": "Shoulder_L",
            "time": [0.0, 0.0667, 0.1333, 0.3333, 0.4, 0.5],
            "transform": [
                [0.085636, -0.902626, -0.421821, 0.0, 0.022932, -0.421479, 0.906548, 0.4, -0.996062, -0.087306, -0.015395, -0.0, 0.0, 0.0, 0.0, 1.0],
                [0.002871, -0.906367, -0.422481, 0.0, 0.000769, -0.422481, 0.906372, 0.4, -0.999995, -0.002927, -0.000516, 0.0, 0.0, 0.0, 0.0, 1.0],
                [-0.057246, -0.910993, -0.408429, 0.0, -0.01533, -0.40825, 0.912741, 0.4, -0.998242, 0.058512, 0.009405, -0.0, 0.0, 0.0, 0.0, 1.0],
                [-0.105572, -0.938961, -0.327425, 0.0, -0.028271, -0.326298, 0.944844, 0.4, -0.99401, 0.109006, 0.007902, -0.0, 0.0, 0.0, 0.0, 1.0],
                [-0.136322, -0.95676, -0.256957, 0.0, -0.036506, -0.254351, 0.966423, 0.4, -0.989992, 0.141125, -0.000254, 0.0, 0.0, 0.0, 0.0, 1.0],
                [-0.137271, -0.958001, -0.251775, 0.0, -0.03676, -0.249079, 0.967785, 0.4, -0.989851, 0.142104, -0.001025, -0.0, 0.0, 0.0, 0.0, 1.0]
            ]
        },
        {
            "name": "Arm_L",
            "time": [0.0, 0.0667, 0.1333, 0.3333, 0.4, 0.5],
            "transform": [
                [0.177302, 0.074993, 0.981295, -0.0, -0.773841, 0.626673, 0.091927, 0.388212, -0.608057, -0.775666, 0.169143, 1e-06, 0.0, 0.0, 0.0, 1.0],
                [0.213726, 0.086321, 0.973072, -0.0, -0.781917, 0.612223, 0.11743, 0.388212, -0.5856, -0.78596, 0.198344, 1e-06, 0.0, 0.0, 0.0, 1.0],
                [0.133552, 0.45142, 0.882261, -0.0, -0.780051, 0.597, -0.187383, 0.388212, -0.611298, -0.663183, 0.431861, 1e-06, 0.0, 0.0, 0.0, 1.0],
                [0.029478, 0.368681, 0.929089, 0.0, -0.702653, 0.668728, -0.243071, 0.388212, -0.710923, -0.645661, 0.278767, 1e-06, 0.0, 0.0, 0.0, 1.0],
                [0.027423, 0.29491, 0.955132, -0.0, -0.715049, 0.673484, -0.187417, 0.388212, -0.698537, -0.677826, 0.229344, 1e-06, 0.0, 0.0, 0.0, 1.0],
                [-0.02026, 0.297954, 0.954365, -0.004808, -0.640223, 0.729313, -0.241283, 0.386634, -0.767923, -0.615895, 0.175981, 0.008626, 0.0, 0.0, 0.0, 1.0]
            ]
        },
        {
            "name": "Hand_L",
            "time": [0.0, 0.0667, 0.1333, 0.3333, 0.4, 0.5],
            "transform": [
                [0.996166, 0.062062, -0.061662, 0.0, -0.084102, 0.873483, -0.479536, 0.329779, 0.024099, 0.482883, 0.875353, -0.0, 0.0, 0.0, 0.0, 1.0],
                [0.996195, 0.085832, -0.015135, -0.0, -0.042641, 0.328535, -0.943529, 0.329779, -0.076013, 0.940584, 0.330945, 0.0, 0.0, 0.0, 0.0, 1.0],
                [0.993979, 0.106568, 0.025485, -0.0, -0.039252, 0.563448, -0.825219, 0.329779, -0.102301, 0.81925, 0.564238, 0.0, 0.0, 0.0, 0.0, 1.0],
                [0.990193, 0.138848, 0.015468, 0.0, -0.05565, 0.493555, -0.867932, 0.329779, -0.128145, 0.85856, 0.496442, 0.0, 0.0, 0.0, 0.0, 1.0],
                [0.985281, 0.170921, 0.0026, 0.0, -0.083836, 0.496418, -0.864026, 0.329779, -0.148971, 0.851091, 0.50344, 0.0, 0.0, 0.0, 0.0, 1.0],
                [0.984799, 0.173681, 0.002411, -0.0, -0.085734, 0.498105, -0.862868, 0.329779, -0.151065, 0.849545, 0.505423, 0.0, 0.0, 0.0, 0.0, 1.0]
            ]
        },
        {
            "name": "Tool_L",
            "time": [0.0, 0.0667, 0.1333, 0.3333, 0.4, 0.5],
            "transform": [
                [1.0, -0.0, 0.0, 0.02, 0.0, -0.965926, -0.258819, 0.252789, 0.0, 0.258819, -0.965926, 0.010353, 0.0, 0.0, 0.0, 1.0],
                [1.0, -0.0, 0.0, 0.02, 0.0, -0.819152, -0.573576, 0.25866, 0.0, 0.573576, -0.819152, 0.022943, 0.0, 0.0, 0.0, 1.0],
                [1.0, -0.0, 0.0, 0.02, 0.0, -0.939692, -0.34202, 0.253838, 0.0, 0.34202, -0.939693, 0.013681, 0.0, 0.0, 0.0, 1.0],
                [1.0, -0.0, 1e-06, 0.02, 0.0, -0.939692, -0.34202, 0.253838, 1e-06, 0.34202, -0.939693, 0.013681, 0.0, 0.0, 0.0, 1.0],
                [1.0, -0.0, 1e-06, 0.02, 0.0, -0.939692, -0.34202, 0.253838, 1e-06, 0.34202, -0.939693, 0.013681, 0.0, 0.0, 0.0, 1.0],
                [1.0, -0.0, 1e-06, 0.02, 0.0, -0.939693, -0.34202, 0.253838, 1e-06, 0.34202, -0.939693, 0.013681, 0.0, 0.0, 0.0, 1.0]
            ]
        },
        {
            "name": "Elbow_L",
            "time": [0.0, 0.0667, 0.1333, 0.3333, 0.4, 0.5],
            "transform": [
                [-0.999025, 0.043915, 0.004392, 0.0, 0.006715, 0.249618, -0.968321, 0.329779, -0.043621, -0.967348, -0.24967, -0.0, 0.0, 0.0, 0.0, 1.0],
                [-0.998952, -0.018316, 0.041941, -0.0, -0.044823, 0.576646, -0.815763, 0.329779, -0.009243, -0.816789, -0.576863, 0.0, 0.0, 0.0, 0.0, 1.0],
                [-0.998402, -0.019784, 0.052927, -0.0, -0.056065, 0.4634, -0.884373, 0.329779, -0.00703, -0.885928, -0.463769, 0.0, 0.0, 0.0, 0.0, 1.0],
                [-0.997371, -0.026351, 0.067507, 0.0, -0.071668, 0.496636, -0.864995, 0.329779, -0.010733, -0.86756, -0.497218, 0.0, 0.0, 0.0, 0.0, 1.0],
                [-0.996058, -0.022771, 0.085729, 0.0, -0.085843, 0.490827, -0.867018, 0.329779, -0.022335, -0.87096, -0.490847, 0.0, 0.0, 0.0, 0.0, 1.0],
                [-0.99593, -0.02264, 0.087236, -0.0, -0.087124, 0.489589, -0.86759, 0.329779, -0.023068, -0.871659, -0.489569, 0.0, 0.0, 0.0, 0.0, 1.0]
            ]
        }
    ]
}