{

    "animation": [
        {
            "name": "Root",
            "time": [0.0, 0.1, 0.2, 0.25, 0.3, 0.4, 0.5, 0.55, 0.6],
            "transform": [
                [0.997316, 0.016914, 0.071237, -5e-06, 0.061215, 0.34115, -0.938013, 0.000946, -0.040168, 0.939857, 0.339199, 0.753972, 0.0, 0.0, 0.0, 1.0],
                [0.999221, 0.011267, 0.03783, -5e-06, 0.033645, 0.258058, -0.965544, 0.000946, -0.020641, 0.966064, 0.257477, 0.693972, 0.0, 0.0, 0.0, 1.0],
                [0.999894, -0.0, -0.014544, -5e-06, -0.014048, 0.258819, -0.965824, 0.000946, 0.003764, 0.965926, 0.258792, 0.533972, 0.0, 0.0, 0.0, 1.0],
                [0.999046, -0.00907, -0.042726, -5e-06, -0.038037, 0.300159, -0.953131, 0.000946, 0.021469, 0.953846, 0.299527, 0.613972, 0.0, 0.0, 0.0, 1.0],
                [0.997316, -0.016914, -0.071237, -5e-06, -0.061215, 0.34115, -0.938013, 0.000946, 0.040168, 0.939857, 0.339199, 0.753972, 0.0, 0.0, 0.0, 1.0],
                [0.999221, -0.011267, -0.03783, -5e-06, -0.033645, 0.258058, -0.965544, 0.000946, 0.020641, 0.966064, 0.257477, 0.693972, 0.0, 0.0, 0.0, 1.0],
                [0.999894, -0.0, 0.014544, -5e-06, 0.014048, 0.258819, -0.965824, 0.000946, -0.003764, 0.965926, 0.258792, 0.533972, 0.0, 0.0, 0.0, 1.0],
                [0.999046, 0.00907, 0.042726, -5e-06, 0.038037, 0.300159, -0.953131, 0.000946, -0.021469, 0.953846, 0.299527, 0.613972, 0.0, 0.0, 0.0, 1.0],
                [0.997316, 0.016914, 0.071237, -5e-06, 0.061215, 0.34115, -0.938013, 0.000946, -0.040168, 0.939857, 0.339199, 0.753972, 0.0, 0.0, 0.0, 1.0]
            ]
        },
        {
            "name": "Thigh_R",
            "time": [0.0, 0.1, 0.2, 0.3, 0.4, 0.5, 0.55, 0.6],
            "transform": [
                [0.999261, 0.014848, 0.035469, 0.125185, 0.024533, -0.956479, -0.29077, -0.025039, 0.029608, 0.291425, -0.956136, 0.032584, 0.0, 0.0, 0.0, 1.0],
                [0.998324, 0.028418, 0.050409, 0.124994, 0.04827, -0.889411, -0.454553, -0.002831, 0.031917, 0.456224, -0.889293, -1.2e-05, 0.0, 0.0, 0.0, 1.0],
                [0.999692, 0.018425, -0.016676, 0.124994, 0.01577, -0.988895, -0.14736, -0.00283, -0.019208, 0.147052, -0.988882, -1.2e-05, 0.0, 0.0, 0.0, 1.0],
                [0.99985, -0.015834, 0.007178, 0.124994, -0.006059, 0.069667, 0.997552, -0.00283, -0.016296, -0.997445, 0.06956, -0.030012, 0.0, 0.0, 0.0, 1.0],
                [0.999844, -0.008083, 0.015751, 0.124994, -0.017685, -0.414819, 0.909732, -0.00283, -0.00082, -0.909868, -0.414897, -1.2e-05, 0.0, 0.0, 0.0, 1.0],
                [0.999181, 0.026409, 0.03072, 0.124994, -0.025011, -0.194376, 0.980603, -0.002831, 0.031868, -0.980566, -0.193556, -1.2e-05, 0.0, 0.0, 0.0, 1.0],
                [0.999664, 0.019379, 0.017232, 0.124964, 0.001767, -0.713858, 0.700285, -0.006021, 0.025872, -0.70002, -0.713651, 0.024946, 0.0, 0.0, 0.0, 1.0],
                [0.999261, 0.014848, 0.035469, 0.125185, 0.024533, -0.956479, -0.29077, -0.025039, 0.029608, 0.291425, -0.956136, 0.032584, 0.0, 0.0, 0.0, 1.0]
            ]
        },
        {
            "name": "Leg_R",
            "time": [0.0, 0.1, 0.2, 0.3, 0.4, 0.5, 0.55, 0.6],
            "transform": [
                [0.999905, -0.005766, -0.012493, 0.0, 0.0102, 0.919996, 0.391792, 0.37472, 0.009235, -0.391882, 0.919969, 0.0, 0.0, 0.0, 0.0, 1.0],
                [0.999828, -0.009298, -0.016029, -0.0, 0.018492, 0.444886, 0.895396, 0.37472, -0.001194, -0.895539, 0.444981, 0.0, 0.0, 0.0, 0.0, 1.0],
                [0.999954, 0.001749, -0.009461, 0.0, 0.008723, 0.250164, 0.968165, 0.37472, 0.00406, -0.968203, 0.250137, -0.0, 0.0, 0.0, 0.0, 1.0],
                [0.999709, 0.0115, -0.021239, 0.0, 0.022272, -0.09878, 0.99486, 0.37472, 0.009343, -0.995043, -0.099007, 0.0, 0.0, 0.0, 0.0, 1.0],
                [0.999795, -0.01699, -0.010977, 0.0, 0.019045, 0.973507, 0.227864, 0.37472, 0.006815, -0.228026, 0.973631, 0.0, 0.0, 0.0, 0.0, 1.0],
                [0.99916, -0.034047, -0.022814, 0.0, 0.039084, 0.624026, 0.780424, 0.37472, -0.012334, -0.78066, 0.624832, -0.0, 0.0, 0.0, 0.0, 1.0],
                [0.999157, -0.030168, -0.027873, -0.0, 0.037997, 0.421262, 0.906141, 0.37472, -0.015595, -0.906436, 0.422053, -0.0, 0.0, 0.0, 0.0, 1.0],
                [0.999905, -0.005766, -0.012493, 0.0, 0.0102, 0.919996, 0.391792, 0.37472, 0.009235, -0.391882, 0.919969, 0.0, 0.0, 0.0, 0.0, 1.0]
            ]
        },
        {
            "name": "Knee_R",
            "time": [0.0, 0.1, 0.2, 0.3, 0.4, 0.5, 0.6],
            "transform": [
                [0.999976, -0.003513, -0.005961, 0.0, -0.005138, 0.199975, -0.979788, 0.37472, 0.004634, 0.979795, 0.199952, 0.0, 0.0, 0.0, 0.0, 1.0],
                [0.999954, -0.006928, -0.006696, -0.0, -0.002042, 0.526794, -0.849991, 0.37472, 0.009416, 0.849965, 0.526756, 0.0, 0.0, 0.0, 0.0, 1.0],
                [0.999987, -0.000739, -0.005034, 0.0, -0.003528, 0.612309, -0.790612, 0.37472, 0.003667, 0.790618, 0.612297, -0.0, 0.0, 0.0, 0.0, 1.0],
                [0.999913, 0.001045, -0.013175, 0.0, -0.009618, 0.741226, -0.671186, 0.37472, 0.009064, 0.671255, 0.741171, 0.0, 0.0, 0.0, 0.0, 1.0],
                [0.999949, -0.008811, -0.005005, 0.0, -0.003961, 0.114758, -0.993386, 0.37472, 0.009327, 0.993354, 0.114717, 0.0, 0.0, 0.0, 0.0, 1.0],
                [0.999779, -0.019624, -0.007535, 0.0, 0.001709, 0.433132, -0.901329, 0.37472, 0.020951, 0.901117, 0.43307, -0.0, 0.0, 0.0, 0.0, 1.0],
                [0.999976, -0.003513, -0.005961, 0.0, -0.005138, 0.199975, -0.979788, 0.37472, 0.004634, 0.979795, 0.199952, 0.0, 0.0, 0.0, 0.0, 1.0]
            ]
        },
        {
            "name": "Thigh_L",
            "time": [0.0, 0.1, 0.2, 0.25, 0.3, 0.4, 0.5, 0.6],
            "transform": [
                [0.99985, 0.015832, -0.007173, -0.125006, 0.006053, 0.069666, 0.997552, -0.00283, 0.016293, -0.997445, 0.069559, -0.030012, 0.0, 0.0, 0.0, 1.0],
                [0.999844, 0.008079, -0.015748, -0.125006, 0.01768, -0.41482, 0.909732, -0.00283, 0.000817, -0.909868, -0.414898, -1.2e-05, 0.0, 0.0, 0.0, 1.0],
                [0.99918, -0.026412, -0.030715, -0.125006, 0.025006, -0.194376, 0.980603, -0.00283, -0.03187, -0.980566, -0.193556, -1.2e-05, 0.0, 0.0, 0.0, 1.0],
                [0.999664, -0.019384, -0.01723, -0.124976, -0.001772, -0.713858, 0.700285, -0.006021, -0.025874, -0.700019, -0.713652, 0.024946, 0.0, 0.0, 0.0, 1.0],
                [0.99926, -0.014852, -0.035473, -0.125197, -0.024538, -0.956478, -0.29077, -0.025039, -0.02961, 0.291425, -0.956136, 0.032584, 0.0, 0.0, 0.0, 1.0],
                [0.998324, -0.028422, -0.050413, -0.125006, -0.048275, -0.88941, -0.454553, -0.00283, -0.031919, 0.456225, -0.889292, -1.2e-05, 0.0, 0.0, 0.0, 1.0],
                [0.999692, -0.01843, 0.016673, -0.125006, -0.015775, -0.988895, -0.147361, -0.002831, 0.019206, 0.147052, -0.988882, -1.2e-05, 0.0, 0.0, 0.0, 1.0],
                [0.99985, 0.015832, -0.007173, -0.125006, 0.006053, 0.069666, 0.997552, -0.00283, 0.016293, -0.997445, 0.069559, -0.030012, 0.0, 0.0, 0.0, 1.0]
            ]
        },
        {
            "name": "Leg_L",
            "time": [0.0, 0.1, 0.2, 0.25, 0.3, 0.4, 0.5, 0.6],
            "transform": [
                [0.999709, -0.011504, 0.021244, 0.0, -0.022278, -0.098779, 0.99486, 0.37472, -0.009346, -0.995043, -0.099007, 0.0, 0.0, 0.0, 0.0, 1.0],
                [0.999795, 0.016994, 0.010982, 0.0, -0.01905, 0.973507, 0.227863, 0.37472, -0.006818, -0.228025, 0.973632, -0.0, 0.0, 0.0, 0.0, 1.0],
                [0.99916, 0.034047, 0.022821, 0.0, -0.039089, 0.624026, 0.780423, 0.37472, 0.012331, -0.78066, 0.624832, -0.0, 0.0, 0.0, 0.0, 1.0],
                [0.999157, 0.030167, 0.027879, -0.0, -0.038003, 0.421263, 0.906141, 0.37472, 0.015591, -0.906435, 0.422054, -0.0, 0.0, 0.0, 0.0, 1.0],
                [0.999905, 0.005769, 0.012499, -0.0, -0.010206, 0.919996, 0.391792, 0.37472, -0.009238, -0.391881, 0.919969, -0.0, 0.0, 0.0, 0.0, 1.0],
                [0.999829, 0.009297, 0.016035, -0.0, -0.018498, 0.444886, 0.895396, 0.37472, 0.001191, -0.895539, 0.444982, 0.0, 0.0, 0.0, 0.0, 1.0],
                [0.999954, -0.001753, 0.009462, -0.0, -0.008723, 0.250164, 0.968165, 0.37472, -0.004064, -0.968202, 0.250137, 0.0, 0.0, 0.0, 0.0, 1.0],
                [0.999709, -0.011504, 0.021244, 0.0, -0.022278, -0.098779, 0.99486, 0.37472, -0.009346, -0.995043, -0.099007, 0.0, 0.0, 0.0, 0.0, 1.0]
            ]
        },
        {
            "name": "Knee_L",
            "time": [0.0, 0.1, 0.2, 0.3, 0.4, 0.5, 0.6],
            "transform": [
                [0.999913, -0.001039, 0.013173, 0.0, 0.009612, 0.741225, -0.671187, 0.37472, -0.009067, 0.671255, 0.741171, 0.0, 0.0, 0.0, 0.0, 1.0],
                [0.999948, 0.008814, 0.005, 0.0, 0.003956, 0.114757, -0.993386, 0.37472, -0.009329, 0.993354, 0.114717, -0.0, 0.0, 0.0, 0.0, 1.0],
                [0.999779, 0.019628, 0.007531, 0.0, -0.001714, 0.433131, -0.901329, 0.37472, -0.020954, 0.901117, 0.433069, -0.0, 0.0, 0.0, 0.0, 1.0],
                [0.999976, 0.003516, 0.005956, -0.0, 0.005133, 0.199974, -0.979788, 0.37472, -0.004636, 0.979795, 0.199951, -0.0, 0.0, 0.0, 0.0, 1.0],
                [0.999954, 0.006933, 0.006692, -0.0, 0.002036, 0.526794, -0.849991, 0.37472, -0.009419, 0.849965, 0.526755, 0.0, 0.0, 0.0, 0.0, 1.0],
                [0.999987, 0.000743, 0.005029, -0.0, 0.003521, 0.612308, -0.790612, 0.37472, -0.003667, 0.790619, 0.612297, 0.0, 0.0, 0.0, 0.0, 1.0],
                [0.999913, -0.001039, 0.013173, 0.0, 0.009612, 0.741225, -0.671187, 0.37472, -0.009067, 0.671255, 0.741171, 0.0, 0.0, 0.0, 0.0, 1.0]
            ]
        },
        {
            "name": "Torso",
            "time": [0.0, 0.1, 0.2, 0.3, 0.4, 0.5, 0.6],
            "transform": [
                [0.999728, -0.013688, 0.018882, 0.0, 0.010038, 0.983364, 0.18137, 0.05, -0.021051, -0.181131, 0.983234, 0.0, 0.0, 0.0, 0.0, 1.0],
                [0.998646, -0.004254, 0.051846, -0.0, -0.008484, 0.96999, 0.242996, 0.05, -0.051324, -0.243107, 0.968641, 0.0, 0.0, 0.0, 0.0, 1.0],
                [0.999599, -0.000925, 0.028294, -0.0, -0.002043, 0.994504, 0.104682, 0.05, -0.028235, -0.104698, 0.994103, -0.0, 0.0, 0.0, 0.0, 1.0],
                [0.999728, 0.013688, -0.018883, 0.0, -0.010039, 0.983364, 0.18137, 0.05, 0.021051, -0.181131, 0.983234, -0.0, 0.0, 0.0, 0.0, 1.0],
                [0.998646, 0.004255, -0.051847, 0.0, 0.008483, 0.96999, 0.242996, 0.05, 0.051325, -0.243107, 0.968641, 0.0, 0.0, 0.0, 0.0, 1.0],
                [0.999599, 0.000925, -0.028294, 0.0, 0.002043, 0.994504, 0.104682, 0.05, 0.028236, -0.104698, 0.994103, -0.0, 0.0, 0.0, 0.0, 1.0],
                [0.999728, -0.013688, 0.018882, 0.0, 0.010038, 0.983364, 0.18137, 0.05, -0.021051, -0.181131, 0.983234, 0.0, 0.0, 0.0, 0.0, 1.0]
            ]
        },
        {
            "name": "Chest",
            "time": [0.0, 0.1, 0.2, 0.3, 0.4, 0.5, 0.6],
            "transform": [
                [0.991819, -0.014185, 0.126859, -0.0, 0.028817, 0.993033, -0.114261, 0.3, -0.124355, 0.116982, 0.985318, 0.0, 0.0, 0.0, 0.0, 1.0],
                [0.957985, -0.025391, 0.285692, 0.0, 0.043709, 0.997363, -0.057927, 0.3, -0.283468, 0.067981, 0.956569, -0.0, 0.0, 0.0, 0.0, 1.0],
                [0.97309, -0.002298, 0.230412, -0.0, -0.000586, 0.999922, 0.012448, 0.3, -0.230423, -0.012248, 0.973014, 0.0, 0.0, 0.0, 0.0, 1.0],
                [0.99182, 0.014183, -0.126857, -0.0, -0.028815, 0.993033, -0.114261, 0.3, 0.124353, 0.116982, 0.985318, 0.0, 0.0, 0.0, 0.0, 1.0],
                [0.957986, 0.025389, -0.28569, 0.0, -0.043708, 0.997363, -0.057927, 0.3, 0.283466, 0.06798, 0.95657, -0.0, 0.0, 0.0, 0.0, 1.0],
                [0.973091, 0.002296, -0.23041, 0.0, 0.000588, 0.999922, 0.012448, 0.3, 0.230421, -0.012248, 0.973014, 0.0, 0.0, 0.0, 0.0, 1.0],
                [0.991819, -0.014185, 0.126859, -0.0, 0.028817, 0.993033, -0.114261, 0.3, -0.124355, 0.116982, 0.985318, 0.0, 0.0, 0.0, 0.0, 1.0]
            ]
        },
        {
            "name": "Head",
            "time": [0.0, 0.1, 0.2, 0.3, 0.4, 0.5, 0.6],
            "transform": [
                [0.974438, -0.047663, -0.219541, -0.0, -0.012077, 0.964708, -0.263044, 0.4, 0.224331, 0.258971, 0.939473, 0.0, 0.0, 0.0, 0.0, 1.0],
                [0.928594, -0.089403, -0.360167, 0.0, -0.017313, 0.959052, -0.282701, 0.4, 0.370693, 0.268751, 0.889022, -0.0, 0.0, 0.0, 0.0, 1.0],
                [0.966874, -0.049694, -0.25037, -0.0, -0.006511, 0.975745, -0.218813, 0.4, 0.255171, 0.213194, 0.943099, 0.0, 0.0, 0.0, 0.0, 1.0],
                [0.974439, 0.047664, 0.21954, -0.0, 0.012075, 0.964708, -0.263044, 0.400001, -0.22433, 0.258971, 0.939473, -0.0, 0.0, 0.0, 0.0, 1.0],
                [0.928595, 0.089405, 0.360165, 0.0, 0.017312, 0.959051, -0.282701, 0.400001, -0.370692, 0.26875, 0.889022, -0.0, 0.0, 0.0, 0.0, 1.0],
                [0.966874, 0.049696, 0.250369, 0.0, 0.006509, 0.975745, -0.218813, 0.4, -0.25517, 0.213194, 0.943099, 0.0, 0.0, 0.0, 0.0, 1.0],
                [0.974438, -0.047663, -0.219541, -0.0, -0.012077, 0.964708, -0.263044, 0.4, 0.224331, 0.258971, 0.939473, 0.0, 0.0, 0.0, 0.0, 1.0]
            ]
        },
        {
            "name": "Shoulder_R",
            "time": [0.0, 0.1, 0.2, 0.3, 0.4, 0.5, 0.6],
            "transform": [
                [-1e-06, 0.939744, 0.341879, -0.0, -3e-06, -0.341879, 0.939744, 0.4, 1.0, -0.0, 3e-06, 0.0, 0.0, 0.0, 0.0, 1.0],
                [-1e-06, 0.953762, 0.300563, 0.0, -3e-06, -0.300562, 0.953762, 0.4, 1.0, -0.0, 3e-06, -0.0, 0.0, 0.0, 0.0, 1.0],
                [-1e-06, 0.965965, 0.258674, -0.0, -3e-06, -0.258674, 0.965965, 0.4, 1.0, 0.0, 3e-06, 0.0, 0.0, 0.0, 0.0, 1.0],
                [0.01289, 0.941312, 0.337292, -0.0, -0.003455, -0.337276, 0.941399, 0.400001, 0.999911, -0.0133, -0.001096, -0.0, 0.0, 0.0, 0.0, 1.0],
                [-1e-06, 0.965965, 0.258674, 0.0, -3e-06, -0.258674, 0.965965, 0.400001, 1.0, 0.0, 3e-06, -0.0, 0.0, 0.0, 0.0, 1.0],
                [-1e-06, 0.965965, 0.258674, 0.0, -3e-06, -0.258674, 0.965965, 0.4, 1.0, 0.0, 3e-06, 0.0, 0.0, 0.0, 0.0, 1.0],
                [-1e-06, 0.939744, 0.341879, -0.0, -3e-06, -0.341879, 0.939744, 0.4, 1.0, -0.0, 3e-06, 0.0, 0.0, 0.0, 0.0, 1.0]
            ]
        },
        {
            "name": "Arm_R",
            "time": [0.0, 0.1, 0.2, 0.3, 0.4, 0.5, 0.55, 0.6],
            "transform": [
                [0.173323, -0.212331, -0.961704, 0.0, 0.720121, 0.693457, -0.023322, 0.388213, 0.671852, -0.688501, 0.273096, 0.0, 0.0, 0.0, 0.0, 1.0],
                [0.166039, -0.682223, -0.712041, -0.012407, 0.570072, 0.655588, -0.4952, 0.400461, 0.804641, -0.323692, 0.49777, -0.024411, 0.0, 0.0, 0.0, 1.0],
                [-0.020572, -0.421005, -0.906825, -0.01912, 0.77556, 0.565674, -0.280215, 0.383141, 0.630939, -0.709061, 0.314877, 0.024439, 0.0, 0.0, 0.0, 1.0],
                [-0.205806, 0.752823, -0.625221, -0.0, 0.789275, 0.505398, 0.348737, 0.388213, 0.578523, -0.421699, -0.698198, 1e-06, 0.0, 0.0, 0.0, 1.0],
                [-0.180546, 0.826785, -0.532757, 0.024687, 0.778963, 0.450905, 0.435777, 0.40781, 0.600516, -0.33632, -0.725444, -0.031725, 0.0, 0.0, 0.0, 1.0],
                [-0.106956, 0.703358, -0.702743, 0.011072, 0.819102, 0.462975, 0.338714, 0.381722, 0.56359, -0.539391, -0.625639, 0.027116, 0.0, 0.0, 0.0, 1.0],
                [-0.011694, 0.247837, -0.968731, 0.005536, 0.805111, 0.576878, 0.137867, 0.384968, 0.593008, -0.778324, -0.206282, 0.013558, 0.0, 0.0, 0.0, 1.0],
                [0.173323, -0.212331, -0.961704, 0.0, 0.720121, 0.693457, -0.023322, 0.388213, 0.671852, -0.688501, 0.273096, 0.0, 0.0, 0.0, 0.0, 1.0]
            ]
        },
        {
            "name": "Hand_R",
            "time": [0.0, 0.1, 0.2, 0.3, 0.4, 0.5, 0.6],
            "transform": [
                [0.988157, -0.124423, 0.089806, 0.0, 0.119491, 0.256753, -0.959062, 0.329779, 0.096271, 0.958435, 0.268579, -0.0, 0.0, 0.0, 0.0, 1.0],
                [0.963937, -0.024327, 0.265017, 0.0, 0.256604, 0.349014, -0.901301, 0.329779, -0.070569, 0.936802, 0.34267, 0.0, 0.0, 0.0, 0.0, 1.0],
                [0.99927, 0.031543, -0.021565, 0.0, -0.027106, 0.187421, -0.981905, 0.329779, -0.02693, 0.981773, 0.188139, 0.0, 0.0, 0.0, 0.0, 1.0],
                [0.999651, -0.026379, -0.001497, 0.0, 0.01164, 0.490559, -0.87133, 0.329779, 0.023719, 0.871009, 0.490694, 0.0, 0.0, 0.0, 0.0, 1.0],
                [0.995654, -0.060163, -0.071083, -0.0, 0.000436, 0.766305, -0.642477, 0.329779, 0.093125, 0.639654, 0.763001, 0.0, 0.0, 0.0, 0.0, 1.0],
                [0.996195, -0.067513, -0.055118, -0.0, 0.045412, 0.941867, -0.332903, 0.329779, 0.074389, 0.329133, 0.941349, 0.0, 0.0, 0.0, 0.0, 1.0],
                [0.988157, -0.124423, 0.089806, 0.0, 0.119491, 0.256753, -0.959062, 0.329779, 0.096271, 0.958435, 0.268579, -0.0, 0.0, 0.0, 0.0, 1.0]
            ]
        },
        {
            "name": "Tool_R",
            "time": [0.0, 0.1, 0.2, 0.3, 0.4, 0.5, 0.6],
            "transform": [
                [1.0, 0.0, 0.0, -0.02, 0.0, -1.0, -0.0, 0.291425, 0.0, 0.0, -1.0, -0.0, 0.0, 0.0, 0.0, 1.0],
                [1.0, 0.0, 0.0, -0.02, 0.0, -1.0, 0.0, 0.291425, 0.0, -0.0, -1.0, 0.0, 0.0, 0.0, 0.0, 1.0],
                [1.0, 0.0, 0.0, -0.02, 0.0, -1.0, 0.0, 0.291425, 0.0, 0.0, -1.0, 0.0, 0.0, 0.0, 0.0, 1.0],
                [1.0, 0.0, 0.0, -0.02, 0.0, -1.0, 0.0, 0.291425, 0.0, -0.0, -1.0, -0.0, 0.0, 0.0, 0.0, 1.0],
                [1.0, 0.0, 0.0, -0.02, 0.0, -1.0, 0.0, 0.291425, 0.0, -0.0, -1.0, 0.0, 0.0, 0.0, 0.0, 1.0],
                [1.0, 0.0, 0.0, -0.02, 0.0, -1.0, -0.0, 0.291425, 0.0, 0.0, -1.0, -0.0, 0.0, 0.0, 0.0, 1.0],
                [1.0, 0.0, 0.0, -0.02, 0.0, -1.0, -0.0, 0.291425, 0.0, 0.0, -1.0, -0.0, 0.0, 0.0, 0.0, 1.0]
            ]
        },
        {
            "name": "Elbow_R",
            "time": [0.0, 0.1, 0.2, 0.3, 0.4, 0.5, 0.6],
            "transform": [
                [-1.0, 0.0, -1e-06, 0.0, 1e-06, 0.604222, -0.796817, 0.329779, -0.0, -0.796817, -0.604221, -0.0, 0.0, 0.0, 0.0, 1.0],
                [-1.0, 0.0, -0.0, 0.0, 1e-06, 0.572919, -0.819612, 0.329779, 0.0, -0.819612, -0.572919, 0.0, 0.0, 0.0, 0.0, 1.0],
                [-1.0, 0.0, -1e-06, 0.0, 0.0, 0.6371, -0.770781, 0.329779, 0.0, -0.770781, -0.6371, 0.0, 0.0, 0.0, 0.0, 1.0],
                [-1.0, -0.0, 0.0, 0.0, -0.0, 0.504563, -0.863375, 0.329779, 0.0, -0.863375, -0.504563, 0.0, 0.0, 0.0, 0.0, 1.0],
                [-1.0, 0.0, 0.0, -0.0, -0.0, 0.34181, -0.939769, 0.329779, 0.0, -0.939769, -0.34181, 0.0, 0.0, 0.0, 0.0, 1.0],
                [-1.0, 0.0, -1e-06, -0.0, 1e-06, 0.167386, -0.985891, 0.329779, -0.0, -0.985892, -0.167386, 0.0, 0.0, 0.0, 0.0, 1.0],
                [-1.0, 0.0, -1e-06, 0.0, 1e-06, 0.604222, -0.796817, 0.329779, -0.0, -0.796817, -0.604221, -0.0, 0.0, 0.0, 0.0, 1.0]
            ]
        },
        {
            "name": "Shoulder_L",
            "time": [0.0, 0.1, 0.2, 0.3, 0.4, 0.5, 0.6],
            "transform": [
                [0.012891, -0.941312, -0.337292, -0.0, 0.003452, -0.337276, 0.941399, 0.4, -0.999911, -0.0133, -0.001099, 0.0, 0.0, 0.0, 0.0, 1.0],
                [0.0, -0.965965, -0.258674, 0.0, -0.0, -0.258673, 0.965965, 0.4, -1.0, -0.0, -0.0, -0.0, 0.0, 0.0, 0.0, 1.0],
                [0.0, -0.965965, -0.258673, -0.0, -0.0, -0.258673, 0.965965, 0.4, -1.0, -0.0, -0.0, 0.0, 0.0, 0.0, 0.0, 1.0],
                [0.0, -0.939744, -0.341879, -0.0, -0.0, -0.341879, 0.939744, 0.400001, -1.0, -0.0, -0.0, -0.0, 0.0, 0.0, 0.0, 1.0],
                [1e-06, -0.953762, -0.300562, 0.0, -0.0, -0.300562, 0.953762, 0.400001, -1.0, -0.0, -0.0, -0.0, 0.0, 0.0, 0.0, 1.0],
                [1e-06, -0.965965, -0.258674, 0.0, -0.0, -0.258673, 0.965965, 0.4, -1.0, -0.0, -0.0, 0.0, 0.0, 0.0, 0.0, 1.0],
                [0.012891, -0.941312, -0.337292, -0.0, 0.003452, -0.337276, 0.941399, 0.4, -0.999911, -0.0133, -0.001099, 0.0, 0.0, 0.0, 0.0, 1.0]
            ]
        },
        {
            "name": "Arm_L",
            "time": [0.0, 0.1, 0.2, 0.25, 0.3, 0.4, 0.5, 0.6],
            "transform": [
                [-0.205804, -0.752821, 0.625223, 0.0, -0.789274, 0.505399, 0.348738, 0.388212, -0.578525, -0.421701, -0.698195, 1e-06, 0.0, 0.0, 0.0, 1.0],
                [-0.180544, -0.826784, 0.53276, -0.024687, -0.778962, 0.450906, 0.435778, 0.407809, -0.600518, -0.336322, -0.725442, -0.031725, 0.0, 0.0, 0.0, 1.0],
                [-0.106955, -0.703355, 0.702746, -0.011072, -0.819101, 0.462976, 0.338714, 0.381721, -0.563591, -0.539393, -0.625636, 0.027117, 0.0, 0.0, 0.0, 1.0],
                [-0.011693, -0.247833, 0.968732, -0.005536, -0.805111, 0.57688, 0.137867, 0.384967, -0.59301, -0.778324, -0.206278, 0.013558, 0.0, 0.0, 0.0, 1.0],
                [0.173325, 0.212334, 0.961703, 0.0, -0.72012, 0.693458, -0.023323, 0.388212, -0.671853, -0.688499, 0.273099, 0.0, 0.0, 0.0, 0.0, 1.0],
                [0.166042, 0.682225, 0.712039, 0.012407, -0.570071, 0.655588, -0.495201, 0.40046, -0.804642, -0.323689, 0.497772, -0.024411, 0.0, 0.0, 0.0, 1.0],
                [-0.02057, 0.421008, 0.906824, 0.01912, -0.775559, 0.565675, -0.280216, 0.38314, -0.630941, -0.709059, 0.31488, 0.024439, 0.0, 0.0, 0.0, 1.0],
                [-0.205804, -0.752821, 0.625223, 0.0, -0.789274, 0.505399, 0.348738, 0.388212, -0.578525, -0.421701, -0.698195, 1e-06, 0.0, 0.0, 0.0, 1.0]
            ]
        },
        {
            "name": "Hand_L",
            "time": [0.0, 0.1, 0.2, 0.3, 0.4, 0.5, 0.6],
            "transform": [
                [0.999651, 0.02638, 0.001497, 0.0, -0.011641, 0.490559, -0.87133, 0.329779, -0.02372, 0.871009, 0.490695, -0.0, 0.0, 0.0, 0.0, 1.0],
                [0.995654, 0.060164, 0.071083, 0.0, -0.000436, 0.766306, -0.642476, 0.329779, -0.093125, 0.639653, 0.763001, 0.0, 0.0, 0.0, 0.0, 1.0],
                [0.996195, 0.067514, 0.055119, 0.0, -0.045413, 0.941867, -0.332902, 0.329779, -0.07439, 0.329132, 0.941349, 0.0, 0.0, 0.0, 0.0, 1.0],
                [0.988156, 0.124424, -0.089807, -0.0, -0.119492, 0.256754, -0.959062, 0.329779, -0.096272, 0.958434, 0.26858, -0.0, 0.0, 0.0, 0.0, 1.0],
                [0.963937, 0.024328, -0.265017, 0.0, -0.256605, 0.349015, -0.9013, 0.329779, 0.070568, 0.936801, 0.342671, -0.0, 0.0, 0.0, 0.0, 1.0],
                [0.99927, -0.031542, 0.021564, 0.0, 0.027106, 0.187422, -0.981905, 0.329779, 0.026929, 0.981773, 0.18814, 0.0, 0.0, 0.0, 0.0, 1.0],
                [0.999651, 0.02638, 0.001497, 0.0, -0.011641, 0.490559, -0.87133, 0.329779, -0.02372, 0.871009, 0.490695, -0.0, 0.0, 0.0, 0.0, 1.0]
            ]
        },
        {
            "name": "Tool_L",
            "time": [0.0, 0.1, 0.2, 0.3, 0.4, 0.5, 0.6],
            "transform": [
                [1.0, -0.0, 0.0, 0.02, 0.0, -1.0, 0.0, 0.291426, 0.0, 0.0, -1.0, -0.0, 0.0, 0.0, 0.0, 1.0],
                [1.0, -0.0, 0.0, 0.02, -0.0, -1.0, 0.0, 0.291426, 0.0, -0.0, -1.0, -0.0, 0.0, 0.0, 0.0, 1.0],
                [1.0, -0.0, 0.0, 0.02, -0.0, -1.0, -0.0, 0.291426, 0.0, 0.0, -1.0, 0.0, 0.0, 0.0, 0.0, 1.0],
                [1.0, -0.0, 0.0, 0.02, 0.0, -1.0, -0.0, 0.291426, 0.0, -0.0, -1.0, -0.0, 0.0, 0.0, 0.0, 1.0],
                [1.0, 0.0, 0.0, 0.02, -0.0, -1.0, 0.0, 0.291426, 0.0, -0.0, -1.0, 0.0, 0.0, 0.0, 0.0, 1.0],
                [1.0, -0.0, 0.0, 0.02, -0.0, -1.0, -0.0, 0.291426, 0.0, -0.0, -1.0, -0.0, 0.0, 0.0, 0.0, 1.0],
                [1.0, -0.0, 0.0, 0.02, 0.0, -1.0, 0.0, 0.291426, 0.0, 0.0, -1.0, -0.0, 0.0, 0.0, 0.0, 1.0]
            ]
        },
        {
            "name": "Elbow_L",
            "time": [0.0, 0.1, 0.2, 0.3, 0.4, 0.5, 0.6],
            "transform": [
                [-1.0, -1e-06, 0.0, 0.0, -1e-06, 0.504562, -0.863375, 0.329779, 0.0, -0.863376, -0.504562, -0.0, 0.0, 0.0, 0.0, 1.0],
                [-1.0, -0.0, -0.0, 0.0, 0.0, 0.34181, -0.939769, 0.329779, -0.0, -0.939769, -0.34181, 0.0, 0.0, 0.0, 0.0, 1.0],
                [-1.0, -0.0, -1e-06, 0.0, 1e-06, 0.167385, -0.985892, 0.329779, 0.0, -0.985892, -0.167385, 0.0, 0.0, 0.0, 0.0, 1.0],
                [-1.0, 1e-06, -0.0, -0.0, 1e-06, 0.604221, -0.796817, 0.329779, -0.0, -0.796817, -0.604221, -0.0, 0.0, 0.0, 0.0, 1.0],
                [-1.0, 0.0, -0.0, 0.0, 0.0, 0.572919, -0.819612, 0.329779, 0.0, -0.819612, -0.572919, -0.0, 0.0, 0.0, 0.0, 1.0],
                [-1.0, 0.0, -0.0, 0.0, 0.0, 0.6371, -0.770782, 0.329779, 0.0, -0.770782, -0.6371, 0.0, 0.0, 0.0, 0.0, 1.0],
                [-1.0, -1e-06, 0.0, 0.0, -1e-06, 0.504562, -0.863375, 0.329779, 0.0, -0.863376, -0.504562, -0.0, 0.0, 0.0, 0.0, 1.0]
            ]
        }
    ]
}