{"animation": [{"name": "Root", "time": [0.0, 0.0083, 0.0167, 0.025, 0.0333, 0.0417, 0.05, 0.0583, 0.0667, 0.075, 0.0833, 0.0917, 0.1, 0.1083, 0.1167, 0.125, 0.1333, 0.1417, 0.15, 0.1583, 0.1667, 0.175, 0.1833, 0.1917, 0.2, 0.2083, 0.2167, 0.225, 0.2333, 0.2417, 0.25, 0.2583, 0.2667, 0.275, 0.2833, 0.2917, 0.3, 0.3083, 0.3167, 0.325, 0.3333, 0.3417, 0.35, 0.3583, 0.3667, 0.375, 0.3833, 0.3917, 0.4, 0.4083, 0.4167, 0.425, 0.4333, 0.4417, 0.45, 0.4583, 0.4667, 0.475, 0.4833, 0.4917, 0.5, 0.5083, 0.5167, 0.525, 0.5333, 0.5417, 0.55, 0.5583, 0.5667, 0.575, 0.5833, 0.5917, 0.6, 0.6083, 0.6167, 0.625, 0.6333, 0.6417, 0.65, 0.6583, 0.6667, 0.675, 0.6833, 0.6917, 0.7, 0.7083, 0.7167, 0.725, 0.7333, 0.7417, 0.75, 0.7583, 0.7667, 0.775, 0.7833, 0.7917, 0.8, 0.8083, 0.8167, 0.825, 0.8333, 0.8417, 0.85, 0.8583, 0.8667, 0.875, 0.8833, 0.8917, 0.9, 0.9083, 0.9167, 0.925, 0.9333, 0.9417, 0.95, 0.9583, 0.9667, 0.975, 0.9833, 0.9917, 1.0, 1.0083, 1.0167, 1.025, 1.0333, 1.0417, 1.05, 1.0583, 1.0667, 1.075, 1.0833, 1.0917, 1.1, 1.1083, 1.1167, 1.125, 1.1333, 1.1417, 1.15, 1.1583, 1.1667, 1.175, 1.1833, 1.1917, 1.2, 1.2083, 1.2167, 1.225, 1.2333, 1.2417, 1.25, 1.2583, 1.2667, 1.275, 1.2833, 1.2917, 1.3, 1.3083, 1.3167, 1.325, 1.3333, 1.3417, 1.35, 1.3583, 1.3667, 1.375, 1.3833, 1.3917, 1.4, 1.4083, 1.4167, 1.425, 1.4333, 1.4417, 1.45, 1.4583, 1.4667, 1.475, 1.4833, 1.4917, 1.5, 1.5083, 1.5167, 1.525, 1.5333, 1.5417, 1.55, 1.5583, 1.5667, 1.575, 1.5833, 1.5917, 1.6, 1.6083, 1.6167, 1.625, 1.6333, 1.6417, 1.65, 1.6583, 1.6667], "transform": [[0.955951, 0.0, 0.293527, -5e-06, 0.293527, 0.0, -0.955951, 0.000946, 0.0, 1.0, 0.0, -0.021403, 0.0, 0.0, 0.0, 1.0], [0.955951, 0.0, 0.293527, -5e-06, 0.293527, 0.0, -0.955951, 0.000946, 0.0, 1.0, 0.0, -0.021403, 0.0, 0.0, 0.0, 1.0], [0.955951, 0.0, 0.293527, -5e-06, 0.293527, 0.0, -0.955951, 0.000946, 0.0, 1.0, 0.0, -0.021403, 0.0, 0.0, 0.0, 1.0], [0.955951, 0.0, 0.293527, -5e-06, 0.293527, 0.0, -0.955951, 0.000946, 0.0, 1.0, 0.0, -0.021403, 0.0, 0.0, 0.0, 1.0], [0.955951, 0.0, 0.293527, -5e-06, 0.293527, 0.0, -0.955951, 0.000946, 0.0, 1.0, 0.0, -0.021403, 0.0, 0.0, 0.0, 1.0], [0.955951, 0.0, 0.293527, -5e-06, 0.293527, 0.0, -0.955951, 0.000946, 0.0, 1.0, 0.0, -0.021403, 0.0, 0.0, 0.0, 1.0], [0.955951, 0.0, 0.293527, -5e-06, 0.293527, 0.0, -0.955951, 0.000946, 0.0, 1.0, 0.0, -0.021403, 0.0, 0.0, 0.0, 1.0], [0.955951, 0.0, 0.293527, -5e-06, 0.293527, 0.0, -0.955951, 0.000946, 0.0, 1.0, 0.0, -0.021403, 0.0, 0.0, 0.0, 1.0], [0.955951, 0.0, 0.293527, -5e-06, 0.293527, 0.0, -0.955951, 0.000946, 0.0, 1.0, 0.0, -0.021403, 0.0, 0.0, 0.0, 1.0], [0.955951, 0.0, 0.293527, -5e-06, 0.293527, 0.0, -0.955951, 0.000946, 0.0, 1.0, 0.0, -0.021403, 0.0, 0.0, 0.0, 1.0], [0.955951, 0.0, 0.293527, -5e-06, 0.293527, 0.0, -0.955951, 0.000946, 0.0, 1.0, 0.0, -0.021403, 0.0, 0.0, 0.0, 1.0], [0.955951, 0.0, 0.293527, -5e-06, 0.293527, 0.0, -0.955951, 0.000946, 0.0, 1.0, 0.0, -0.021403, 0.0, 0.0, 0.0, 1.0], [0.955951, 0.0, 0.293527, -5e-06, 0.293527, 0.0, -0.955951, 0.000946, 0.0, 1.0, 0.0, -0.021403, 0.0, 0.0, 0.0, 1.0], [0.955951, 0.0, 0.293527, -5e-06, 0.293527, 0.0, -0.955951, 0.000946, 0.0, 1.0, 0.0, -0.021403, 0.0, 0.0, 0.0, 1.0], [0.955951, 0.0, 0.293527, -5e-06, 0.293527, 0.0, -0.955951, 0.000946, 0.0, 1.0, 0.0, -0.021403, 0.0, 0.0, 0.0, 1.0], [0.955951, 0.0, 0.293527, -5e-06, 0.293527, 0.0, -0.955951, 0.000946, 0.0, 1.0, 0.0, -0.021403, 0.0, 0.0, 0.0, 1.0], [0.955951, 0.0, 0.293527, -5e-06, 0.293527, 0.0, -0.955951, 0.000946, 0.0, 1.0, 0.0, -0.021403, 0.0, 0.0, 0.0, 1.0], [0.955951, 0.0, 0.293527, -5e-06, 0.293527, 0.0, -0.955951, 0.000946, 0.0, 1.0, 0.0, -0.021403, 0.0, 0.0, 0.0, 1.0], [0.955951, 0.0, 0.293527, -5e-06, 0.293527, 0.0, -0.955951, 0.000946, 0.0, 1.0, 0.0, -0.021403, 0.0, 0.0, 0.0, 1.0], [0.955951, 0.0, 0.293527, -5e-06, 0.293527, 0.0, -0.955951, 0.000946, 0.0, 1.0, 0.0, -0.021403, 0.0, 0.0, 0.0, 1.0], [0.955951, 0.0, 0.293527, -5e-06, 0.293527, 0.0, -0.955951, 0.000946, 0.0, 1.0, 0.0, -0.021403, 0.0, 0.0, 0.0, 1.0], [0.955951, 0.0, 0.293527, -5e-06, 0.293527, 0.0, -0.955951, 0.000946, 0.0, 1.0, 0.0, -0.021403, 0.0, 0.0, 0.0, 1.0], [0.955951, 0.0, 0.293527, -5e-06, 0.293527, 0.0, -0.955951, 0.000946, 0.0, 1.0, 0.0, -0.021403, 0.0, 0.0, 0.0, 1.0], [0.955951, 0.0, 0.293527, -5e-06, 0.293527, 0.0, -0.955951, 0.000946, 0.0, 1.0, 0.0, -0.021403, 0.0, 0.0, 0.0, 1.0], [0.955951, 0.0, 0.293527, -5e-06, 0.293527, 0.0, -0.955951, 0.000946, 0.0, 1.0, 0.0, -0.021403, 0.0, 0.0, 0.0, 1.0], [0.955951, 0.0, 0.293527, -5e-06, 0.293527, 0.0, -0.955951, 0.000946, 0.0, 1.0, 0.0, -0.021403, 0.0, 0.0, 0.0, 1.0], [0.955951, 0.0, 0.293527, -5e-06, 0.293527, 0.0, -0.955951, 0.000946, 0.0, 1.0, 0.0, -0.021403, 0.0, 0.0, 0.0, 1.0], [0.955951, 0.0, 0.293527, -5e-06, 0.293527, 0.0, -0.955951, 0.000946, 0.0, 1.0, 0.0, -0.021403, 0.0, 0.0, 0.0, 1.0], [0.955951, 0.0, 0.293527, -5e-06, 0.293527, 0.0, -0.955951, 0.000946, 0.0, 1.0, 0.0, -0.021403, 0.0, 0.0, 0.0, 1.0], [0.955951, 0.0, 0.293527, -5e-06, 0.293527, 0.0, -0.955951, 0.000946, 0.0, 1.0, 0.0, -0.021403, 0.0, 0.0, 0.0, 1.0], [0.955951, 0.0, 0.293527, -5e-06, 0.293527, 0.0, -0.955951, 0.000946, 0.0, 1.0, 0.0, -0.021403, 0.0, 0.0, 0.0, 1.0], [0.955951, 0.0, 0.293527, -5e-06, 0.293527, 0.0, -0.955951, 0.000946, 0.0, 1.0, 0.0, -0.021403, 0.0, 0.0, 0.0, 1.0], [0.955951, 0.0, 0.293527, -5e-06, 0.293527, 0.0, -0.955951, 0.000946, 0.0, 1.0, 0.0, -0.021403, 0.0, 0.0, 0.0, 1.0], [0.955951, 0.0, 0.293527, -5e-06, 0.293527, 0.0, -0.955951, 0.000946, 0.0, 1.0, 0.0, -0.021403, 0.0, 0.0, 0.0, 1.0], [0.955951, 0.0, 0.293527, -5e-06, 0.293527, 0.0, -0.955951, 0.000946, 0.0, 1.0, 0.0, -0.021403, 0.0, 0.0, 0.0, 1.0], [0.955951, 0.0, 0.293527, -5e-06, 0.293527, 0.0, -0.955951, 0.000946, 0.0, 1.0, 0.0, -0.021403, 0.0, 0.0, 0.0, 1.0], [0.955951, 0.0, 0.293527, -5e-06, 0.293527, 0.0, -0.955951, 0.000946, 0.0, 1.0, 0.0, -0.021403, 0.0, 0.0, 0.0, 1.0], [0.955951, 0.0, 0.293527, -5e-06, 0.293527, 0.0, -0.955951, 0.000946, 0.0, 1.0, 0.0, -0.021403, 0.0, 0.0, 0.0, 1.0], [0.955951, 0.0, 0.293527, -5e-06, 0.293527, 0.0, -0.955951, 0.000946, 0.0, 1.0, 0.0, -0.021403, 0.0, 0.0, 0.0, 1.0], [0.955951, 0.0, 0.293527, -5e-06, 0.293527, 0.0, -0.955951, 0.000946, 0.0, 1.0, 0.0, -0.021403, 0.0, 0.0, 0.0, 1.0], [0.955951, 0.0, 0.293527, -5e-06, 0.293527, 0.0, -0.955951, 0.000946, 0.0, 1.0, 0.0, -0.021403, 0.0, 0.0, 0.0, 1.0], [0.955951, 0.0, 0.293527, -5e-06, 0.293527, 0.0, -0.955951, 0.000946, 0.0, 1.0, 0.0, -0.021403, 0.0, 0.0, 0.0, 1.0], [0.955951, 0.0, 0.293527, -5e-06, 0.293527, 0.0, -0.955951, 0.000946, 0.0, 1.0, 0.0, -0.021403, 0.0, 0.0, 0.0, 1.0], [0.955951, 0.0, 0.293527, -5e-06, 0.293527, 0.0, -0.955951, 0.000946, 0.0, 1.0, 0.0, -0.021403, 0.0, 0.0, 0.0, 1.0], [0.955951, 0.0, 0.293527, -5e-06, 0.293527, 0.0, -0.955951, 0.000946, 0.0, 1.0, 0.0, -0.021403, 0.0, 0.0, 0.0, 1.0], [0.955951, 0.0, 0.293527, -5e-06, 0.293527, 0.0, -0.955951, 0.000946, 0.0, 1.0, 0.0, -0.021403, 0.0, 0.0, 0.0, 1.0], [0.955951, 0.0, 0.293527, -5e-06, 0.293527, 0.0, -0.955951, 0.000946, 0.0, 1.0, 0.0, -0.021403, 0.0, 0.0, 0.0, 1.0], [0.955951, 0.0, 0.293527, -5e-06, 0.293527, 0.0, -0.955951, 0.000946, 0.0, 1.0, 0.0, -0.021403, 0.0, 0.0, 0.0, 1.0], [0.955951, 0.0, 0.293527, -5e-06, 0.293527, 0.0, -0.955951, 0.000946, 0.0, 1.0, 0.0, -0.021403, 0.0, 0.0, 0.0, 1.0], [0.955951, 0.0, 0.293527, -5e-06, 0.293527, 0.0, -0.955951, 0.000946, 0.0, 1.0, 0.0, -0.021403, 0.0, 0.0, 0.0, 1.0], [0.955951, 0.0, 0.293527, -5e-06, 0.293527, 0.0, -0.955951, 0.000946, 0.0, 1.0, 0.0, -0.021403, 0.0, 0.0, 0.0, 1.0], [0.955951, 0.0, 0.293527, -5e-06, 0.293527, 0.0, -0.955951, 0.000946, 0.0, 1.0, 0.0, -0.021403, 0.0, 0.0, 0.0, 1.0], [0.955951, 0.0, 0.293527, -5e-06, 0.293527, 0.0, -0.955951, 0.000946, 0.0, 1.0, 0.0, -0.021403, 0.0, 0.0, 0.0, 1.0], [0.955951, 0.0, 0.293527, -5e-06, 0.293527, 0.0, -0.955951, 0.000946, 0.0, 1.0, 0.0, -0.021403, 0.0, 0.0, 0.0, 1.0], [0.955951, 0.0, 0.293527, -5e-06, 0.293527, 0.0, -0.955951, 0.000946, 0.0, 1.0, 0.0, -0.021403, 0.0, 0.0, 0.0, 1.0], [0.955951, 0.0, 0.293527, -5e-06, 0.293527, 0.0, -0.955951, 0.000946, 0.0, 1.0, 0.0, -0.021403, 0.0, 0.0, 0.0, 1.0], [0.955951, 0.0, 0.293527, -5e-06, 0.293527, 0.0, -0.955951, 0.000946, 0.0, 1.0, 0.0, -0.021403, 0.0, 0.0, 0.0, 1.0], [0.955951, 0.0, 0.293527, -5e-06, 0.293527, 0.0, -0.955951, 0.000946, 0.0, 1.0, 0.0, -0.021403, 0.0, 0.0, 0.0, 1.0], [0.955951, 0.0, 0.293527, -5e-06, 0.293527, 0.0, -0.955951, 0.000946, 0.0, 1.0, 0.0, -0.021403, 0.0, 0.0, 0.0, 1.0], [0.955951, 0.0, 0.293527, -5e-06, 0.293527, 0.0, -0.955951, 0.000946, 0.0, 1.0, 0.0, -0.021403, 0.0, 0.0, 0.0, 1.0], [0.955951, 0.0, 0.293527, -5e-06, 0.293527, 0.0, -0.955951, 0.000946, 0.0, 1.0, 0.0, -0.021403, 0.0, 0.0, 0.0, 1.0], [0.955951, 0.0, 0.293527, -5e-06, 0.293527, 0.0, -0.955951, 0.000946, 0.0, 1.0, 0.0, -0.021403, 0.0, 0.0, 0.0, 1.0], [0.955951, 0.0, 0.293527, -5e-06, 0.293527, 0.0, -0.955951, 0.000946, 0.0, 1.0, 0.0, -0.021403, 0.0, 0.0, 0.0, 1.0], [0.955951, 0.0, 0.293527, -5e-06, 0.293527, 0.0, -0.955951, 0.000946, 0.0, 1.0, 0.0, -0.021403, 0.0, 0.0, 0.0, 1.0], [0.955951, 0.0, 0.293527, -5e-06, 0.293527, 0.0, -0.955951, 0.000946, 0.0, 1.0, 0.0, -0.021403, 0.0, 0.0, 0.0, 1.0], [0.955951, 0.0, 0.293527, -5e-06, 0.293527, 0.0, -0.955951, 0.000946, 0.0, 1.0, 0.0, -0.021403, 0.0, 0.0, 0.0, 1.0], [0.955951, 0.0, 0.293527, -5e-06, 0.293527, 0.0, -0.955951, 0.000946, 0.0, 1.0, 0.0, -0.021403, 0.0, 0.0, 0.0, 1.0], [0.955951, 0.0, 0.293527, -5e-06, 0.293527, 0.0, -0.955951, 0.000946, 0.0, 1.0, 0.0, -0.021403, 0.0, 0.0, 0.0, 1.0], [0.955951, 0.0, 0.293527, -5e-06, 0.293527, 0.0, -0.955951, 0.000946, 0.0, 1.0, 0.0, -0.021403, 0.0, 0.0, 0.0, 1.0], [0.955951, 0.0, 0.293527, -5e-06, 0.293527, 0.0, -0.955951, 0.000946, 0.0, 1.0, 0.0, -0.021403, 0.0, 0.0, 0.0, 1.0], [0.955951, 0.0, 0.293527, -5e-06, 0.293527, 0.0, -0.955951, 0.000946, 0.0, 1.0, 0.0, -0.021403, 0.0, 0.0, 0.0, 1.0], [0.955951, 0.0, 0.293527, -5e-06, 0.293527, 0.0, -0.955951, 0.000946, 0.0, 1.0, 0.0, -0.021403, 0.0, 0.0, 0.0, 1.0], [0.955951, 0.0, 0.293527, -5e-06, 0.293527, 0.0, -0.955951, 0.000946, 0.0, 1.0, 0.0, -0.021403, 0.0, 0.0, 0.0, 1.0], [0.955951, 0.0, 0.293527, -5e-06, 0.293527, 0.0, -0.955951, 0.000946, 0.0, 1.0, 0.0, -0.021403, 0.0, 0.0, 0.0, 1.0], [0.955951, 0.0, 0.293527, -5e-06, 0.293527, 0.0, -0.955951, 0.000946, 0.0, 1.0, 0.0, -0.021403, 0.0, 0.0, 0.0, 1.0], [0.955951, 0.0, 0.293527, -5e-06, 0.293527, 0.0, -0.955951, 0.000946, 0.0, 1.0, 0.0, -0.021403, 0.0, 0.0, 0.0, 1.0], [0.955951, 0.0, 0.293527, -5e-06, 0.293527, 0.0, -0.955951, 0.000946, 0.0, 1.0, 0.0, -0.021403, 0.0, 0.0, 0.0, 1.0], [0.955951, 0.0, 0.293527, -5e-06, 0.293527, 0.0, -0.955951, 0.000946, 0.0, 1.0, 0.0, -0.021403, 0.0, 0.0, 0.0, 1.0], [0.955951, 0.0, 0.293527, -5e-06, 0.293527, 0.0, -0.955951, 0.000946, 0.0, 1.0, 0.0, -0.021403, 0.0, 0.0, 0.0, 1.0], [0.955951, 0.0, 0.293527, -5e-06, 0.293527, 0.0, -0.955951, 0.000946, 0.0, 1.0, 0.0, -0.021403, 0.0, 0.0, 0.0, 1.0], [0.955951, 0.0, 0.293527, -5e-06, 0.293527, 0.0, -0.955951, 0.000946, 0.0, 1.0, 0.0, -0.021403, 0.0, 0.0, 0.0, 1.0], [0.955951, 0.0, 0.293527, -5e-06, 0.293527, 0.0, -0.955951, 0.000946, 0.0, 1.0, 0.0, -0.021403, 0.0, 0.0, 0.0, 1.0], [0.955951, 0.0, 0.293527, -5e-06, 0.293527, 0.0, -0.955951, 0.000946, 0.0, 1.0, 0.0, -0.021403, 0.0, 0.0, 0.0, 1.0], [0.955951, 0.0, 0.293527, -5e-06, 0.293527, 0.0, -0.955951, 0.000946, 0.0, 1.0, 0.0, -0.021403, 0.0, 0.0, 0.0, 1.0], [0.955951, 0.0, 0.293527, -5e-06, 0.293527, 0.0, -0.955951, 0.000946, 0.0, 1.0, 0.0, -0.021403, 0.0, 0.0, 0.0, 1.0], [0.955951, 0.0, 0.293527, -5e-06, 0.293527, 0.0, -0.955951, 0.000946, 0.0, 1.0, 0.0, -0.021403, 0.0, 0.0, 0.0, 1.0], [0.955951, 0.0, 0.293527, -5e-06, 0.293527, 0.0, -0.955951, 0.000946, 0.0, 1.0, 0.0, -0.021403, 0.0, 0.0, 0.0, 1.0], [0.955951, 0.0, 0.293527, -5e-06, 0.293527, 0.0, -0.955951, 0.000946, 0.0, 1.0, 0.0, -0.021403, 0.0, 0.0, 0.0, 1.0], [0.955951, 0.0, 0.293527, -5e-06, 0.293527, 0.0, -0.955951, 0.000946, 0.0, 1.0, 0.0, -0.021403, 0.0, 0.0, 0.0, 1.0], [0.955951, 0.0, 0.293527, -5e-06, 0.293527, 0.0, -0.955951, 0.000946, 0.0, 1.0, 0.0, -0.021403, 0.0, 0.0, 0.0, 1.0], [0.955951, 0.0, 0.293527, -5e-06, 0.293527, 0.0, -0.955951, 0.000946, 0.0, 1.0, 0.0, -0.021403, 0.0, 0.0, 0.0, 1.0], [0.955951, 0.0, 0.293527, -5e-06, 0.293527, 0.0, -0.955951, 0.000946, 0.0, 1.0, 0.0, -0.021403, 0.0, 0.0, 0.0, 1.0], [0.955951, 0.0, 0.293527, -5e-06, 0.293527, 0.0, -0.955951, 0.000946, 0.0, 1.0, 0.0, -0.021403, 0.0, 0.0, 0.0, 1.0], [0.955951, 0.0, 0.293527, -5e-06, 0.293527, 0.0, -0.955951, 0.000946, 0.0, 1.0, 0.0, -0.021403, 0.0, 0.0, 0.0, 1.0], [0.955951, 0.0, 0.293527, -5e-06, 0.293527, 0.0, -0.955951, 0.000946, 0.0, 1.0, 0.0, -0.021403, 0.0, 0.0, 0.0, 1.0], [0.955951, 0.0, 0.293527, -5e-06, 0.293527, 0.0, -0.955951, 0.000946, 0.0, 1.0, 0.0, -0.021403, 0.0, 0.0, 0.0, 1.0], [0.955951, 0.0, 0.293527, -5e-06, 0.293527, 0.0, -0.955951, 0.000946, 0.0, 1.0, 0.0, -0.021403, 0.0, 0.0, 0.0, 1.0], [0.955951, 0.0, 0.293527, -5e-06, 0.293527, 0.0, -0.955951, 0.000946, 0.0, 1.0, 0.0, -0.021403, 0.0, 0.0, 0.0, 1.0], [0.955951, 0.0, 0.293527, -5e-06, 0.293527, 0.0, -0.955951, 0.000946, 0.0, 1.0, 0.0, -0.021403, 0.0, 0.0, 0.0, 1.0], [0.955951, 0.0, 0.293527, -5e-06, 0.293527, 0.0, -0.955951, 0.000946, 0.0, 1.0, 0.0, -0.021403, 0.0, 0.0, 0.0, 1.0], [0.955951, 0.0, 0.293527, -5e-06, 0.293527, 0.0, -0.955951, 0.000946, 0.0, 1.0, 0.0, -0.021403, 0.0, 0.0, 0.0, 1.0], [0.955951, 0.0, 0.293527, -5e-06, 0.293527, 0.0, -0.955951, 0.000946, 0.0, 1.0, 0.0, -0.021403, 0.0, 0.0, 0.0, 1.0], [0.955951, 0.0, 0.293527, -5e-06, 0.293527, 0.0, -0.955951, 0.000946, 0.0, 1.0, 0.0, -0.021403, 0.0, 0.0, 0.0, 1.0], [0.955951, 0.0, 0.293527, -5e-06, 0.293527, 0.0, -0.955951, 0.000946, 0.0, 1.0, 0.0, -0.021403, 0.0, 0.0, 0.0, 1.0], [0.955951, 0.0, 0.293527, -5e-06, 0.293527, 0.0, -0.955951, 0.000946, 0.0, 1.0, 0.0, -0.021403, 0.0, 0.0, 0.0, 1.0], [0.955951, 0.0, 0.293527, -5e-06, 0.293527, 0.0, -0.955951, 0.000946, 0.0, 1.0, 0.0, -0.021403, 0.0, 0.0, 0.0, 1.0], [0.955951, 0.0, 0.293527, -5e-06, 0.293527, 0.0, -0.955951, 0.000946, 0.0, 1.0, 0.0, -0.021403, 0.0, 0.0, 0.0, 1.0], [0.955951, 0.0, 0.293527, -5e-06, 0.293527, 0.0, -0.955951, 0.000946, 0.0, 1.0, 0.0, -0.021403, 0.0, 0.0, 0.0, 1.0], [0.955951, 0.0, 0.293527, -5e-06, 0.293527, 0.0, -0.955951, 0.000946, 0.0, 1.0, 0.0, -0.021403, 0.0, 0.0, 0.0, 1.0], [0.955951, 0.0, 0.293527, -5e-06, 0.293527, 0.0, -0.955951, 0.000946, 0.0, 1.0, 0.0, -0.021403, 0.0, 0.0, 0.0, 1.0], [0.955951, 0.0, 0.293527, -5e-06, 0.293527, 0.0, -0.955951, 0.000946, 0.0, 1.0, 0.0, -0.021403, 0.0, 0.0, 0.0, 1.0], [0.955951, 0.0, 0.293527, -5e-06, 0.293527, 0.0, -0.955951, 0.000946, 0.0, 1.0, 0.0, -0.021403, 0.0, 0.0, 0.0, 1.0], [0.955951, 0.0, 0.293527, -5e-06, 0.293527, 0.0, -0.955951, 0.000946, 0.0, 1.0, 0.0, -0.021403, 0.0, 0.0, 0.0, 1.0], [0.955951, 0.0, 0.293527, -5e-06, 0.293527, 0.0, -0.955951, 0.000946, 0.0, 1.0, 0.0, -0.021403, 0.0, 0.0, 0.0, 1.0], [0.955951, 0.0, 0.293527, -5e-06, 0.293527, 0.0, -0.955951, 0.000946, 0.0, 1.0, 0.0, -0.021403, 0.0, 0.0, 0.0, 1.0], [0.955951, 0.0, 0.293527, -5e-06, 0.293527, 0.0, -0.955951, 0.000946, 0.0, 1.0, 0.0, -0.021403, 0.0, 0.0, 0.0, 1.0], [0.955951, 0.0, 0.293527, -5e-06, 0.293527, 0.0, -0.955951, 0.000946, 0.0, 1.0, 0.0, -0.021403, 0.0, 0.0, 0.0, 1.0], [0.955951, 0.0, 0.293527, -5e-06, 0.293527, 0.0, -0.955951, 0.000946, 0.0, 1.0, 0.0, -0.021403, 0.0, 0.0, 0.0, 1.0], [0.955951, 0.0, 0.293527, -5e-06, 0.293527, 0.0, -0.955951, 0.000946, 0.0, 1.0, 0.0, -0.021403, 0.0, 0.0, 0.0, 1.0], [0.955951, 0.0, 0.293527, -5e-06, 0.293527, 0.0, -0.955951, 0.000946, 0.0, 1.0, 0.0, -0.021403, 0.0, 0.0, 0.0, 1.0], [0.955951, 0.0, 0.293527, -5e-06, 0.293527, 0.0, -0.955951, 0.000946, 0.0, 1.0, 0.0, -0.021403, 0.0, 0.0, 0.0, 1.0], [0.955951, 0.0, 0.293527, -5e-06, 0.293527, 0.0, -0.955951, 0.000946, 0.0, 1.0, 0.0, -0.021403, 0.0, 0.0, 0.0, 1.0], [0.955951, 0.0, 0.293527, -5e-06, 0.293527, 0.0, -0.955951, 0.000946, 0.0, 1.0, 0.0, -0.021403, 0.0, 0.0, 0.0, 1.0], [0.955951, 0.0, 0.293527, -5e-06, 0.293527, 0.0, -0.955951, 0.000946, 0.0, 1.0, 0.0, -0.021403, 0.0, 0.0, 0.0, 1.0], [0.955951, 0.0, 0.293527, -5e-06, 0.293527, 0.0, -0.955951, 0.000946, 0.0, 1.0, 0.0, -0.021403, 0.0, 0.0, 0.0, 1.0], [0.955951, 0.0, 0.293527, -5e-06, 0.293527, 0.0, -0.955951, 0.000946, 0.0, 1.0, 0.0, -0.021403, 0.0, 0.0, 0.0, 1.0], [0.955951, 0.0, 0.293527, -5e-06, 0.293527, 0.0, -0.955951, 0.000946, 0.0, 1.0, 0.0, -0.021403, 0.0, 0.0, 0.0, 1.0], [0.955951, 0.0, 0.293527, -5e-06, 0.293527, 0.0, -0.955951, 0.000946, 0.0, 1.0, 0.0, -0.021403, 0.0, 0.0, 0.0, 1.0], [0.955951, 0.0, 0.293527, -5e-06, 0.293527, 0.0, -0.955951, 0.000946, 0.0, 1.0, 0.0, -0.021403, 0.0, 0.0, 0.0, 1.0], [0.955951, 0.0, 0.293527, -5e-06, 0.293527, 0.0, -0.955951, 0.000946, 0.0, 1.0, 0.0, -0.021403, 0.0, 0.0, 0.0, 1.0], [0.955951, 0.0, 0.293527, -5e-06, 0.293527, 0.0, -0.955951, 0.000946, 0.0, 1.0, 0.0, -0.021403, 0.0, 0.0, 0.0, 1.0], [0.955951, 0.0, 0.293527, -5e-06, 0.293527, 0.0, -0.955951, 0.000946, 0.0, 1.0, 0.0, -0.021403, 0.0, 0.0, 0.0, 1.0], [0.955951, 0.0, 0.293527, -5e-06, 0.293527, 0.0, -0.955951, 0.000946, 0.0, 1.0, 0.0, -0.021403, 0.0, 0.0, 0.0, 1.0], [0.955951, 0.0, 0.293527, -5e-06, 0.293527, 0.0, -0.955951, 0.000946, 0.0, 1.0, 0.0, -0.021403, 0.0, 0.0, 0.0, 1.0], [0.955951, 0.0, 0.293527, -5e-06, 0.293527, 0.0, -0.955951, 0.000946, 0.0, 1.0, 0.0, -0.021403, 0.0, 0.0, 0.0, 1.0], [0.955951, 0.0, 0.293527, -5e-06, 0.293527, 0.0, -0.955951, 0.000946, 0.0, 1.0, 0.0, -0.021403, 0.0, 0.0, 0.0, 1.0], [0.955951, 0.0, 0.293527, -5e-06, 0.293527, 0.0, -0.955951, 0.000946, 0.0, 1.0, 0.0, -0.021403, 0.0, 0.0, 0.0, 1.0], [0.955951, 0.0, 0.293527, -5e-06, 0.293527, 0.0, -0.955951, 0.000946, 0.0, 1.0, 0.0, -0.021403, 0.0, 0.0, 0.0, 1.0], [0.955951, 0.0, 0.293527, -5e-06, 0.293527, 0.0, -0.955951, 0.000946, 0.0, 1.0, 0.0, -0.021403, 0.0, 0.0, 0.0, 1.0], [0.955951, 0.0, 0.293527, -5e-06, 0.293527, 0.0, -0.955951, 0.000946, 0.0, 1.0, 0.0, -0.021403, 0.0, 0.0, 0.0, 1.0], [0.955951, 0.0, 0.293527, -5e-06, 0.293527, 0.0, -0.955951, 0.000946, 0.0, 1.0, 0.0, -0.021403, 0.0, 0.0, 0.0, 1.0], [0.955951, 0.0, 0.293527, -5e-06, 0.293527, 0.0, -0.955951, 0.000946, 0.0, 1.0, 0.0, -0.021403, 0.0, 0.0, 0.0, 1.0], [0.955951, 0.0, 0.293527, -5e-06, 0.293527, 0.0, -0.955951, 0.000946, 0.0, 1.0, 0.0, -0.021403, 0.0, 0.0, 0.0, 1.0], [0.955951, 0.0, 0.293527, -5e-06, 0.293527, 0.0, -0.955951, 0.000946, 0.0, 1.0, 0.0, -0.021403, 0.0, 0.0, 0.0, 1.0], [0.955951, 0.0, 0.293527, -5e-06, 0.293527, 0.0, -0.955951, 0.000946, 0.0, 1.0, 0.0, -0.021403, 0.0, 0.0, 0.0, 1.0], [0.955951, 0.0, 0.293527, -5e-06, 0.293527, 0.0, -0.955951, 0.000946, 0.0, 1.0, 0.0, -0.021403, 0.0, 0.0, 0.0, 1.0], [0.955951, 0.0, 0.293527, -5e-06, 0.293527, 0.0, -0.955951, 0.000946, 0.0, 1.0, 0.0, -0.021403, 0.0, 0.0, 0.0, 1.0], [0.955951, 0.0, 0.293527, -5e-06, 0.293527, 0.0, -0.955951, 0.000946, 0.0, 1.0, 0.0, -0.021403, 0.0, 0.0, 0.0, 1.0], [0.955951, 0.0, 0.293527, -5e-06, 0.293527, 0.0, -0.955951, 0.000946, 0.0, 1.0, 0.0, -0.021403, 0.0, 0.0, 0.0, 1.0], [0.955951, 0.0, 0.293527, -5e-06, 0.293527, 0.0, -0.955951, 0.000946, 0.0, 1.0, 0.0, -0.021403, 0.0, 0.0, 0.0, 1.0], [0.955951, 0.0, 0.293527, -5e-06, 0.293527, 0.0, -0.955951, 0.000946, 0.0, 1.0, 0.0, -0.021403, 0.0, 0.0, 0.0, 1.0], [0.955951, 0.0, 0.293527, -5e-06, 0.293527, 0.0, -0.955951, 0.000946, 0.0, 1.0, 0.0, -0.021403, 0.0, 0.0, 0.0, 1.0], [0.955951, 0.0, 0.293527, -5e-06, 0.293527, 0.0, -0.955951, 0.000946, 0.0, 1.0, 0.0, -0.021403, 0.0, 0.0, 0.0, 1.0], [0.955951, 0.0, 0.293527, -5e-06, 0.293527, 0.0, -0.955951, 0.000946, 0.0, 1.0, 0.0, -0.021403, 0.0, 0.0, 0.0, 1.0], [0.955951, 0.0, 0.293527, -5e-06, 0.293527, 0.0, -0.955951, 0.000946, 0.0, 1.0, 0.0, -0.021403, 0.0, 0.0, 0.0, 1.0], [0.955951, 0.0, 0.293527, -5e-06, 0.293527, 0.0, -0.955951, 0.000946, 0.0, 1.0, 0.0, -0.021403, 0.0, 0.0, 0.0, 1.0], [0.955951, 0.0, 0.293527, -5e-06, 0.293527, 0.0, -0.955951, 0.000946, 0.0, 1.0, 0.0, -0.021403, 0.0, 0.0, 0.0, 1.0], [0.955951, 0.0, 0.293527, -5e-06, 0.293527, 0.0, -0.955951, 0.000946, 0.0, 1.0, 0.0, -0.021403, 0.0, 0.0, 0.0, 1.0], [0.955951, 0.0, 0.293527, -5e-06, 0.293527, 0.0, -0.955951, 0.000946, 0.0, 1.0, 0.0, -0.021403, 0.0, 0.0, 0.0, 1.0], [0.955951, 0.0, 0.293527, -5e-06, 0.293527, 0.0, -0.955951, 0.000946, 0.0, 1.0, 0.0, -0.021403, 0.0, 0.0, 0.0, 1.0], [0.955951, 0.0, 0.293527, -5e-06, 0.293527, 0.0, -0.955951, 0.000946, 0.0, 1.0, 0.0, -0.021403, 0.0, 0.0, 0.0, 1.0], [0.955951, 0.0, 0.293527, -5e-06, 0.293527, 0.0, -0.955951, 0.000946, 0.0, 1.0, 0.0, -0.021403, 0.0, 0.0, 0.0, 1.0], [0.955951, 0.0, 0.293527, -5e-06, 0.293527, 0.0, -0.955951, 0.000946, 0.0, 1.0, 0.0, -0.021403, 0.0, 0.0, 0.0, 1.0], [0.955951, 0.0, 0.293527, -5e-06, 0.293527, 0.0, -0.955951, 0.000946, 0.0, 1.0, 0.0, -0.021403, 0.0, 0.0, 0.0, 1.0], [0.955951, 0.0, 0.293527, -5e-06, 0.293527, 0.0, -0.955951, 0.000946, 0.0, 1.0, 0.0, -0.021403, 0.0, 0.0, 0.0, 1.0], [0.955951, 0.0, 0.293527, -5e-06, 0.293527, 0.0, -0.955951, 0.000946, 0.0, 1.0, 0.0, -0.021403, 0.0, 0.0, 0.0, 1.0], [0.955951, 0.0, 0.293527, -5e-06, 0.293527, 0.0, -0.955951, 0.000946, 0.0, 1.0, 0.0, -0.021403, 0.0, 0.0, 0.0, 1.0], [0.955951, 0.0, 0.293527, -5e-06, 0.293527, 0.0, -0.955951, 0.000946, 0.0, 1.0, 0.0, -0.021403, 0.0, 0.0, 0.0, 1.0], [0.955951, 0.0, 0.293527, -5e-06, 0.293527, 0.0, -0.955951, 0.000946, 0.0, 1.0, 0.0, -0.021403, 0.0, 0.0, 0.0, 1.0], [0.955951, 0.0, 0.293527, -5e-06, 0.293527, 0.0, -0.955951, 0.000946, 0.0, 1.0, 0.0, -0.021403, 0.0, 0.0, 0.0, 1.0], [0.955951, 0.0, 0.293527, -5e-06, 0.293527, 0.0, -0.955951, 0.000946, 0.0, 1.0, 0.0, -0.021403, 0.0, 0.0, 0.0, 1.0], [0.955951, 0.0, 0.293527, -5e-06, 0.293527, 0.0, -0.955951, 0.000946, 0.0, 1.0, 0.0, -0.021403, 0.0, 0.0, 0.0, 1.0], [0.955951, 0.0, 0.293527, -5e-06, 0.293527, 0.0, -0.955951, 0.000946, 0.0, 1.0, 0.0, -0.021403, 0.0, 0.0, 0.0, 1.0], [0.955951, 0.0, 0.293527, -5e-06, 0.293527, 0.0, -0.955951, 0.000946, 0.0, 1.0, 0.0, -0.021403, 0.0, 0.0, 0.0, 1.0], [0.955951, 0.0, 0.293527, -5e-06, 0.293527, 0.0, -0.955951, 0.000946, 0.0, 1.0, 0.0, -0.021403, 0.0, 0.0, 0.0, 1.0], [0.955951, 0.0, 0.293527, -5e-06, 0.293527, 0.0, -0.955951, 0.000946, 0.0, 1.0, 0.0, -0.021403, 0.0, 0.0, 0.0, 1.0], [0.955951, 0.0, 0.293527, -5e-06, 0.293527, 0.0, -0.955951, 0.000946, 0.0, 1.0, 0.0, -0.021403, 0.0, 0.0, 0.0, 1.0], [0.955951, 0.0, 0.293527, -5e-06, 0.293527, 0.0, -0.955951, 0.000946, 0.0, 1.0, 0.0, -0.021403, 0.0, 0.0, 0.0, 1.0], [0.955951, 0.0, 0.293527, -5e-06, 0.293527, 0.0, -0.955951, 0.000946, 0.0, 1.0, 0.0, -0.021403, 0.0, 0.0, 0.0, 1.0], [0.955951, 0.0, 0.293527, -5e-06, 0.293527, 0.0, -0.955951, 0.000946, 0.0, 1.0, 0.0, -0.021403, 0.0, 0.0, 0.0, 1.0], [0.955951, 0.0, 0.293527, -5e-06, 0.293527, 0.0, -0.955951, 0.000946, 0.0, 1.0, 0.0, -0.021403, 0.0, 0.0, 0.0, 1.0], [0.955951, 0.0, 0.293527, -5e-06, 0.293527, 0.0, -0.955951, 0.000946, 0.0, 1.0, 0.0, -0.021403, 0.0, 0.0, 0.0, 1.0], [0.955951, 0.0, 0.293527, -5e-06, 0.293527, 0.0, -0.955951, 0.000946, 0.0, 1.0, 0.0, -0.021403, 0.0, 0.0, 0.0, 1.0], [0.955951, 0.0, 0.293527, -5e-06, 0.293527, 0.0, -0.955951, 0.000946, 0.0, 1.0, 0.0, -0.021403, 0.0, 0.0, 0.0, 1.0], [0.955951, 0.0, 0.293527, -5e-06, 0.293527, 0.0, -0.955951, 0.000946, 0.0, 1.0, 0.0, -0.021403, 0.0, 0.0, 0.0, 1.0], [0.955951, 0.0, 0.293527, -5e-06, 0.293527, 0.0, -0.955951, 0.000946, 0.0, 1.0, 0.0, -0.021403, 0.0, 0.0, 0.0, 1.0], [0.955951, 0.0, 0.293527, -5e-06, 0.293527, 0.0, -0.955951, 0.000946, 0.0, 1.0, 0.0, -0.021403, 0.0, 0.0, 0.0, 1.0], [0.955951, 0.0, 0.293527, -5e-06, 0.293527, 0.0, -0.955951, 0.000946, 0.0, 1.0, 0.0, -0.021403, 0.0, 0.0, 0.0, 1.0], [0.955951, 0.0, 0.293527, -5e-06, 0.293527, 0.0, -0.955951, 0.000946, 0.0, 1.0, 0.0, -0.021403, 0.0, 0.0, 0.0, 1.0], [0.955951, 0.0, 0.293527, -5e-06, 0.293527, 0.0, -0.955951, 0.000946, 0.0, 1.0, 0.0, -0.021403, 0.0, 0.0, 0.0, 1.0], [0.955951, 0.0, 0.293527, -5e-06, 0.293527, 0.0, -0.955951, 0.000946, 0.0, 1.0, 0.0, -0.021403, 0.0, 0.0, 0.0, 1.0], [0.955951, 0.0, 0.293527, -5e-06, 0.293527, 0.0, -0.955951, 0.000946, 0.0, 1.0, 0.0, -0.021403, 0.0, 0.0, 0.0, 1.0], [0.955951, 0.0, 0.293527, -5e-06, 0.293527, 0.0, -0.955951, 0.000946, 0.0, 1.0, 0.0, -0.021403, 0.0, 0.0, 0.0, 1.0], [0.955951, 0.0, 0.293527, -5e-06, 0.293527, 0.0, -0.955951, 0.000946, 0.0, 1.0, 0.0, -0.021403, 0.0, 0.0, 0.0, 1.0], [0.955951, 0.0, 0.293527, -5e-06, 0.293527, 0.0, -0.955951, 0.000946, 0.0, 1.0, 0.0, -0.021403, 0.0, 0.0, 0.0, 1.0], [0.955951, 0.0, 0.293527, -5e-06, 0.293527, 0.0, -0.955951, 0.000946, 0.0, 1.0, 0.0, -0.021403, 0.0, 0.0, 0.0, 1.0], [0.955951, 0.0, 0.293527, -5e-06, 0.293527, 0.0, -0.955951, 0.000946, 0.0, 1.0, 0.0, -0.021403, 0.0, 0.0, 0.0, 1.0], [0.955951, 0.0, 0.293527, -5e-06, 0.293527, 0.0, -0.955951, 0.000946, 0.0, 1.0, 0.0, -0.021403, 0.0, 0.0, 0.0, 1.0], [0.955951, 0.0, 0.293527, -5e-06, 0.293527, 0.0, -0.955951, 0.000946, 0.0, 1.0, 0.0, -0.021403, 0.0, 0.0, 0.0, 1.0], [0.955951, 0.0, 0.293527, -5e-06, 0.293527, 0.0, -0.955951, 0.000946, 0.0, 1.0, 0.0, -0.021403, 0.0, 0.0, 0.0, 1.0], [0.955951, 0.0, 0.293527, -5e-06, 0.293527, 0.0, -0.955951, 0.000946, 0.0, 1.0, 0.0, -0.021403, 0.0, 0.0, 0.0, 1.0]]}, {"name": "Thigh_R", "time": [0.0, 0.0083, 0.0167, 0.025, 0.0333, 0.0417, 0.05, 0.0583, 0.0667, 0.075, 0.0833, 0.0917, 0.1, 0.1083, 0.1167, 0.125, 0.1333, 0.1417, 0.15, 0.1583, 0.1667, 0.175, 0.1833, 0.1917, 0.2, 0.2083, 0.2167, 0.225, 0.2333, 0.2417, 0.25, 0.2583, 0.2667, 0.275, 0.2833, 0.2917, 0.3, 0.3083, 0.3167, 0.325, 0.3333, 0.3417, 0.35, 0.3583, 0.3667, 0.375, 0.3833, 0.3917, 0.4, 0.4083, 0.4167, 0.425, 0.4333, 0.4417, 0.45, 0.4583, 0.4667, 0.475, 0.4833, 0.4917, 0.5, 0.5083, 0.5167, 0.525, 0.5333, 0.5417, 0.55, 0.5583, 0.5667, 0.575, 0.5833, 0.5917, 0.6, 0.6083, 0.6167, 0.625, 0.6333, 0.6417, 0.65, 0.6583, 0.6667, 0.675, 0.6833, 0.6917, 0.7, 0.7083, 0.7167, 0.725, 0.7333, 0.7417, 0.75, 0.7583, 0.7667, 0.775, 0.7833, 0.7917, 0.8, 0.8083, 0.8167, 0.825, 0.8333, 0.8417, 0.85, 0.8583, 0.8667, 0.875, 0.8833, 0.8917, 0.9, 0.9083, 0.9167, 0.925, 0.9333, 0.9417, 0.95, 0.9583, 0.9667, 0.975, 0.9833, 0.9917, 1.0, 1.0083, 1.0167, 1.025, 1.0333, 1.0417, 1.05, 1.0583, 1.0667, 1.075, 1.0833, 1.0917, 1.1, 1.1083, 1.1167, 1.125, 1.1333, 1.1417, 1.15, 1.1583, 1.1667, 1.175, 1.1833, 1.1917, 1.2, 1.2083, 1.2167, 1.225, 1.2333, 1.2417, 1.25, 1.2583, 1.2667, 1.275, 1.2833, 1.2917, 1.3, 1.3083, 1.3167, 1.325, 1.3333, 1.3417, 1.35, 1.3583, 1.3667, 1.375, 1.3833, 1.3917, 1.4, 1.4083, 1.4167, 1.425, 1.4333, 1.4417, 1.45, 1.4583, 1.4667, 1.475, 1.4833, 1.4917, 1.5, 1.5083, 1.5167, 1.525, 1.5333, 1.5417, 1.55, 1.5583, 1.5667, 1.575, 1.5833, 1.5917, 1.6, 1.6083, 1.6167, 1.625, 1.6333, 1.6417, 1.65, 1.6583, 1.6667], "transform": [[0.484732, 0.516963, 0.705538, 0.085302, 0.217233, -0.852522, 0.475413, 0.717303, 0.847257, -0.077182, -0.525546, 0.088733, 0.0, 0.0, 0.0, 1.0], [0.485343, 0.5179, 0.704429, 0.085382, 0.217969, -0.851918, 0.476157, 0.717036, 0.846718, -0.077556, -0.526359, 0.088649, 0.0, 0.0, 0.0, 1.0], [0.487146, 0.520609, 0.701181, 0.085618, 0.220137, -0.850166, 0.478286, 0.716252, 0.84512, -0.078639, -0.52876, 0.088403, 0.0, 0.0, 0.0, 1.0], [0.490096, 0.524849, 0.695945, 0.08601, 0.22367, -0.847395, 0.481553, 0.714971, 0.842483, -0.080345, -0.532698, 0.087997, 0.0, 0.0, 0.0, 1.0], [0.494155, 0.530319, 0.688893, 0.086559, 0.228499, -0.843769, 0.485637, 0.713218, 0.838808, -0.082569, -0.53813, 0.087434, 0.0, 0.0, 0.0, 1.0], [0.499285, 0.536681, 0.680212, 0.087269, 0.234549, -0.839474, 0.490175, 0.711013, 0.834087, -0.085193, -0.545014, 0.086713, 0.0, 0.0, 0.0, 1.0], [0.505448, 0.543597, 0.670092, 0.088146, 0.241741, -0.834709, 0.494794, 0.708379, 0.828301, -0.088105, -0.553312, 0.08583, 0.0, 0.0, 0.0, 1.0], [0.512611, 0.550743, 0.658721, 0.089198, 0.249989, -0.829679, 0.499138, 0.705339, 0.821423, -0.091191, -0.562982, 0.084782, 0.0, 0.0, 0.0, 1.0], [0.520735, 0.557814, 0.64628, 0.090432, 0.2592, -0.824587, 0.502865, 0.701915, 0.813419, -0.094344, -0.573976, 0.083562, 0.0, 0.0, 0.0, 1.0], [0.529783, 0.564544, 0.632945, 0.091858, 0.269276, -0.81963, 0.505666, 0.698129, 0.804252, -0.097456, -0.586244, 0.082158, 0.0, 0.0, 0.0, 1.0], [0.539715, 0.570696, 0.618882, 0.093485, 0.280109, -0.814998, 0.507264, 0.694001, 0.793881, -0.100424, -0.599723, 0.080558, 0.0, 0.0, 0.0, 1.0], [0.550488, 0.576058, 0.604251, 0.095318, 0.291584, -0.810876, 0.507403, 0.689552, 0.782268, -0.103129, -0.614346, 0.078746, 0.0, 0.0, 0.0, 1.0], [0.562055, 0.580456, 0.589208, 0.097364, 0.303575, -0.807435, 0.505857, 0.684802, 0.769374, -0.105451, -0.630035, 0.076703, 0.0, 0.0, 0.0, 1.0], [0.574367, 0.583734, 0.573897, 0.099625, 0.315951, -0.804831, 0.502417, 0.679769, 0.755168, -0.107248, -0.646699, 0.074408, 0.0, 0.0, 0.0, 1.0], [0.587369, 0.58576, 0.558464, 0.102098, 0.328569, -0.803208, 0.49689, 0.674468, 0.739621, -0.108364, -0.664242, 0.071836, 0.0, 0.0, 0.0, 1.0], [0.601007, 0.586429, 0.543039, 0.104778, 0.341282, -0.802683, 0.489107, 0.668917, 0.722715, -0.108627, -0.682556, 0.068962, 0.0, 0.0, 0.0, 1.0], [0.615218, 0.585654, 0.527746, 0.107652, 0.353933, -0.803355, 0.478908, 0.663128, 0.704442, -0.107846, -0.70152, 0.065758, 0.0, 0.0, 0.0, 1.0], [0.629939, 0.583369, 0.512696, 0.1107, 0.366361, -0.805285, 0.46615, 0.657116, 0.684804, -0.105814, -0.721004, 0.062199, 0.0, 0.0, 0.0, 1.0], [0.645102, 0.579531, 0.497983, 0.113895, 0.378401, -0.808502, 0.450707, 0.650891, 0.663819, -0.102315, -0.740861, 0.058259, 0.0, 0.0, 0.0, 1.0], [0.660637, 0.574117, 0.483682, 0.117203, 0.389883, -0.812992, 0.432476, 0.644463, 0.641521, -0.09713, -0.760931, 0.05392, 0.0, 0.0, 0.0, 1.0], [0.67647, 0.567126, 0.469847, 0.120583, 0.400639, -0.818694, 0.411373, 0.637844, 0.617962, -0.090043, -0.781035, 0.049165, 0.0, 0.0, 0.0, 1.0], [0.692523, 0.558582, 0.456506, 0.123985, 0.410501, -0.825499, 0.387351, 0.631043, 0.593213, -0.080854, -0.800975, 0.043987, 0.0, 0.0, 0.0, 1.0], [0.708713, 0.548532, 0.443663, 0.127359, 0.419306, -0.833246, 0.360395, 0.624071, 0.567369, -0.069386, -0.820535, 0.03839, 0.0, 0.0, 0.0, 1.0], [0.724956, 0.537048, 0.431298, 0.130647, 0.426903, -0.841724, 0.330537, 0.616941, 0.540548, -0.055502, -0.83948, 0.032387, 0.0, 0.0, 0.0, 1.0], [0.741161, 0.524226, 0.419365, 0.133793, 0.433153, -0.85068, 0.297862, 0.609667, 0.512893, -0.039115, -0.857561, 0.026002, 0.0, 0.0, 0.0, 1.0], [0.757237, 0.510186, 0.407801, 0.136745, 0.437934, -0.859827, 0.26251, 0.602266, 0.484567, -0.020192, -0.874521, 0.019272, 0.0, 0.0, 0.0, 1.0], [0.773092, 0.495068, 0.39653, 0.139453, 0.441151, -0.868854, 0.224676, 0.594759, 0.455757, 0.001234, -0.890104, 0.012244, 0.0, 0.0, 0.0, 1.0], [0.788634, 0.479031, 0.385468, 0.141876, 0.442736, -0.87744, 0.184618, 0.587168, 0.426663, 0.025064, -0.904063, 0.004975, 0.0, 0.0, 0.0, 1.0], [0.803775, 0.462248, 0.37453, 0.143984, 0.442652, -0.885275, 0.142642, 0.579521, 0.397498, 0.051133, -0.916177, -0.002472, 0.0, 0.0, 0.0, 1.0], [0.818433, 0.444901, 0.363635, 0.145754, 0.440899, -0.892069, 0.099101, 0.571847, 0.368478, 0.079219, -0.926255, -0.010027, 0.0, 0.0, 0.0, 1.0], [0.832533, 0.427176, 0.352718, 0.147179, 0.437508, -0.89757, 0.054378, 0.56418, 0.339817, 0.109045, -0.934148, -0.017622, 0.0, 0.0, 0.0, 1.0], [0.846009, 0.409258, 0.341727, 0.14826, 0.432549, -0.901568, 0.008878, 0.556554, 0.311723, 0.140302, -0.939758, -0.025186, 0.0, 0.0, 0.0, 1.0], [0.858805, 0.391328, 0.330629, 0.149009, 0.42612, -0.903911, -0.036984, 0.549006, 0.284386, 0.172649, -0.943036, -0.032654, 0.0, 0.0, 0.0, 1.0], [0.870878, 0.373559, 0.319414, 0.149446, 0.41835, -0.904504, -0.082797, 0.541573, 0.257982, 0.205733, -0.943991, -0.039965, 0.0, 0.0, 0.0, 1.0], [0.882192, 0.356111, 0.308093, 0.149599, 0.409395, -0.90331, -0.128163, 0.534292, 0.232664, 0.239196, -0.942683, -0.047062, 0.0, 0.0, 0.0, 1.0], [0.892724, 0.339136, 0.296701, 0.1495, 0.399432, -0.900349, -0.172704, 0.527202, 0.208564, 0.272689, -0.939224, -0.053899, 0.0, 0.0, 0.0, 1.0], [0.902459, 0.322766, 0.28529, 0.149186, 0.388651, -0.895691, -0.21607, 0.52034, 0.185791, 0.305873, -0.933769, -0.060434, 0.0, 0.0, 0.0, 1.0], [0.911392, 0.307124, 0.273931, 0.148693, 0.377261, -0.889462, -0.257937, 0.51374, 0.164432, 0.338425, -0.926515, -0.066631, 0.0, 0.0, 0.0, 1.0], [0.919529, 0.292316, 0.262711, 0.14806, 0.365473, -0.881827, -0.298011, 0.50744, 0.144552, 0.370044, -0.917699, -0.072462, 0.0, 0.0, 0.0, 1.0], [0.926879, 0.278433, 0.251733, 0.147325, 0.353508, -0.872994, -0.336026, 0.501471, 0.126201, 0.400445, -0.907588, -0.077905, 0.0, 0.0, 0.0, 1.0], [0.933461, 0.265552, 0.241108, 0.146522, 0.341585, -0.863208, -0.371743, 0.495868, 0.109409, 0.429366, -0.896479, -0.082939, 0.0, 0.0, 0.0, 1.0], [0.939296, 0.253739, 0.230952, 0.145684, 0.329925, -0.852744, -0.404942, 0.490661, 0.094193, 0.456558, -0.884694, -0.08755, 0.0, 0.0, 0.0, 1.0], [0.944412, 0.243044, 0.221392, 0.144843, 0.318739, -0.84191, -0.435424, 0.485882, 0.080564, 0.481786, -0.872578, -0.091725, 0.0, 0.0, 0.0, 1.0], [0.948839, 0.23351, 0.212548, 0.144027, 0.308235, -0.831038, -0.462997, 0.48156, 0.068522, 0.504824, -0.860498, -0.095452, 0.0, 0.0, 0.0, 1.0], [0.952607, 0.225168, 0.204544, 0.143261, 0.29861, -0.820485, -0.48748, 0.477724, 0.058061, 0.525456, -0.848837, -0.098722, 0.0, 0.0, 0.0, 1.0], [0.955746, 0.218043, 0.1975, 0.142568, 0.290053, -0.810617, -0.508693, 0.474403, 0.04918, 0.543467, -0.837988, -0.101524, 0.0, 0.0, 0.0, 1.0], [0.958283, 0.212158, 0.191527, 0.141967, 0.282736, -0.801811, -0.52646, 0.471624, 0.041876, 0.558649, -0.828347, -0.103847, 0.0, 0.0, 0.0, 1.0], [0.960242, 0.20753, 0.186728, 0.141478, 0.27682, -0.794433, -0.540598, 0.469415, 0.036153, 0.570795, -0.820297, -0.10568, 0.0, 0.0, 0.0, 1.0], [0.961637, 0.204184, 0.183201, 0.141114, 0.272449, -0.788833, -0.550922, 0.467803, 0.032025, 0.5797, -0.8142, -0.107009, 0.0, 0.0, 0.0, 1.0], [0.962478, 0.202148, 0.18103, 0.140888, 0.269749, -0.785307, -0.557251, 0.466817, 0.029517, 0.585174, -0.81037, -0.10782, 0.0, 0.0, 0.0, 1.0], [0.962762, 0.201459, 0.180291, 0.140811, 0.268828, -0.784094, -0.5594, 0.466482, 0.028669, 0.587036, -0.809053, -0.108095, 0.0, 0.0, 0.0, 1.0], [0.962761, 0.201459, 0.180291, 0.140811, 0.268828, -0.784094, -0.559399, 0.466482, 0.028669, 0.587036, -0.809053, -0.108095, 0.0, 0.0, 0.0, 1.0], [0.962762, 0.201459, 0.180291, 0.140811, 0.268828, -0.784094, -0.5594, 0.466482, 0.028669, 0.587036, -0.809053, -0.108095, 0.0, 0.0, 0.0, 1.0], [0.962762, 0.201459, 0.180291, 0.140811, 0.268828, -0.784094, -0.5594, 0.466482, 0.028669, 0.587036, -0.809053, -0.108095, 0.0, 0.0, 0.0, 1.0], [0.962762, 0.201459, 0.180291, 0.140811, 0.268828, -0.784094, -0.5594, 0.466482, 0.028669, 0.587036, -0.809053, -0.108095, 0.0, 0.0, 0.0, 1.0], [0.962762, 0.201459, 0.180291, 0.140811, 0.268828, -0.784094, -0.5594, 0.466482, 0.028669, 0.587036, -0.809053, -0.108095, 0.0, 0.0, 0.0, 1.0], [0.962762, 0.201459, 0.180291, 0.140811, 0.268828, -0.784094, -0.5594, 0.466482, 0.028669, 0.587036, -0.809053, -0.108095, 0.0, 0.0, 0.0, 1.0], [0.962762, 0.201459, 0.180291, 0.140811, 0.268828, -0.784094, -0.5594, 0.466482, 0.028669, 0.587036, -0.809053, -0.108095, 0.0, 0.0, 0.0, 1.0], [0.962762, 0.201459, 0.180291, 0.140811, 0.268828, -0.784094, -0.5594, 0.466482, 0.028669, 0.587036, -0.809054, -0.108095, 0.0, 0.0, 0.0, 1.0], [0.962762, 0.201459, 0.180291, 0.140811, 0.268828, -0.784094, -0.5594, 0.466482, 0.028669, 0.587036, -0.809053, -0.108095, 0.0, 0.0, 0.0, 1.0], [0.962762, 0.201459, 0.180291, 0.140811, 0.268828, -0.784094, -0.5594, 0.466482, 0.028669, 0.587036, -0.809053, -0.108095, 0.0, 0.0, 0.0, 1.0], [0.962762, 0.201459, 0.180291, 0.140811, 0.268828, -0.784094, -0.5594, 0.466482, 0.028669, 0.587036, -0.809053, -0.108095, 0.0, 0.0, 0.0, 1.0], [0.962762, 0.201459, 0.180291, 0.140811, 0.268828, -0.784094, -0.5594, 0.466482, 0.028669, 0.587036, -0.809053, -0.108095, 0.0, 0.0, 0.0, 1.0], [0.962762, 0.201459, 0.180291, 0.140811, 0.268828, -0.784094, -0.5594, 0.466482, 0.028669, 0.587036, -0.809053, -0.108095, 0.0, 0.0, 0.0, 1.0], [0.962762, 0.201459, 0.180291, 0.140811, 0.268828, -0.784094, -0.5594, 0.466482, 0.028669, 0.587036, -0.809054, -0.108095, 0.0, 0.0, 0.0, 1.0], [0.962762, 0.201459, 0.180291, 0.140811, 0.268828, -0.784094, -0.5594, 0.466482, 0.028669, 0.587036, -0.809053, -0.108095, 0.0, 0.0, 0.0, 1.0], [0.962762, 0.201459, 0.180291, 0.140811, 0.268828, -0.784094, -0.5594, 0.466482, 0.028669, 0.587036, -0.809053, -0.108095, 0.0, 0.0, 0.0, 1.0], [0.962762, 0.201459, 0.180291, 0.140811, 0.268828, -0.784094, -0.5594, 0.466482, 0.028669, 0.587036, -0.809053, -0.108095, 0.0, 0.0, 0.0, 1.0], [0.962762, 0.201459, 0.180291, 0.140811, 0.268828, -0.784094, -0.5594, 0.466482, 0.028669, 0.587036, -0.809053, -0.108095, 0.0, 0.0, 0.0, 1.0], [0.962762, 0.201459, 0.180291, 0.140811, 0.268828, -0.784094, -0.5594, 0.466482, 0.028669, 0.587036, -0.809053, -0.108095, 0.0, 0.0, 0.0, 1.0], [0.962762, 0.201459, 0.180291, 0.140811, 0.268828, -0.784094, -0.5594, 0.466482, 0.028669, 0.587036, -0.809054, -0.108095, 0.0, 0.0, 0.0, 1.0], [0.962762, 0.201459, 0.180291, 0.140811, 0.268828, -0.784094, -0.5594, 0.466482, 0.028669, 0.587036, -0.809053, -0.108095, 0.0, 0.0, 0.0, 1.0], [0.962762, 0.201459, 0.180291, 0.140811, 0.268828, -0.784094, -0.5594, 0.466482, 0.028669, 0.587036, -0.809053, -0.108095, 0.0, 0.0, 0.0, 1.0], [0.962762, 0.201459, 0.180291, 0.140811, 0.268828, -0.784094, -0.5594, 0.466482, 0.028669, 0.587036, -0.809053, -0.108095, 0.0, 0.0, 0.0, 1.0], [0.962762, 0.201459, 0.180291, 0.140811, 0.268828, -0.784094, -0.5594, 0.466482, 0.028669, 0.587036, -0.809053, -0.108095, 0.0, 0.0, 0.0, 1.0], [0.962762, 0.201459, 0.180291, 0.140811, 0.268828, -0.784094, -0.5594, 0.466482, 0.028669, 0.587036, -0.809053, -0.108095, 0.0, 0.0, 0.0, 1.0], [0.962762, 0.201459, 0.180291, 0.140811, 0.268828, -0.784094, -0.5594, 0.466482, 0.028669, 0.587036, -0.809054, -0.108095, 0.0, 0.0, 0.0, 1.0], [0.962762, 0.201459, 0.180291, 0.140811, 0.268828, -0.784094, -0.5594, 0.466482, 0.028669, 0.587036, -0.809053, -0.108095, 0.0, 0.0, 0.0, 1.0], [0.962762, 0.201459, 0.180291, 0.140811, 0.268828, -0.784094, -0.5594, 0.466482, 0.028669, 0.587036, -0.809053, -0.108095, 0.0, 0.0, 0.0, 1.0], [0.962762, 0.201459, 0.180291, 0.140811, 0.268828, -0.784094, -0.5594, 0.466482, 0.028669, 0.587036, -0.809053, -0.108095, 0.0, 0.0, 0.0, 1.0], [0.962762, 0.201459, 0.180291, 0.140811, 0.268828, -0.784094, -0.5594, 0.466482, 0.028669, 0.587036, -0.809053, -0.108095, 0.0, 0.0, 0.0, 1.0], [0.962762, 0.201459, 0.180291, 0.140811, 0.268828, -0.784094, -0.5594, 0.466482, 0.028669, 0.587036, -0.809053, -0.108095, 0.0, 0.0, 0.0, 1.0], [0.962762, 0.201459, 0.180291, 0.140811, 0.268828, -0.784094, -0.5594, 0.466482, 0.028669, 0.587036, -0.809054, -0.108095, 0.0, 0.0, 0.0, 1.0], [0.962762, 0.201459, 0.180291, 0.140811, 0.268828, -0.784094, -0.5594, 0.466482, 0.028669, 0.587036, -0.809053, -0.108095, 0.0, 0.0, 0.0, 1.0], [0.962762, 0.201459, 0.180291, 0.140811, 0.268828, -0.784094, -0.5594, 0.466482, 0.028669, 0.587036, -0.809053, -0.108095, 0.0, 0.0, 0.0, 1.0], [0.962762, 0.201459, 0.180291, 0.140811, 0.268828, -0.784094, -0.5594, 0.466482, 0.028669, 0.587036, -0.809053, -0.108095, 0.0, 0.0, 0.0, 1.0], [0.962762, 0.201459, 0.180291, 0.140811, 0.268828, -0.784094, -0.5594, 0.466482, 0.028669, 0.587036, -0.809053, -0.108095, 0.0, 0.0, 0.0, 1.0], [0.962762, 0.201459, 0.180291, 0.140811, 0.268828, -0.784094, -0.5594, 0.466482, 0.028669, 0.587036, -0.809053, -0.108095, 0.0, 0.0, 0.0, 1.0], [0.962762, 0.201459, 0.180291, 0.140811, 0.268828, -0.784094, -0.5594, 0.466482, 0.028669, 0.587036, -0.809054, -0.108095, 0.0, 0.0, 0.0, 1.0], [0.962762, 0.201459, 0.180291, 0.140811, 0.268828, -0.784094, -0.5594, 0.466482, 0.028669, 0.587036, -0.809053, -0.108095, 0.0, 0.0, 0.0, 1.0], [0.962762, 0.201459, 0.180291, 0.140811, 0.268828, -0.784094, -0.5594, 0.466482, 0.028669, 0.587036, -0.809053, -0.108095, 0.0, 0.0, 0.0, 1.0], [0.962762, 0.201459, 0.180291, 0.140811, 0.268828, -0.784094, -0.5594, 0.466482, 0.028669, 0.587036, -0.809053, -0.108095, 0.0, 0.0, 0.0, 1.0], [0.962762, 0.201459, 0.180291, 0.140811, 0.268828, -0.784094, -0.5594, 0.466482, 0.028669, 0.587036, -0.809053, -0.108095, 0.0, 0.0, 0.0, 1.0], [0.