{"animation": [{"name": "Root", "time": [0.0, 0.0083, 0.0167, 0.025, 0.0333, 0.0417, 0.05, 0.0583, 0.0667, 0.075, 0.0833, 0.0917, 0.1, 0.1083, 0.1167, 0.125, 0.1333, 0.1417, 0.15, 0.1583, 0.1667, 0.175, 0.1833, 0.1917, 0.2, 0.2083, 0.2167, 0.225, 0.2333, 0.2417, 0.25, 0.2583, 0.2667, 0.275, 0.2833, 0.2917, 0.3, 0.3083, 0.3167, 0.325, 0.3333, 0.3417, 0.35, 0.3583, 0.3667, 0.375, 0.3833, 0.3917, 0.4, 0.4083, 0.4167, 0.425, 0.4333, 0.4417, 0.45, 0.4583, 0.4667, 0.475, 0.4833, 0.4917, 0.5, 0.5083, 0.5167, 0.525, 0.5333, 0.5417, 0.55, 0.5583, 0.5667, 0.575, 0.5833, 0.5917, 0.6, 0.6083, 0.6167, 0.625, 0.6333, 0.6417, 0.65, 0.6583, 0.6667, 0.675, 0.6833, 0.6917, 0.7, 0.7083, 0.7167, 0.725, 0.7333, 0.7417, 0.75, 0.7583, 0.7667, 0.775, 0.7833, 0.7917, 0.8, 0.8083, 0.8167, 0.825, 0.8333, 0.8417, 0.85, 0.8583, 0.8667, 0.875, 0.8833, 0.8917, 0.9, 0.9083, 0.9167, 0.925, 0.9333, 0.9417, 0.95, 0.9583, 0.9667, 0.975, 0.9833, 0.9917, 1.0, 1.0083, 1.0167, 1.025, 1.0333, 1.0417, 1.05, 1.0583, 1.0667, 1.075, 1.0833, 1.0917, 1.1, 1.1083, 1.1167, 1.125, 1.1333, 1.1417, 1.15, 1.1583, 1.1667, 1.175, 1.1833, 1.1917, 1.2, 1.2083, 1.2167, 1.225, 1.2333, 1.2417, 1.25, 1.2583, 1.2667, 1.275, 1.2833, 1.2917, 1.3, 1.3083, 1.3167, 1.325, 1.3333, 1.3417, 1.35, 1.3583, 1.3667, 1.375, 1.3833, 1.3917, 1.4, 1.4083, 1.4167, 1.425, 1.4333, 1.4417, 1.45, 1.4583, 1.4667, 1.475, 1.4833, 1.4917, 1.5, 1.5083, 1.5167, 1.525, 1.5333, 1.5417, 1.55, 1.5583, 1.5667, 1.575, 1.5833, 1.5917, 1.6, 1.6083, 1.6167, 1.625, 1.6333, 1.6417, 1.65, 1.6583, 1.6667, 1.675, 1.6833, 1.6917, 1.7, 1.7083, 1.7167, 1.725, 1.7333, 1.7417, 1.75, 1.7583, 1.7667, 1.775, 1.7833, 1.7917, 1.8, 1.8083, 1.8167, 1.825, 1.8333, 1.8417, 1.85, 1.8583, 1.8667, 1.875, 1.8833, 1.8917, 1.9, 1.9083, 1.9167, 1.925, 1.9333, 1.9417, 1.95, 1.9583, 1.9667, 1.975, 1.9833, 1.9917, 2.0, 2.0083, 2.0167, 2.025, 2.0333, 2.0417, 2.05, 2.0583, 2.0667, 2.075, 2.0833, 2.0917, 2.1, 2.1083, 2.1167, 2.125, 2.1333, 2.1417, 2.15, 2.1583, 2.1667, 2.175, 2.1833, 2.1917, 2.2, 2.2083, 2.2167, 2.225, 2.2333, 2.2417, 2.25, 2.2583, 2.2667, 2.275, 2.2833, 2.2917, 2.3, 2.3083, 2.3167, 2.325, 2.3333, 2.3417, 2.35, 2.3583, 2.3667, 2.375, 2.3833, 2.3917, 2.4, 2.4083, 2.4167, 2.425, 2.4333, 2.4417, 2.45, 2.4583, 2.4667, 2.475, 2.4833, 2.4917, 2.5, 2.5083, 2.5167, 2.525, 2.5333, 2.5417, 2.55, 2.5583, 2.5667, 2.575, 2.5833, 2.5917, 2.6, 2.6083, 2.6167, 2.625, 2.6333, 2.6417, 2.65, 2.6583, 2.6667, 2.675, 2.6833, 2.6917, 2.7, 2.7083, 2.7167, 2.725, 2.7333, 2.7417, 2.75, 2.7583, 2.7667, 2.775, 2.7833, 2.7917, 2.8, 2.8083, 2.8167, 2.825, 2.8333, 2.8417, 2.85, 2.8583, 2.8667, 2.875, 2.8833, 2.8917, 2.9, 2.9083, 2.9167, 2.925, 2.9333, 2.9417, 2.95, 2.9583, 2.9667, 2.975, 2.9833, 2.9917, 3.0, 3.0083, 3.0167, 3.025, 3.0333, 3.0417, 3.05, 3.0583, 3.0667, 3.075, 3.0833, 3.0917, 3.1, 3.1083, 3.1167, 3.125, 3.1333, 3.1417, 3.15, 3.1583, 3.1667, 3.175, 3.1833, 3.1917, 3.2, 3.2083, 3.2167, 3.225, 3.2333, 3.2417, 3.25, 3.2583, 3.2667, 3.275, 3.2833, 3.2917, 3.3, 3.3083, 3.3167, 3.325, 3.3333, 3.3417, 3.35, 3.3583, 3.3667, 3.375, 3.3833, 3.3917, 3.4, 3.4083, 3.4167, 3.425, 3.4333, 3.4417, 3.45, 3.4583, 3.4667, 3.475, 3.4833, 3.4917, 3.5, 3.5083, 3.5167, 3.525, 3.5333, 3.5417, 3.55, 3.5583, 3.5667, 3.575, 3.5833, 3.5917, 3.6, 3.6083, 3.6167, 3.625, 3.6333, 3.6417, 3.65, 3.6583, 3.6667, 3.675, 3.6833, 3.6917, 3.7, 3.7083, 3.7167, 3.725, 3.7333, 3.7417, 3.75, 3.7583, 3.7667, 3.775, 3.7833, 3.7917, 3.8, 3.8083, 3.8167, 3.825, 3.8333, 3.8417, 3.85, 3.8583, 3.8667, 3.875, 3.8833, 3.8917, 3.9, 3.9083, 3.9167, 3.925, 3.9333, 3.9417, 3.95, 3.9583, 3.9667, 3.975, 3.9833, 3.9917, 4.0, 4.0083, 4.0167, 4.025, 4.0333, 4.0417, 4.05, 4.0583, 4.0667, 4.075, 4.0833, 4.0917, 4.1, 4.1083, 4.1167, 4.125, 4.1333, 4.1417, 4.15, 4.1583, 4.1667], "transform": [[0.976601, 0.0, 0.21506, -5e-06, 0.21506, 0.0, -0.976601, 0.011782, 0.0, 1.0, 0.0, -0.021403, 0.0, 0.0, 0.0, 1.0], [0.976589, 0.0, 0.215111, -5e-06, 0.215111, 0.0, -0.976589, 0.014146, 0.0, 1.0, 0.0, -0.021403, 0.0, 0.0, 0.0, 1.0], [0.976556, 0.0, 0.215262, -5e-06, 0.215262, 0.0, -0.976556, 0.021147, 0.0, 1.0, 0.0, -0.021403, 0.0, 0.0, 0.0, 1.0], [0.976501, 0.0, 0.21551, -5e-06, 0.21551, 0.0, -0.976501, 0.032643, 0.0, 1.0, 0.0, -0.021403, 0.0, 0.0, 0.0, 1.0], [0.976426, 0.0, 0.215852, -5e-06, 0.215852, 0.0, -0.976426, 0.048494, 0.0, 1.0, 0.0, -0.021403, 0.0, 0.0, 0.0, 1.0], [0.97633, 0.0, 0.216285, -5e-06, 0.216285, 0.0, -0.97633, 0.068559, 0.0, 1.0, 0.0, -0.021403, 0.0, 0.0, 0.0, 1.0], [0.976215, 0.0, 0.216806, -5e-06, 0.216806, 0.0, -0.976215, 0.092699, 0.0, 1.0, 0.0, -0.021403, 0.0, 0.0, 0.0, 1.0], [0.97608, 0.0, 0.217411, -5e-06, 0.217411, 0.0, -0.97608, 0.120771, 0.0, 1.0, 0.0, -0.021403, 0.0, 0.0, 0.0, 1.0], [0.975927, 0.0, 0.218098, -5e-06, 0.218098, 0.0, -0.975927, 0.152637, 0.0, 1.0, 0.0, -0.021403, 0.0, 0.0, 0.0, 1.0], [0.975755, 0.0, 0.218864, -5e-06, 0.218864, 0.0, -0.975755, 0.188155, 0.0, 1.0, 0.0, -0.021403, 0.0, 0.0, 0.0, 1.0], [0.975566, 0.0, 0.219705, -5e-06, 0.219705, 0.0, -0.975566, 0.227185, 0.0, 1.0, 0.0, -0.021403, 0.0, 0.0, 0.0, 1.0], [0.97536, 0.0, 0.220618, -5e-06, 0.220618, 0.0, -0.97536, 0.269587, 0.0, 1.0, 0.0, -0.021403, 0.0, 0.0, 0.0, 1.0], [0.975137, 0.0, 0.221601, -5e-06, 0.221601, 0.0, -0.975137, 0.31522, 0.0, 1.0, 0.0, -0.021403, 0.0, 0.0, 0.0, 1.0], [0.974898, 0.0, 0.22265, -5e-06, 0.22265, 0.0, -0.974898, 0.363943, 0.0, 1.0, 0.0, -0.021403, 0.0, 0.0, 0.0, 1.0], [0.974644, 0.0, 0.223763, -5e-06, 0.223763, 0.0, -0.974644, 0.415617, 0.0, 1.0, 0.0, -0.021403, 0.0, 0.0, 0.0, 1.0], [0.974374, 0.0, 0.224935, -5e-06, 0.224935, 0.0, -0.974374, 0.4701, 0.0, 1.0, 0.0, -0.021403, 0.0, 0.0, 0.0, 1.0], [0.974089, 0.0, 0.226165, -5e-06, 0.226165, 0.0, -0.974089, 0.527252, 0.0, 1.0, 0.0, -0.021403, 0.0, 0.0, 0.0, 1.0], [0.97379, 0.0, 0.227448, -5e-06, 0.227448, 0.0, -0.97379, 0.586933, 0.0, 1.0, 0.0, -0.021403, 0.0, 0.0, 0.0, 1.0], [0.973477, 0.0, 0.228783, -5e-06, 0.228783, 0.0, -0.973477, 0.649002, 0.0, 1.0, 0.0, -0.021403, 0.0, 0.0, 0.0, 1.0], [0.973152, 0.0, 0.230165, -5e-06, 0.230165, 0.0, -0.973152, 0.713319, 0.0, 1.0, 0.0, -0.021403, 0.0, 0.0, 0.0, 1.0], [0.972813, 0.0, 0.231592, -5e-06, 0.231592, 0.0, -0.972813, 0.779743, 0.0, 1.0, 0.0, -0.021403, 0.0, 0.0, 0.0, 1.0], [0.972462, 0.0, 0.23306, -5e-06, 0.23306, 0.0, -0.972462, 0.848134, 0.0, 1.0, 0.0, -0.021403, 0.0, 0.0, 0.0, 1.0], [0.9721, 0.0, 0.234567, -5e-06, 0.234567, 0.0, -0.9721, 0.918351, 0.0, 1.0, 0.0, -0.021403, 0.0, 0.0, 0.0, 1.0], [0.971726, 0.0, 0.23611, -5e-06, 0.23611, 0.0, -0.971726, 0.990253, 0.0, 1.0, 0.0, -0.021403, 0.0, 0.0, 0.0, 1.0], [0.971342, 0.0, 0.237685, -5e-06, 0.237685, 0.0, -0.971342, 1.063701, 0.0, 1.0, 0.0, -0.021403, 0.0, 0.0, 0.0, 1.0], [0.970948, 0.0, 0.239289, -5e-06, 0.239289, 0.0, -0.970948, 1.138554, 0.0, 1.0, 0.0, -0.021403, 0.0, 0.0, 0.0, 1.0], [0.970545, 0.0, 0.24092, -5e-06, 0.24092, 0.0, -0.970545, 1.214671, 0.0, 1.0, 0.0, -0.021403, 0.0, 0.0, 0.0, 1.0], [0.970133, 0.0, 0.242574, -5e-06, 0.242574, 0.0, -0.970133, 1.291912, 0.0, 1.0, 0.0, -0.021403, 0.0, 0.0, 0.0, 1.0], [0.969713, 0.0, 0.244248, -5e-06, 0.244248, 0.0, -0.969713, 1.370137, 0.0, 1.0, 0.0, -0.021403, 0.0, 0.0, 0.0, 1.0], [0.969285, 0.0, 0.245939, -5e-06, 0.245939, 0.0, -0.969285, 1.449204, 0.0, 1.0, 0.0, -0.021403, 0.0, 0.0, 0.0, 1.0], [0.968851, 0.0, 0.247644, -5e-06, 0.247644, 0.0, -0.968851, 1.528973, 0.0, 1.0, 0.0, -0.021403, 0.0, 0.0, 0.0, 1.0], [0.968411, 0.0, 0.249361, -5e-06, 0.249361, 0.0, -0.968411, 1.609305, 0.0, 1.0, 0.0, -0.021403, 0.0, 0.0, 0.0, 1.0], [0.967965, 0.0, 0.251085, -5e-06, 0.251085, 0.0, -0.967965, 1.690058, 0.0, 1.0, 0.0, -0.021403, 0.0, 0.0, 0.0, 1.0], [0.967515, 0.0, 0.252815, -5e-06, 0.252815, 0.0, -0.967515, 1.771092, 0.0, 1.0, 0.0, -0.021403, 0.0, 0.0, 0.0, 1.0], [0.967061, 0.0, 0.254546, -5e-06, 0.254546, 0.0, -0.967061, 1.852267, 0.0, 1.0, 0.0, -0.021403, 0.0, 0.0, 0.0, 1.0], [0.966603, 0.0, 0.256277, -5e-06, 0.256277, 0.0, -0.966603, 1.933441, 0.0, 1.0, 0.0, -0.021403, 0.0, 0.0, 0.0, 1.0], [0.966144, 0.0, 0.258004, -5e-06, 0.258004, 0.0, -0.966144, 2.014475, 0.0, 1.0, 0.0, -0.021403, 0.0, 0.0, 0.0, 1.0], [0.965683, 0.0, 0.259723, -5e-06, 0.259723, 0.0, -0.965683, 2.095228, 0.0, 1.0, 0.0, -0.021403, 0.0, 0.0, 0.0, 1.0], [0.965222, 0.0, 0.261433, -5e-06, 0.261433, 0.0, -0.965222, 2.17556, 0.0, 1.0, 0.0, -0.021403, 0.0, 0.0, 0.0, 1.0], [0.96476, 0.0, 0.26313, -5e-06, 0.26313, 0.0, -0.96476, 2.255329, 0.0, 1.0, 0.0, -0.021403, 0.0, 0.0, 0.0, 1.0], [0.9643, 0.0, 0.264811, -5e-06, 0.264811, 0.0, -0.9643, 2.334397, 0.0, 1.0, 0.0, -0.021403, 0.0, 0.0, 0.0, 1.0], [0.963843, 0.0, 0.266472, -5e-06, 0.266472, 0.0, -0.963843, 2.412621, 0.0, 1.0, 0.0, -0.021403, 0.0, 0.0, 0.0, 1.0], [0.963388, 0.0, 0.268112, -5e-06, 0.268112, 0.0, -0.963388, 2.489862, 0.0, 1.0, 0.0, -0.021403, 0.0, 0.0, 0.0, 1.0], [0.962937, 0.0, 0.269728, -5e-06, 0.269728, 0.0, -0.962937, 2.565979, 0.0, 1.0, 0.0, -0.021403, 0.0, 0.0, 0.0, 1.0], [0.962491, 0.0, 0.271315, -5e-06, 0.271315, 0.0, -0.962491, 2.640831, 0.0, 1.0, 0.0, -0.021403, 0.0, 0.0, 0.0, 1.0], [0.96205, 0.0, 0.272872, -5e-06, 0.272872, 0.0, -0.96205, 2.71428, 0.0, 1.0, 0.0, -0.021403, 0.0, 0.0, 0.0, 1.0], [0.961617, 0.0, 0.274395, -5e-06, 0.274395, 0.0, -0.961617, 2.786182, 0.0, 1.0, 0.0, -0.021403, 0.0, 0.0, 0.0, 1.0], [0.961191, 0.0, 0.275882, -5e-06, 0.275882, 0.0, -0.961191, 2.856399, 0.0, 1.0, 0.0, -0.021403, 0.0, 0.0, 0.0, 1.0], [0.960775, 0.0, 0.277329, -5e-06, 0.277329, 0.0, -0.960775, 2.92479, 0.0, 1.0, 0.0, -0.021403, 0.0, 0.0, 0.0, 1.0], [0.960368, 0.0, 0.278734, -5e-06, 0.278734, 0.0, -0.960368, 2.991214, 0.0, 1.0, 0.0, -0.021403, 0.0, 0.0, 0.0, 1.0], [0.959973, 0.0, 0.280094, -5e-06, 0.280094, 0.0, -0.959973, 3.055531, 0.0, 1.0, 0.0, -0.021403, 0.0, 0.0, 0.0, 1.0], [0.959589, 0.0, 0.281406, -5e-06, 0.281406, 0.0, -0.959589, 3.1176, 0.0, 1.0, 0.0, -0.021403, 0.0, 0.0, 0.0, 1.0], [0.959218, 0.0, 0.282666, -5e-06, 0.282666, 0.0, -0.959218, 3.177281, 0.0, 1.0, 0.0, -0.021403, 0.0, 0.0, 0.0, 1.0], [0.958862, 0.0, 0.283873, -5e-06, 0.283873, 0.0, -0.958862, 3.234433, 0.0, 1.0, 0.0, -0.021403, 0.0, 0.0, 0.0, 1.0], [0.958521, 0.0, 0.285022, -5e-06, 0.285022, 0.0, -0.958521, 3.288916, 0.0, 1.0, 0.0, -0.021403, 0.0, 0.0, 0.0, 1.0], [0.958196, 0.0, 0.286112, -5e-06, 0.286112, 0.0, -0.958196, 3.34059, 0.0, 1.0, 0.0, -0.021403, 0.0, 0.0, 0.0, 1.0], [0.957889, 0.0, 0.287139, -5e-06, 0.287139, 0.0, -0.957889, 3.389313, 0.0, 1.0, 0.0, -0.021403, 0.0, 0.0, 0.0, 1.0], [0.9576, 0.0, 0.288101, -5e-06, 0.288101, 0.0, -0.9576, 3.434946, 0.0, 1.0, 0.0, -0.021403, 0.0, 0.0, 0.0, 1.0], [0.957331, 0.0, 0.288994, -5e-06, 0.288994, 0.0, -0.957331, 3.477348, 0.0, 1.0, 0.0, -0.021403, 0.0, 0.0, 0.0, 1.0], [0.957082, 0.0, 0.289816, -5e-06, 0.289816, 0.0, -0.957082, 3.516379, 0.0, 1.0, 0.0, -0.021403, 0.0, 0.0, 0.0, 1.0], [0.956856, 0.0, 0.290564, -5e-06, 0.290564, 0.0, -0.956856, 3.551896, 0.0, 1.0, 0.0, -0.021403, 0.0, 0.0, 0.0, 1.0], [0.956652, 0.0, 0.291235, -5e-06, 0.291235, 0.0, -0.956652, 3.583762, 0.0, 1.0, 0.0, -0.021403, 0.0, 0.0, 0.0, 1.0], [0.956472, 0.0, 0.291825, -5e-06, 0.291825, 0.0, -0.956472, 3.611835, 0.0, 1.0, 0.0, -0.021403, 0.0, 0.0, 0.0, 1.0], [0.956317, 0.0, 0.292333, -5e-06, 0.292333, 0.0, -0.956317, 3.635974, 0.0, 1.0, 0.0, -0.021403, 0.0, 0.0, 0.0, 1.0], [0.956187, 0.0, 0.292755, -5e-06, 0.292755, 0.0, -0.956187, 3.65604, 0.0, 1.0, 0.0, -0.021403, 0.0, 0.0, 0.0, 1.0], [0.956085, 0.0, 0.293089, -5e-06, 0.293089, 0.0, -0.956085, 3.67189, 0.0, 1.0, 0.0, -0.021403, 0.0, 0.0, 0.0, 1.0], [0.956011, 0.0, 0.29333, -5e-06, 0.29333, 0.0, -0.956011, 3.683386, 0.0, 1.0, 0.0, -0.021403, 0.0, 0.0, 0.0, 1.0], [0.955966, 0.0, 0.293477, -5e-06, 0.293477, 0.0, -0.955966, 3.690387, 0.0, 1.0, 0.0, -0.021403, 0.0, 0.0, 0.0, 1.0], [0.955951, 0.0, 0.293527, -5e-06, 0.293527, 0.0, -0.955951, 3.692752, 0.0, 1.0, 0.0, -0.021403, 0.0, 0.0, 0.0, 1.0], [0.955952, 0.0, 0.293522, -5e-06, 0.293522, 0.0, -0.955952, 3.69275, 0.0, 1.0, 0.0, -0.021403, 0.0, 0.0, 0.0, 1.0], [0.955957, 0.0, 0.293505, -5e-06, 0.293505, 0.0, -0.955957, 3.692747, 0.0, 1.0, 0.0, -0.021403, 0.0, 0.0, 0.0, 1.0], [0.955966, 0.0, 0.293478, -5e-06, 0.293478, 0.0, -0.955966, 3.69274, 0.0, 1.0, 0.0, -0.021403, 0.0, 0.0, 0.0, 1.0], [0.955977, 0.0, 0.293441, -5e-06, 0.293441, 0.0, -0.955977, 3.692732, 0.0, 1.0, 0.0, -0.021403, 0.0, 0.0, 0.0, 1.0], [0.955992, 0.0, 0.293392, -5e-06, 0.293392, 0.0, -0.955992, 3.69272, 0.0, 1.0, 0.0, -0.021403, 0.0, 0.0, 0.0, 1.0], [0.95601, 0.0, 0.293333, -5e-06, 0.293333, 0.0, -0.95601, 3.692707, 0.0, 1.0, 0.0, -0.021403, 0.0, 0.0, 0.0, 1.0], [0.956032, 0.0, 0.293263, -5e-06, 0.293263, 0.0, -0.956032, 3.692691, 0.0, 1.0, 0.0, -0.021403, 0.0, 0.0, 0.0, 1.0], [0.956056, 0.0, 0.293183, -5e-06, 0.293183, 0.0, -0.956056, 3.692672, 0.0, 1.0, 0.0, -0.021403, 0.0, 0.0, 0.0, 1.0], [0.956084, 0.0, 0.293092, -5e-06, 0.293092, 0.0, -0.956084, 3.692651, 0.0, 1.0, 0.0, -0.021403, 0.0, 0.0, 0.0, 1.0], [0.956115, 0.0, 0.292991, -5e-06, 0.292991, 0.0, -0.956115, 3.692627, 0.0, 1.0, 0.0, -0.021403, 0.0, 0.0, 0.0, 1.0], [0.956149, 0.0, 0.292879, -5e-06, 0.292879, 0.0, -0.956149, 3.692601, 0.0, 1.0, 0.0, -0.021403, 0.0, 0.0, 0.0, 1.0], [0.956187, 0.0, 0.292757, -5e-06, 0.292757, 0.0, -0.956187, 3.692574, 0.0, 1.0, 0.0, -0.021403, 0.0, 0.0, 0.0, 1.0], [0.956227, 0.0, 0.292625, -5e-06, 0.292625, 0.0, -0.956227, 3.692543, 0.0, 1.0, 0.0, -0.021403, 0.0, 0.0, 0.0, 1.0], [0.956271, 0.0, 0.292483, -5e-06, 0.292483, 0.0, -0.956271, 3.69251, 0.0, 1.0, 0.0, -0.021403, 0.0, 0.0, 0.0, 1.0], [0.956318, 0.0, 0.29233, -5e-06, 0.29233, 0.0, -0.956318, 3.692475, 0.0, 1.0, 0.0, -0.021403, 0.0, 0.0, 0.0, 1.0], [0.956367, 0.0, 0.292167, -5e-06, 0.292167, 0.0, -0.956367, 3.692437, 0.0, 1.0, 0.0, -0.021403, 0.0, 0.0, 0.0, 1.0], [0.95642, 0.0, 0.291994, -5e-06, 0.291994, 0.0, -0.95642, 3.692397, 0.0, 1.0, 0.0, -0.021403, 0.0, 0.0, 0.0, 1.0], [0.956476, 0.0, 0.291811, -5e-06, 0.291811, 0.0, -0.956476, 3.692354, 0.0, 1.0, 0.0, -0.021403, 0.0, 0.0, 0.0, 1.0], [0.956535, 0.0, 0.291618, -5e-06, 0.291618, 0.0, -0.956535, 3.69231, 0.0, 1.0, 0.0, -0.021403, 0.0, 0.0, 0.0, 1.0], [0.956596, 0.0, 0.291416, -5e-06, 0.291416, 0.0, -0.956596, 3.692263, 0.0, 1.0, 0.0, -0.021403, 0.0, 0.0, 0.0, 1.0], [0.956661, 0.0, 0.291203, -5e-06, 0.291203, 0.0, -0.956661, 3.692214, 0.0, 1.0, 0.0, -0.021403, 0.0, 0.0, 0.0, 1.0], [0.956729, 0.0, 0.29098, -5e-06, 0.29098, 0.0, -0.956729, 3.692162, 0.0, 1.0, 0.0, -0.021403, 0.0, 0.0, 0.0, 1.0], [0.9568, 0.0, 0.290748, -5e-06, 0.290748, 0.0, -0.9568, 3.692108, 0.0, 1.0, 0.0, -0.021403, 0.0, 0.0, 0.0, 1.0], [0.956873, 0.0, 0.290506, -5e-06, 0.290506, 0.0, -0.956873, 3.692053, 0.0, 1.0, 0.0, -0.021403, 0.0, 0.0, 0.0, 1.0], [0.95695, 0.0, 0.290254, -5e-06, 0.290254, 0.0, -0.95695, 3.691994, 0.0, 1.0, 0.0, -0.021403, 0.0, 0.0, 0.0, 1.0], [0.957029, 0.0, 0.289993, -5e-06, 0.289993, 0.0, -0.957029, 3.691934, 0.0, 1.0, 0.0, -0.021403, 0.0, 0.0, 0.0, 1.0], [0.957111, 0.0, 0.289722, -5e-06, 0.289722, 0.0, -0.957111, 3.691871, 0.0, 1.0, 0.0, -0.021403, 0.0, 0.0, 0.0, 1.0], [0.957196, 0.0, 0.289442, -5e-06, 0.289442, 0.0, -0.957196, 3.691806, 0.0, 1.0, 0.0, -0.021403, 0.0, 0.0, 0.0, 1.0], [0.957283, 0.0, 0.289152, -5e-06, 0.289152, 0.0, -0.957283, 3.691739, 0.0, 1.0, 0.0, -0.021403, 0.0, 0.0, 0.0, 1.0], [0.957374, 0.0, 0.288852, -5e-06, 0.288852, 0.0, -0.957374, 3.69167, 0.0, 1.0, 0.0, -0.021403, 0.0, 0.0, 0.0, 1.0], [0.957467, 0.0, 0.288543, -5e-06, 0.288543, 0.0, -0.957467, 3.691599, 0.0, 1.0, 0.0, -0.021403, 0.0, 0.0, 0.0, 1.0], [0.957563, 0.0, 0.288225, -5e-06, 0.288225, 0.0, -0.957563, 3.691525, 0.0, 1.0, 0.0, -0.021403, 0.0, 0.0, 0.0, 1.0], [0.957661, 0.0, 0.287898, -5e-06, 0.287898, 0.0, -0.957661, 3.69145, 0.0, 1.0, 0.0, -0.021403, 0.0, 0.0, 0.0, 1.0], [0.957762, 0.0, 0.287561, -5e-06, 0.287561, 0.0, -0.957762, 3.691372, 0.0, 1.0, 0.0, -0.021403, 0.0, 0.0, 0.0, 1.0], [0.957866, 0.0, 0.287215, -5e-06, 0.287215, 0.0, -0.957866, 3.691292, 0.0, 1.0, 0.0, -0.021403, 0.0, 0.0, 0.0, 1.0], [0.957972, 0.0, 0.28686, -5e-06, 0.28686, 0.0, -0.957972, 3.69121, 0.0, 1.0, 0.0, -0.021403, 0.0, 0.0, 0.0, 1.0], [0.958081, 0.0, 0.286496, -5e-06, 0.286496, 0.0, -0.958081, 3.691126, 0.0, 1.0, 0.0, -0.021403, 0.0, 0.0, 0.0, 1.0], [0.958193, 0.0, 0.286123, -5e-06, 0.286123, 0.0, -0.958193, 3.69104, 0.0, 1.0, 0.0, -0.021403, 0.0, 0.0, 0.0, 1.0], [0.958307, 0.0, 0.285741, -5e-06, 0.285741, 0.0, -0.958307, 3.690952, 0.0, 1.0, 0.0, -0.021403, 0.0, 0.0, 0.0, 1.0], [0.958423, 0.0, 0.28535, -5e-06, 0.28535, 0.0, -0.958423, 3.690861, 0.0, 1.0, 0.0, -0.021403, 0.0, 0.0, 0.0, 1.0], [0.958542, 0.0, 0.28495, -5e-06, 0.28495, 0.0, -0.958542, 3.690769, 0.0, 1.0, 0.0, -0.021403, 0.0, 0.0, 0.0, 1.0], [0.958664, 0.0, 0.284541, -5e-06, 0.284541, 0.0, -0.958664, 3.690675, 0.0, 1.0, 0.0, -0.021403, 0.0, 0.0, 0.0, 1.0], [0.958788, 0.0, 0.284124, -5e-06, 0.284124, 0.0, -0.958788, 3.690578, 0.0, 1.0, 0.0, -0.021403, 0.0, 0.0, 0.0, 1.0], [0.958914, 0.0, 0.283697, -5e-06, 0.283697, 0.0, -0.958914, 3.69048, 0.0, 1.0, 0.0, -0.021403, 0.0, 0.0, 0.0, 1.0], [0.959043, 0.0, 0.283262, -5e-06, 0.283262, 0.0, -0.959043, 3.690379, 0.0, 1.0, 0.0, -0.021403, 0.0, 0.0, 0.0, 1.0], [0.959174, 0.0, 0.282818, -5e-06, 0.282818, 0.0, -0.959174, 3.690277, 0.0, 1.0, 0.0, -0.021403, 0.0, 0.0, 0.0, 1.0], [0.959307, 0.0, 0.282366, -5e-06, 0.282366, 0.0, -0.959307, 3.690173, 0.0, 1.0, 0.0, -0.021403, 0.0, 0.0, 0.0, 1.0], [0.959442, 0.0, 0.281905, -5e-06, 0.281905, 0.0, -0.959442, 3.690067, 0.0, 1.0, 0.0, -0.021403, 0.0, 0.0, 0.0, 1.0], [0.95958, 0.0, 0.281436, -5e-06, 0.281436, 0.0, -0.95958, 3.689959, 0.0, 1.0, 0.0, -0.021403, 0.0, 0.0, 0.0, 1.0], [0.95972, 0.0, 0.280958, -5e-06, 0.280958, 0.0, -0.95972, 3.689848, 0.0, 1.0, 0.0, -0.021403, 0.0, 0.0, 0.0, 1.0], [0.959862, 0.0, 0.280471, -5e-06, 0.280471, 0.0, -0.959862, 3.689736, 0.0, 1.0, 0.0, -0.021403, 0.0, 0.0, 0.0, 1.0], [0.960007, 0.0, 0.279977, -5e-06, 0.279977, 0.0, -0.960007, 3.689622, 0.0, 1.0, 0.0, -0.021403, 0.0, 0.0, 0.0, 1.0], [0.960153, 0.0, 0.279474, -5e-06, 0.279474, 0.0, -0.960153, 3.689507, 0.0, 1.0, 0.0, -0.021403, 0.0, 0.0, 0.0, 1.0], [0.960302, 0.0, 0.278962, -5e-06, 0.278962, 0.0, -0.960302, 3.689389, 0.0, 1.0, 0.0, -0.021403, 0.0, 0.0, 0.0, 1.0], [0.960453, 0.0, 0.278443, -5e-06, 0.278443, 0.0, -0.960453, 3.689269, 0.0, 1.0, 0.0, -0.021403, 0.0, 0.0, 0.0, 1.0], [0.960606, 0.0, 0.277915, -5e-06, 0.277915, 0.0, -0.960606, 3.689148, 0.0, 1.0, 0.0, -0.021403, 0.0, 0.0, 0.0, 1.0], [0.96076, 0.0, 0.277379, -5e-06, 0.277379, 0.0, -0.96076, 3.689024, 0.0, 1.0, 0.0, -0.021403, 0.0, 0.0, 0.0, 1.0], [0.960917, 0.0, 0.276835, -5e-06, 0.276835, 0.0, -0.960917, 3.688899, 0.0, 1.0, 0.0, -0.021403, 0.0, 0.0, 0.0, 1.0], [0.961076, 0.0, 0.276284, -5e-06, 0.276284, 0.0, -0.961076, 3.688772, 0.0, 1.0, 0.0, -0.021403, 0.0, 0.0, 0.0, 1.0], [0.961237, 0.0, 0.275724, -5e-06, 0.275724, 0.0, -0.961237, 3.688643, 0.0, 1.0, 0.0, -0.021403, 0.0, 0.0, 0.0, 1.0], [0.9614, 0.0, 0.275156, -5e-06, 0.275156, 0.0, -0.9614, 3.688513, 0.0, 1.0, 0.0, -0.021403, 0.0, 0.0, 0.0, 1.0], [0.961564, 0.0, 0.27458, -5e-06, 0.27458, 0.0, -0.961564, 3.688381, 0.0, 1.0, 0.0, -0.021403, 0.0, 0.0, 0.0, 1.0], [0.961731, 0.0, 0.273996, -5e-06, 0.273996, 0.0, -0.961731, 3.688246, 0.0, 1.0, 0.0, -0.021403, 0.0, 0.0, 0.0, 1.0], [0.961899, 0.0, 0.273405, -5e-06, 0.273405, 0.0, -0.961899, 3.688111, 0.0, 1.0, 0.0, -0.021403, 0.0, 0.0, 0.0, 1.0], [0.962069, 0.0, 0.272806, -5e-06, 0.272806, 0.0, -0.962069, 3.687973, 0.0, 1.0, 0.0, -0.021403, 0.0, 0.0, 0.0, 1.0], [0.962241, 0.0, 0.272199, -5e-06, 0.272199, 0.0, -0.962241, 3.687834, 0.0, 1.0, 0.0, -0.021403, 0.0, 0.0, 0.0, 1.0], [0.962415, 0.0, 0.271584, -5e-06, 0.271584, 0.0, -0.962415, 3.687693, 0.0, 1.0, 0.0, -0.021403, 0.0, 0.0, 0.0, 1.0], [0.96259, 0.0, 0.270962, -5e-06, 0.270962, 0.0, -0.96259, 3.68755, 0.0, 1.0, 0.0, -0.021403, 0.0, 0.0, 0.0, 1.0], [0.962767, 0.0, 0.270333, -5e-06, 0.270333, 0.0, -0.962767, 3.687405, 0.0, 1.0, 0.0, -0.021403, 0.0, 0.0, 0.0, 1.0], [0.962946, 0.0, 0.269696, -5e-06, 0.269696, 0.0, -0.962946, 3.687259, 0.0, 1.0, 0.0, -0.021403, 0.0, 0.0, 0.0, 1.0], [0.963126, 0.0, 0.269051, -5e-06, 0.269051, 0.0, -0.963126, 3.687111, 0.0, 1.0, 0.0, -0.021403, 0.0, 0.0, 0.0, 1.0], [0.963308, 0.0, 0.268399, -5e-06, 0.268399, 0.0, -0.963308, 3.686961, 0.0, 1.0, 0.0, -0.021403, 0.0, 0.0, 0.0, 1.0], [0.963491, 0.0, 0.267739, -5e-06, 0.267739, 0.0, -0.963491, 3.68681, 0.0, 1.0, 0.0, -0.021403, 0.0, 0.0, 0.0, 1.0], [0.963676, 0.0, 0.267073, -5e-06, 0.267073, 0.0, -0.963676, 3.686658, 0.0, 1.0, 0.0, -0.021403, 0.0, 0.0, 0.0, 1.0], [0.963863, 0.0, 0.266399, -5e-06, 0.266399, 0.0, -0.963863, 3.686503, 0.0, 1.0, 0.0, -0.021403, 0.0, 0.0, 0.0, 1.0], [0.964051, 0.0, 0.265718, -5e-06, 0.265718, 0.0, -0.964051, 3.686347, 0.0, 1.0, 0.0, -0.021403, 0.0, 0.0, 0.0, 1.0], [0.96424, 0.0, 0.265029, -5e-06, 0.265029, 0.0, -0.96424, 3.686189, 0.0, 1.0, 0.0, -0.021403, 0.0, 0.0, 0.0, 1.0], [0.964431, 0.0, 0.264334, -5e-06, 0.264334, 0.0, -0.964431, 3.68603, 0.0, 1.0, 0.0, -0.021403, 0.0, 0.0, 0.0, 1.0], [0.964624, 0.0, 0.263631, -5e-06, 0.263631, 0.0, -0.964624, 3.685869, 0.0, 1.0, 0.0, -0.021403, 0.0, 0.0, 0.0, 1.0], [0.964817, 0.0, 0.262922, -5e-06, 0.262922, 0.0, -0.964817, 3.685707, 0.0, 1.0, 0.0, -0.021403, 0.0, 0.0, 0.0, 1.0], [0.965012, 0.0, 0.262205, -5e-06, 0.262205, 0.0, -0.965012, 3.685543, 0.0, 1.0, 0.0, -0.021403, 0.0, 0.0, 0.0, 1.0], [0.965208, 0.0, 0.261482, -5e-06, 0.261482, 0.0, -0.965208, 3.685377, 0.0, 1.0, 0.0, -0.021403, 0.0, 0.0, 0.0, 1.0], [0.965406, 0.0, 0.260751, -5e-06, 0.260751, 0.0, -0.965406, 3.68521, 0.0, 1.0, 0.0, -0.021403, 0.0, 0.0, 0.0, 1.0], [0.965605, 0.0, 0.260014, -5e-06, 0.260014, 0.0, -0.965605, 3.685042, 0.0, 1.0, 0.0, -0.021403, 0.0, 0.0, 0.0, 1.0], [0.965805, 0.0, 0.25927, -5e-06, 0.25927, 0.0, -0.965805, 3.684871, 0.0, 1.0, 0.0, -0.021403, 0.0, 0.0, 0.0, 1.0], [0.966006, 0.0, 0.25852, -5e-06, 0.25852, 0.0, -0.966006, 3.6847, 0.0, 1.0, 0.0, -0.021403, 0.0, 0.0, 0.0, 1.0], [0.966208, 0.0, 0.257762, -5e-06, 0.257762, 0.0, -0.966208, 3.684527, 0.0, 1.0, 0.0, -0.021403, 0.0, 0.0, 0.0, 1.0], [0.966412, 0.0, 0.256998, -5e-06, 0.256998, 0.0, -0.966412, 3.684352, 0.0, 1.0, 0.0, -0.021403, 0.0, 0.0, 0.0, 1.0], [0.966616, 0.0, 0.256227, -5e-06, 0.256227, 0.0, -0.966616, 3.684176, 0.0, 1.0, 0.0, -0.021403, 0.0, 0.0, 0.0, 1.0], [0.966822, 0.0, 0.25545, -5e-06, 0.25545, 0.0, -0.966822, 3.683999, 0.0, 1.0, 0.0, -0.021403, 0.0, 0.0, 0.0, 1.0], [0.967029, 0.0, 0.254667, -5e-06, 0.254667, 0.0, -0.967029, 3.68382, 0.0, 1.0, 0.0, -0.021403, 0.0, 0.0, 0.0, 1.0], [0.967237, 0.0, 0.253877, -5e-06, 0.253877, 0.0, -0.967237, 3.68364, 0.0, 1.0, 0.0, -0.021403, 0.0, 0.0, 0.0, 1.0], [0.967445, 0.0, 0.25308, -5e-06, 0.25308, 0.0, -0.967445, 3.683458, 0.0, 1.0, 0.0, -0.021403, 0.0, 0.0, 0.0, 1.0], [0.967655, 0.0, 0.252277, -5e-06, 0.252277, 0.0, -0.967655, 3.683275, 0.0, 1.0, 0.0, -0.021403, 0.0, 0.0, 0.0, 1.0], [0.967866, 0.0, 0.251468, -5e-06, 0.251468, 0.0, -0.967866, 3.68309, 0.0, 1.0, 0.0, -0.021403, 0.0, 0.0, 0.0, 1.0], [0.968077, 0.0, 0.250653, -5e-06, 0.250653, 0.0, -0.968077, 3.682904, 0.0, 1.0, 0.0, -0.021403, 0.0, 0.0, 0.0, 1.0], [0.968289, 0.0, 0.249831, -5e-06, 0.249831, 0.0, -0.968289, 3.682717, 0.0, 1.0, 0.0, -0.021403, 0.0, 0.0, 0.0, 1.0], [0.968503, 0.0, 0.249003, -5e-06, 0.249003, 0.0, -0.968503, 3.682529, 0.0, 1.0, 0.0, -0.021403, 0.0, 0.0, 0.0, 1.0], [0.968717, 0.0, 0.24817, -5e-06, 0.24817, 0.0, -0.968717, 3.682339, 0.0, 1.0, 0.0, -0.021403, 0.0, 0.0, 0.0, 1.0], [0.968931, 0.0, 0.24733, -5e-06, 0.24733, 0.0, -0.968931, 3.682148, 0.0, 1.0, 0.0, -0.021403, 0.0, 0.0, 0.0, 1.0], [0.969147, 0.0, 0.246484, -5e-06, 0.246484, 0.0, -0.969147, 3.681955, 0.0, 1.0, 0.0, -0.021403, 0.0, 0.0, 0.0, 1.0], [0.969363, 0.0, 0.245632, -5e-06, 0.245632, 0.0, -0.969363, 3.681761, 0.0, 1.0, 0.0, -0.021403, 0.0, 0.0, 0.0, 1.0], [0.96958, 0.0, 0.244774, -5e-06, 0.244774, 0.0, -0.96958, 3.681566, 0.0, 1.0, 0.0, -0.021403, 0.0, 0.0, 0.0, 1.0], [0.969798, 0.0, 0.243911, -5e-06, 0.243911, 0.0, -0.969798, 3.68137, 0.0, 1.0, 0.0, -0.021403, 0.0, 0.0, 0.0, 1.0], [0.970016, 0.0, 0.243041, -5e-06, 0.243041, 0.0, -0.970016, 3.681172, 0.0, 1.0, 0.0, -0.021403, 0.0, 0.0, 0.0, 1.0], [0.970235, 0.0, 0.242166, -5e-06, 0.242166, 0.0, -0.970235, 3.680973, 0.0, 1.0, 0.0, -0.021403, 0.0, 0.0, 0.0, 1.0], [0.970454, 0.0, 0.241286, -5e-06, 0.241286, 0.0, -0.970454, 3.680773, 0.0, 1.0, 0.0, -0.021403, 0.0, 0.0, 0.0, 1.0], [0.970674, 0.0, 0.240399, -5e-06, 0.240399, 0.0, -0.970674, 3.680571, 0.0, 1.0, 0.0, -0.021403, 0.0, 0.0, 0.0, 1.0], [0.970895, 0.0, 0.239507, -5e-06, 0.239507, 0.0, -0.970895, 3.680369, 0.0, 1.0, 0.0, -0.021403, 0.0, 0.0, 0.0, 1.0], [0.971116, 0.0, 0.238609, -5e-06, 0.238609, 0.0, -0.971116, 3.680165, 0.0, 1.0, 0.0, -0.021403, 0.0, 0.0, 0.0, 1.0], [0.971337, 0.0, 0.237706, -5e-06, 0.237706, 0.0, -0.971337, 3.67996, 0.0, 1.0, 0.0, -0.021403, 0.0, 0.0, 0.0, 1.0], [0.971559, 0.0, 0.236798, -5e-06, 0.236798, 0.0, -0.971559, 3.679754, 0.0, 1.0, 0.0, -0.021403, 0.0, 0.0, 0.0, 1.0], [0.971781, 0.0, 0.235884, -5e-06, 0.235884, 0.0, -0.971781, 3.679546, 0.0, 1.0, 0.0, -0.021403, 0.0, 0.0, 0.0, 1.0], [0.972004, 0.0, 0.234964, -5e-06, 0.234964, 0.0, -0.972004, 3.679338, 0.0, 1.0, 0.0, -0.021403, 0.0, 0.0, 0.0, 1.0], [0.972227, 0.0, 0.23404, -5e-06, 0.23404, 0.0, -0.972227, 3.679128, 0.0, 1.0, 0.0, -0.021403, 0.0, 0.0, 0.0, 1.0], [0.97245, 0.0, 0.23311, -5e-06, 0.23311, 0.0, -0.97245, 3.678917, 0.0, 1.0, 0.0, -0.021403, 0.0, 0.0, 0.0, 1.0], [0.972674, 0.0, 0.232175, -5e-06, 0.232175, 0.0, -0.972674, 3.678705, 0.0, 1.0, 0.0, -0.021403, 0.0, 0.0, 0.0, 1.0], [0.972898, 0.0, 0.231234, -5e-06, 0.231234, 0.0, -0.972898, 3.678492, 0.0, 1.0, 0.0, -0.021403, 0.0, 0.0, 0.0, 1.0], [0.973122, 0.0, 0.230289, -5e-06, 0.230289, 0.0, -0.973122, 3.678278, 0.0, 1.0, 0.0, -0.021403, 0.0, 0.0, 0.0, 1.0], [0.973347, 0.0, 0.229339, -5e-06, 0.229339, 0.0, -0.973347, 3.678063, 0.0, 1.0, 0.0, -0.021403, 0.0, 0.0, 0.0, 1.0], [0.973571, 0.0, 0.228383, -5e-06, 0.228383, 0.0, -0.973571, 3.677846, 0.0, 1.0, 0.0, -0.021403, 0.0, 0.0, 0.0, 1.0], [0.973796, 0.0, 0.227423, -5e-06, 0.227423, 0.0, -0.973796, 3.677629, 0.0, 1.0, 0.0, -0.021403, 0.0, 0.0, 0.0, 1.0], [0.974021, 0.0, 0.226458, -5e-06, 0.226458, 0.0, -0.974021, 3.677411, 0.0, 1.0, 0.0, -0.021403, 0.0, 0.0, 0.0, 1.0], [0.974246, 0.0, 0.225488, -5e-06, 0.225488, 0.0, -0.974246, 3.677191, 0.0, 1.0, 0.0, -0.021403, 0.0, 0.0, 0.0, 1.0], [0.974471, 0.0, 0.224513, -5e-06, 0.224513, 0.0, -0.974471, 3.676971, 0.0, 1.0, 0.0, -0.021403, 0.0, 0.0, 0.0, 1.0], [0.974696, 0.0, 0.223533, -5e-06, 0.223533, 0.0, -0.974696, 3.676749, 0.0, 1.0, 0.0, -0.021403, 0.0, 0.0, 0.0, 1.0], [0.974922, 0.0, 0.222549, -5e-06, 0.222549, 0.0, -0.974922, 3.676527, 0.0, 1.0, 0.0, -0.021403, 0.0, 0.0, 0.0, 1.0], [0.975147, 0.0, 0.22156, -5e-06, 0.22156, 0.0, -0.975147, 3.676304, 0.0, 1.0, 0.0, -0.021403, 0.0, 0.0, 0.0, 1.0], [0.975372, 0.0, 0.220566, -5e-06, 0.220566, 0.0, -0.975372, 3.676079, 0.0, 1.0, 0.0, -0.021403, 0.0, 0.0, 0.0, 1.0], [0.975597, 0.0, 0.219568, -5e-06, 0.219568, 0.0, -0.975597, 3.675854, 0.0, 1.0, 0.0, -0.021403, 0.0, 0.0, 0.0, 1.0], [0.975822, 0.0, 0.218566, -5e-06, 0.218566, 0.0, -0.975822, 3.675627, 0.0, 1.0, 0.0, -0.021403, 0.0, 0.0, 0.0, 1.0], [0.976047, 0.0, 0.217559, -5e-06, 0.217559, 0.0, -0.976047, 3.6754, 0.0, 1.0, 0.0, -0.021403, 0.0, 0.0, 0.0, 1.0], [0.976272, 0.0, 0.216547, -5e-06, 0.216547, 0.0, -0.976272, 3.675172, 0.0, 1.0, 0.0, -0.021403, 0.0, 0.0, 0.0, 1.0], [0.976497, 0.0, 0.215531, -5e-06, 0.215531, 0.0, -0.976497, 3.674943, 0.0, 1.0, 0.0, -0.021403, 0.0, 0.0, 0.0, 1.0], [0.976721, 0.0, 0.214511, -5e-06, 0.214511, 0.0, -0.976721, 3.674713, 0.0, 1.0, 0.0, -0.021403, 0.0, 0.0, 0.0, 1.0], [0.976946, 0.0, 0.213487, -5e-06, 0.213487, 0.0, -0.976946, 3.674482, 0.0, 1.0, 0.0, -0.021403, 0.0, 0.0, 0.0, 1.0], [0.97717, 0.0, 0.212459, -5e-06, 0.212459, 0.0, -0.97717, 3.67425, 0.0, 1.0, 0.0, -0.021403, 0.0, 0.0, 0.0, 1.0], [0.977394, 0.0, 0.211426, -5e-06, 0.211426, 0.0, -0.977394, 3.674017, 0.0, 1.0, 0.0, -0.021403, 0.0, 0.0, 0.0, 1.0], [0.977618, 0.0, 0.21039, -5e-06, 0.21039, 0.0, -0.977618, 3.673784, 0.0, 1.0, 0.0, -0.021403, 0.0, 0.0, 0.0, 1.0], [0.977841, 0.0, 0.209349, -5e-06, 0.209349, 0.0, -0.977841, 3.67355, 0.0, 1.0, 0.0, -0.021403, 0.0, 0.0, 0.0, 1.0], [0.978064, 0.0, 0.208305, -5e-06, 0.208305, 0.0, -0.978064, 3.673314, 0.0, 1.0, 0.0, -0.021403, 0.0, 0.0, 0.0, 1.0], [0.978287, 0.0, 0.207256, -5e-06, 0.207256, 0.0, -0.978287, 3.673078, 0.0, 1.0, 0.0, -0.021403, 0.0, 0.0, 0.0, 1.0], [0.978509, 0.0, 0.206204, -5e-06, 0.206204, 0.0, -0.978509, 3.672842, 0.0, 1.0, 0.0, -0.021403, 0.0, 0.0, 0.0, 1.0], [0.978731, 0.0, 0.205147, -5e-06, 0.205147, 0.0, -0.978731, 3.672604, 0.0, 1.0, 0.0, -0.021403, 0.0, 0.0, 0.0, 1.0], [0.978953, 0.0, 0.204088, -5e-06, 0.204088, 0.0, -0.978953, 3.672366, 0.0, 1.0, 0.0, -0.021403, 0.0, 0.0, 0.0, 1.0], [0.979174, 0.0, 0.203024, -5e-06, 0.203024, 0.0, -0.979174, 3.672126, 0.0, 1.0, 0.0, -0.021403, 0.0, 0.0, 0.0, 1.0], [0.979394, 0.0, 0.201957, -5e-06, 0.201957, 0.0, -0.979394, 3.671886, 0.0, 1.0, 0.0, -0.021403, 0.0, 0.0, 0.0, 1.0], [0.979615, 0.0, 0.200886, -5e-06, 0.200886, 0.0, -0.979615, 3.671646, 0.0, 1.0, 0.0, -0.021403, 0.0, 0.0, 0.0, 1.0], [0.979834, 0.0, 0.199811, -5e-06, 0.199811, 0.0, -0.979834, 3.671405, 0.0, 1.0, 0.0, -0.021403, 0.0, 0.0, 0.0, 1.0], [0.980054, 0.0, 0.198734, -5e-06, 0.198734, 0.0, -0.980054, 3.671162, 0.0, 1.0, 0.0, -0.021403, 0.0, 0.0, 0.0, 1.0], [0.980272, 0.0, 0.197652, -5e-06, 0.197652, 0.0, -0.980272, 3.67092, 0.0, 1.0, 0.0, -0.021403, 0.0, 0.0, 0.0, 1.0], [0.98049, 0.0, 0.196568, -5e-06, 0.196568, 0.0, -0.98049, 3.670676, 0.0, 1.0, 0.0, -0.021403, 0.0, 0.0, 0.0, 1.0], [0.980708, 0.0, 0.195479, -5e-06, 0.195479, 0.0, -0.980708, 3.670432, 0.0, 1.0, 0.0, -0.021403, 0.0, 0.0, 0.0, 1.0], [0.980925, 0.0, 0.194388, -5e-06, 0.194388, 0.0, -0.980925, 3.670187, 0.0, 1.0, 0.0, -0.021403, 0.0, 0.0, 0.0, 1.0], [0.981141, 0.0, 0.193294, -5e-06, 0.193294, 0.0, -0.981141, 3.669942, 0.0, 1.0, 0.0, -0.021403, 0.0, 0.0, 0.0, 1.0], [0.981357, 0.0, 0.192196, -5e-06, 0.192196, 0.0, -0.981357, 3.669695, 0.0, 1.0, 0.0, -0.021403, 0.0, 0.0, 0.0, 1.0], [0.981571, 0.0, 0.191095, -5e-06, 0.191095, 0.0, -0.981571, 3.669449, 0.0, 1.0, 0.0, -0.021403, 0.0, 0.0, 0.0, 1.0], [0.981786, 0.0, 0.189991, -5e-06, 0.189991, 0.0, -0.981786, 3.669201, 0.0, 1.0, 0.0, -0.021403, 0.0, 0.0, 0.0, 1.0], [0.981999, 0.0, 0.188884, -5e-06, 0.188884, 0.0, -0.981999, 3.668953, 0.0, 1.0, 0.0, -0.021403, 0.0, 0.0, 0.0, 1.0], [0.982212, 0.0, 0.187775, -5e-06, 0.187775, 0.0, -0.982212, 3.668705, 0.0, 1.0, 0.0, -0.021403, 0.0, 0.0, 0.0, 1.0], [0.982424, 0.0, 0.186662, -5e-06, 0.186662, 0.0, -0.982424, 3.668455, 0.0, 1.0, 0.0, -0.021403, 0.0, 0.0, 0.0, 1.0], [0.982635, 0.0, 0.185546, -5e-06, 0.185546, 0.0, -0.982635, 3.668205, 0.0, 1.0, 0.0, -0.021403, 0.0, 0.0, 0.0, 1.0], [0.982846, 0.0, 0.184428, -5e-06, 0.184428, 0.0, -0.982846, 3.667955, 0.0, 1.0, 0.0, -0.021403, 0.0, 0.0, 0.0, 1.0], [0.983056, 0.0, 0.183307, -5e-06, 0.183307, 0.0, -0.983056, 3.667704, 0.0, 1.0, 0.0, -0.021403, 0.0, 0.0, 0.0, 1.0], [0.983265, 0.0, 0.182183, -5e-06, 0.182183, 0.0, -0.983265, 3.667453, 0.0, 1.0, 0.0, -0.021403, 0.0, 0.0, 0.0, 1.0], [0.983473, 0.0, 0.181057, -5e-06, 0.181057, 0.0, -0.983473, 3.667201, 0.0, 1.0, 0.0, -0.021403, 0.0, 0.0, 0.0, 1.0], [0.98368, 0.0, 0.179928, -5e-06, 0.179928, 0.0, -0.98368, 3.666948, 0.0, 1.0, 0.0, -0.021403, 0.0, 0.0, 0.0, 1.0], [0.983886, 0.0, 0.178796, -5e-06, 0.178796, 0.0, -0.983886, 3.666695, 0.0, 1.0, 0.0, -0.021403, 0.0, 0.0, 0.0, 1.0], [0.984092, 0.0, 0.177662, -5e-06, 0.177662, 0.0, -0.984092, 3.666442, 0.0, 1.0, 0.0, -0.021403, 0.0, 0.0, 0.0, 1.0], [0.984296, 0.0, 0.176526, -5e-06, 0.176526, 0.0, -0.984296, 3.666188, 0.0, 1.0, 0.0, -0.021403, 0.0, 0.0, 0.0, 1.0], [0.984499, 0.0, 0.175387, -5e-06, 0.175387, 0.0, -0.984499, 3.665934, 0.0, 1.0, 0.0, -0.021403, 0.0, 0.0, 0.0, 1.0], [0.984702, 0.0, 0.174246, -5e-06, 0.174246, 0.0, -0.984702, 3.665679, 0.0, 1.0, 0.0, -0.021403, 0.0, 0.0, 0.0, 1.0], [0.984904, 0.0, 0.173103, -5e-06, 0.173103, 0.0, -0.984904, 3.665423, 0.0, 1.0, 0.0, -0.021403, 0.0, 0.0, 0.0, 1.0], [0.985104, 0.0, 0.171958, -5e-06, 0.171958, 0.0, -0.985104, 3.665167, 0.0, 1.0, 0.0, -0.021403, 0.0, 0.0, 0.0, 1.0], [0.985304, 0.0, 0.17081, -5e-06, 0.17081, 0.0, -0.985304, 3.664911, 0.0, 1.0, 0.0, -0.021403, 0.0, 0.0, 0.0, 1.0], [0.985503, 0.0, 0.16966, -5e-06, 0.16966, 0.0, -0.985503, 3.664655, 0.0, 1.0, 0.0, -0.021403, 0.0, 0.0, 0.0, 1.0], [0.9857, 0.0, 0.168509, -5e-06, 0.168509, 0.0, -0.9857, 3.664398, 0.0, 1.0, 0.0, -0.021403, 0.0, 0.0, 0.0, 1.0], [0.985897, 0.0, 0.167355, -5e-06, 0.167355, 0.0, -0.985897, 3.66414, 0.0, 1.0, 0.0, -0.021403, 0.0, 0.0, 0.0, 1.0], [0.986092, 0.0, 0.166199, -5e-06, 0.166199, 0.0, -0.986092, 3.663883, 0.0, 1.0, 0.0, -0.021403, 0.0, 0.0, 0.0, 1.0], [0.986287, 0.0, 0.165042, -5e-06, 0.165042, 0.0, -0.986287, 3.663625, 0.0, 1.0, 0.0, -0.021403, 0.0, 0.0, 0.0, 1.0], [0.98648, 0.0, 0.163883, -5e-06, 0.163883, 0.0, -0.98648, 3.663366, 0.0, 1.0, 0.0, -0.021403, 0.0, 0.0, 0.0, 1.0], [0.986672, 0.0, 0.162722, -5e-06, 0.162722, 0.0, -0.986672, 3.663107, 0.0, 1.0, 0.0, -0.021403, 0.0, 0.0, 0.0, 1.0], [0.986863, 0.0, 0.161559, -5e-06, 0.161559, 0.0, -0.986863, 3.662848, 0.0, 1.0, 0.0, -0.021403, 0.0, 0.0, 0.0, 1.0], [0.987053, 0.0, 0.160395, -5e-06, 0.160395, 0.0, -0.987053, 3.662589, 0.0, 1.0, 0.0, -0.021403, 0.0, 0.0, 0.0, 1.0], [0.987242, 0.0, 0.159229, -5e-06, 0.159229, 0.0, -0.987242, 3.662329, 0.0, 1.0, 0.0, -0.021403, 0.0, 0.0, 0.0, 1.0], [0.987429, 0.0, 0.158062, -5e-06, 0.158062, 0.0, -0.987429, 3.662069, 0.0, 1.0, 0.0, -0.021403, 0.0, 0.0, 0.0, 1.0], [0.987616, 0.0, 0.156893, -5e-06, 0.156893, 0.0, -0.987616, 3.661809, 0.0, 1.0, 0.0, -0.021403, 0.0, 0.0, 0.0, 1.0], [0.987801, 0.0, 0.155723, -5e-06, 0.155723, 0.0, -0.987801, 3.661549, 0.0, 1.0, 0.0, -0.021403, 0.0, 0.0, 0.0, 1.0], [0.987985, 0.0, 0.154551, -5e-06, 0.154551, 0.0, -0.987985, 3.661288, 0.0, 1.0, 0.0, -0.021403, 0.0, 0.0, 0.0, 1.0], [0.988168, 0.0, 0.153378, -5e-06, 0.153378, 0.0, -0.988168, 3.661027, 0.0, 1.0, 0.0, -0.021403, 0.0, 0.0, 0.0, 1.0], [0.988349, 0.0, 0.152204, -5e-06, 0.152204, 0.0, -0.988349, 3.660766, 0.0, 1.0, 0.0, -0.021403, 0.0, 0.0, 0.0, 1.0], [0.988529, 0.0, 0.151029, -5e-06, 0.151029, 0.0, -0.988529, 3.660504, 0.0, 1.0, 0.0, -0.021403, 0.0, 0.0, 0.0, 1.0], [0.988708, 0.0, 0.149853, -5e-06, 0.149853, 0.0, -0.988708, 3.660243, 0.0, 1.0, 0.0, -0.021403, 0.0, 0.0, 0.0, 1.0], [0.988886, 0.0, 0.148675, -5e-06, 0.148675, 0.0, -0.988886, 3.659981, 0.0, 1.0, 0.0, -0.021403, 0.0, 0.0, 0.0, 1.0], [0.989063, 0.0, 0.147497, -5e-06, 0.147497, 0.0, -0.989063, 3.659719, 0.0, 1.0, 0.0, -0.021403, 0.0, 0.0, 0.0, 1.0], [0.989238, 0.0, 0.146317, -5e-06, 0.146317, 0.0, -0.989238, 3.659456, 0.0, 1.0, 0.0, -0.021403, 0.0, 0.0, 0.0, 1.0], [0.989412, 0.0, 0.145137, -5e-06, 0.145137, 0.0, -0.989412, 3.659194, 0.0, 1.0, 0.0, -0.021403, 0.0, 0.0, 0.0, 1.0], [0.989584, 0.0, 0.143956, -5e-06, 0.143956, 0.0, -0.989584, 3.658932, 0.0, 1.0, 0.0, -0.021403, 0.0, 0.0, 0.0, 1.0], [0.989755, 0.0, 0.142774, -5e-06, 0.142774, 0.0, -0.989755, 3.658669, 0.0, 1.0, 0.0, -0.021403, 0.0, 0.0, 0.0, 1.0], [0.989925, 0.0, 0.141591, -5e-06, 0.141591, 0.0, -0.989925, 3.658407, 0.0, 1.0, 0.0, -0.021403, 0.0, 0.0, 0.0, 1.0], [0.990094, 0.0, 0.140408, -5e-06, 0.140408, 0.0, -0.990094, 3.658144, 0.0, 1.0, 0.0, -0.021403, 0.0, 0.0, 0.0, 1.0], [0.990261, 0.0, 0.139224, -5e-06, 0.139224, 0.0, -0.990261, 3.657881, 0.0, 1.0, 0.0, -0.021403, 0.0, 0.0, 0.0, 1.0], [0.990427, 0.0, 0.138039, -5e-06, 0.138039, 0.0, -0.990427, 3.657618, 0.0, 1.0, 0.0, -0.021403, 0.0, 0.0, 0.0, 1.0], [0.990591, 0.0, 0.136854, -5e-06, 0.136854, 0.0, -0.990591, 3.657355, 0.0, 1.0, 0.0, -0.021403, 0.0, 0.0, 0.0, 1.0], [0.990754, 0.0, 0.135669, -5e-06, 0.135669, 0.0, -0.990754, 3.657092, 0.0, 1.0, 0.0, -0.021403, 0.0, 0.0, 0.0, 1.0], [0.990916, 0.0, 0.134483, -5e-06, 0.134483, 0.0, -0.990916, 3.656829, 0.0, 1.0, 0.0, -0.021403, 0.0, 0.0, 0.0, 1.0], [0.991076, 0.0, 0.133297, -5e-06, 0.133297, 0.0, -0.991076, 3.656566, 0.0, 1.0, 0.0, -0.021403, 0.0, 0.0, 0.0, 1.0], [0.991235, 0.0, 0.13211, -5e-06, 0.13211, 0.0, -0.991235, 3.656303, 0.0, 1.0, 0.0, -0.021403, 0.0, 0.0, 0.0, 1.0], [0.991392, 0.0, 0.130923, -5e-06, 0.130923, 0.0, -0.991392, 3.656039, 0.0, 1.0, 0.0, -0.021403, 0.0, 0.0, 0.0, 1.0], [0.991549, 0.0, 0.129736, -5e-06, 0.129736, 0.0, -0.991549, 3.655776, 0.0, 1.0, 0.0, -0.021403, 0.0, 0.0, 0.0, 1.0], [0.991703, 0.0, 0.128549, -5e-06, 0.128549, 0.0, -0.991703, 3.655513, 0.0, 1.0, 0.0, -0.021403, 0.0, 0.0, 0.0, 1.0], [0.991856, 0.0, 0.127363, -5e-06, 0.127363, 0.0, -0.991856, 3.65525, 0.0, 1.0, 0.0, -0.021403, 0.0, 0.0, 0.0, 1.0], [0.992008, 0.0, 0.126175, -5e-06, 0.126175, 0.0, -0.992008, 3.654987, 0.0, 1.0, 0.0, -0.021403, 0.0, 0.0, 0.0, 1.0], [0.992158, 0.0, 0.124989, -5e-06, 0.124989, 0.0, -0.992158, 3.654724, 0.0, 1.0, 0.0, -0.021403, 0.0, 0.0, 0.0, 1.0], [0.992307, 0.0, 0.123802, -5e-06, 0.123802, 0.0, -0.992307, 3.654461, 0.0, 1.0, 0.0, -0.021403, 0.0, 0.0, 0.0, 1.0], [0.992454, 0.0, 0.122615, -5e-06, 0.122615, 0.0, -0.992454, 3.654198, 0.0, 1.0, 0.0, -0.021403, 0.0, 0.0, 0.0, 1.0], [0.9926, 0.0, 0.121429, -5e-06, 0.121429, 0.0, -0.9926, 3.653935, 0.0, 1.0, 0.0, -0.021403, 0.0, 0.0, 0.0, 1.0], [0.992744, 0.0, 0.120243, -5e-06, 0.120243, 0.0, -0.992744, 3.653673, 0.0, 1.0, 0.0, -0.021403, 0.0, 0.0, 0.0, 1.0], [0.992887, 0.0, 0.119057, -5e-06, 0.119057, 0.0, -0.992887, 3.65341, 0.0, 1.0, 0.0, -0.021403, 0.0, 0.0, 0.0, 1.0], [0.993029, 0.0, 0.117872, -5e-06, 0.117872, 0.0, -0.993029, 3.653147, 0.0, 1.0, 0.0, -0.021403, 0.0, 0.0, 0.0, 1.0], [0.993169, 0.0, 0.116687, -5e-06, 0.116687, 0.0, -0.993169, 3.652885, 0.0, 1.0, 0.0, -0.021403, 0.0, 0.0, 0.0, 1.0], [0.993307, 0.0, 0.115502, -5e-06, 0.115502, 0.0, -0.993307, 3.652623, 0.0, 1.0, 0.0, -0.021403, 0.0, 0.0, 0.0, 1.0], [0.993444, 0.0, 0.114319, -5e-06, 0.114319, 0.0, -0.993444, 3.652361, 0.0, 1.0, 0.0, -0.021403, 0.0, 0.0, 0.0, 1.0], [0.99358, 0.0, 0.113136, -5e-06, 0.113136, 0.0, -0.99358, 3.652099, 0.0, 1.0, 0.0, -0.021403, 0.0, 0.0, 0.0, 1.0], [0.993713, 0.0, 0.111953, -5e-06, 0.111953, 0.0, -0.993713, 3.651838, 0.0, 1.0, 0.0, -0.021403, 0.0, 0.0, 0.0, 1.0], [0.993846, 0.0, 0.110772, -5e-06, 0.110772, 0.0, -0.993846, 3.651576, 0.0, 1.0, 0.0, -0.021403, 0.0, 0.0, 0.0, 1.0], [0.993977, 0.0, 0.109591, -5e-06, 0.109591, 0.0, -0.993977, 3.651315, 0.0, 1.0, 0.0, -0.021403, 0.0, 0.0, 0.0, 1.0], [0.994106, 0.0, 0.108411, -5e-06, 0.108411, 0.0, -0.994106, 3.651054, 0.0, 1.0, 0.0, -0.021403, 0.0, 0.0, 0.0, 1.0], [0.994234, 0.0, 0.107232, -5e-06, 0.107232, 0.0, -0.994234, 3.650793, 0.0, 1.0, 0.0, -0.021403, 0.0, 0.0, 0.0, 1.0], [0.99436, 0.0, 0.106054, -5e-06, 0.106054, 0.0, -0.99436, 3.650533, 0.0, 1.0, 0.0, -0.021403, 0.0, 0.0, 0.0, 1.0], [0.994485, 0.0, 0.104877, -5e-06, 0.104877, 0.0, -0.994485, 3.650273, 0.0, 1.0, 0.0, -0.021403, 0.0, 0.0, 0.0, 1.0], [0.994609, 0.0, 0.103701, -5e-06, 0.103701, 0.0, -0.994609, 3.650012, 0.0, 1.0, 0.0, -0.021403, 0.0, 0.0, 0.0, 1.0], [0.99473, 0.0, 0.102526, -5e-06, 0.102526, 0.0, -0.99473, 3.649753, 0.0, 1.0, 0.0, -0.021403, 0.0, 0.0, 0.0, 1.0], [0.994851, 0.0, 0.101353, -5e-06, 0.101353, 0.0, -0.994851, 3.649493, 0.0, 1.0, 0.0, -0.021403, 0.0, 0.0, 0.0, 1.0], [0.994969, 0.0, 0.100181, -5e-06, 0.100181, 0.0, -0.994969, 3.649235, 0.0, 1.0, 0.0, -0.021403, 0.0, 0.0, 0.0, 1.0], [0.995086, 0.0, 0.09901, -5e-06, 0.09901, 0.0, -0.995086, 3.648976, 0.0, 1.0, 0.0, -0.021403, 0.0, 0.0, 0.0, 1.0], [0.995202, 0.0, 0.09784, -5e-06, 0.09784, 0.0, -0.995202, 3.648717, 0.0, 1.0, 0.0, -0.021403, 0.0, 0.0, 0.0, 1.0], [0.995316, 0.0, 0.096672, -5e-06, 0.096672, 0.0, -0.995316, 3.648459, 0.0, 1.0, 0.0, -0.021403, 0.0, 0.0, 0.0, 1.0], [0.995429, 0.0, 0.095506, -5e-06, 0.095506, 0.0, -0.995429, 3.648202, 0.0, 1.0, 0.0, -0.021403, 0.0, 0.0, 0.0, 1.0], [0.99554, 0.0, 0.094341, -5e-06, 0.094341, 0.0, -0.99554, 3.647944, 0.0, 1.0, 0.0, -0.021403, 0.0, 0.0, 0.0, 1.0], [0.99565, 0.0, 0.093177, -5e-06, 0.093177, 0.0, -0.99565, 3.647687, 0.0, 1.0, 0.0, -0.021403, 0.0, 0.0, 0.0, 1.0], [0.995758, 0.0, 0.092016, -5e-06, 0.092016, 0.0, -0.995758, 3.647431, 0.0, 1.0, 0.0, -0.021403, 0.0, 0.0, 0.0, 1.0], [0.995864, 0.0, 0.