{"animation": [{"name": "Root", "time": [0.0, 0.0083, 0.0167, 0.025, 0.0333, 0.0417, 0.05, 0.0583, 0.0667, 0.075, 0.0833, 0.0917, 0.1, 0.1083, 0.1167, 0.125, 0.1333, 0.1417, 0.15, 0.1583, 0.1667, 0.175, 0.1833, 0.1917, 0.2, 0.2083, 0.2167, 0.225, 0.2333, 0.2417, 0.25, 0.2583, 0.2667, 0.275, 0.2833, 0.2917, 0.3, 0.3083, 0.3167, 0.325, 0.3333, 0.3417, 0.35, 0.3583, 0.3667, 0.375, 0.3833, 0.3917, 0.4, 0.4083, 0.4167, 0.425, 0.4333, 0.4417, 0.45, 0.4583, 0.4667, 0.475, 0.4833, 0.4917, 0.5, 0.5083, 0.5167, 0.525, 0.5333, 0.5417, 0.55, 0.5583, 0.5667, 0.575, 0.5833, 0.5917, 0.6, 0.6083, 0.6167, 0.625, 0.6333, 0.6417, 0.65, 0.6583, 0.6667, 0.675, 0.6833, 0.6917, 0.7, 0.7083, 0.7167, 0.725, 0.7333, 0.7417, 0.75, 0.7583, 0.7667, 0.775, 0.7833, 0.7917, 0.8, 0.8083, 0.8167, 0.825, 0.8333, 0.8417, 0.85, 0.8583, 0.8667, 0.875, 0.8833, 0.8917, 0.9, 0.9083, 0.9167, 0.925, 0.9333, 0.9417, 0.95, 0.9583, 0.9667, 0.975, 0.9833, 0.9917, 1.0, 1.0083, 1.0167, 1.025, 1.0333, 1.0417, 1.05, 1.0583, 1.0667, 1.075, 1.0833, 1.0917, 1.1, 1.1083, 1.1167, 1.125, 1.1333, 1.1417, 1.15, 1.1583, 1.1667, 1.175, 1.1833, 1.1917, 1.2, 1.2083, 1.2167, 1.225, 1.2333, 1.2417, 1.25, 1.2583, 1.2667, 1.275, 1.2833, 1.2917, 1.3, 1.3083, 1.3167, 1.325, 1.3333, 1.3417, 1.35, 1.3583, 1.3667, 1.375, 1.3833, 1.3917, 1.4, 1.4083, 1.4167, 1.425, 1.4333, 1.4417, 1.45, 1.4583, 1.4667, 1.475, 1.4833, 1.4917, 1.5, 1.5083, 1.5167, 1.525, 1.5333, 1.5417, 1.55, 1.5583, 1.5667, 1.575, 1.5833, 1.5917, 1.6, 1.6083, 1.6167, 1.625, 1.6333, 1.6417, 1.65, 1.6583, 1.6667, 1.675, 1.6833, 1.6917, 1.7, 1.7083, 1.7167, 1.725, 1.7333, 1.7417, 1.75, 1.7583, 1.7667, 1.775, 1.7833, 1.7917, 1.8, 1.8083, 1.8167, 1.825, 1.8333, 1.8417, 1.85, 1.8583, 1.8667, 1.875, 1.8833, 1.8917, 1.9, 1.9083, 1.9167, 1.925, 1.9333, 1.9417, 1.95, 1.9583, 1.9667, 1.975, 1.9833, 1.9917, 2.0, 2.0083, 2.0167, 2.025, 2.0333, 2.0417, 2.05, 2.0583, 2.0667, 2.075, 2.0833, 2.0917, 2.1, 2.1083, 2.1167, 2.125, 2.1333, 2.1417, 2.15, 2.1583, 2.1667, 2.175, 2.1833, 2.1917, 2.2, 2.2083, 2.2167, 2.225, 2.2333, 2.2417, 2.25, 2.2583, 2.2667, 2.275, 2.2833, 2.2917, 2.3, 2.3083, 2.3167, 2.325, 2.3333, 2.3417, 2.35, 2.3583, 2.3667, 2.375, 2.3833, 2.3917, 2.4, 2.4083, 2.4167, 2.425, 2.4333, 2.4417, 2.45, 2.4583, 2.4667, 2.475, 2.4833, 2.4917, 2.5, 2.5083, 2.5167, 2.525, 2.5333, 2.5417, 2.55, 2.5583, 2.5667, 2.575, 2.5833, 2.5917, 2.6, 2.6083, 2.6167, 2.625, 2.6333, 2.6417, 2.65, 2.6583, 2.6667, 2.675, 2.6833, 2.6917, 2.7, 2.7083, 2.7167, 2.725, 2.7333, 2.7417, 2.75, 2.7583, 2.7667, 2.775, 2.7833, 2.7917, 2.8, 2.8083, 2.8167, 2.825, 2.8333, 2.8417, 2.85, 2.8583, 2.8667, 2.875, 2.8833, 2.8917, 2.9, 2.9083, 2.9167, 2.925, 2.9333, 2.9417, 2.95, 2.9583, 2.9667, 2.975, 2.9833, 2.9917, 3.0, 3.0083, 3.0167, 3.025, 3.0333, 3.0417, 3.05, 3.0583, 3.0667, 3.075, 3.0833, 3.0917, 3.1, 3.1083, 3.1167, 3.125, 3.1333, 3.1417, 3.15, 3.1583, 3.1667, 3.175, 3.1833, 3.1917, 3.2, 3.2083, 3.2167, 3.225, 3.2333, 3.2417, 3.25, 3.2583, 3.2667, 3.275, 3.2833, 3.2917, 3.3, 3.3083, 3.3167, 3.325, 3.3333, 3.3417, 3.35, 3.3583, 3.3667, 3.375, 3.3833, 3.3917, 3.4, 3.4083, 3.4167, 3.425, 3.4333, 3.4417, 3.45, 3.4583, 3.4667, 3.475, 3.4833, 3.4917, 3.5, 3.5083, 3.5167, 3.525, 3.5333, 3.5417, 3.55, 3.5583, 3.5667, 3.575, 3.5833, 3.5917, 3.6, 3.6083, 3.6167, 3.625, 3.6333, 3.6417, 3.65, 3.6583, 3.6667, 3.675, 3.6833, 3.6917, 3.7, 3.7083, 3.7167, 3.725, 3.7333, 3.7417, 3.75, 3.7583, 3.7667, 3.775, 3.7833, 3.7917, 3.8, 3.8083, 3.8167, 3.825, 3.8333, 3.8417, 3.85, 3.8583, 3.8667, 3.875, 3.8833, 3.8917, 3.9, 3.9083, 3.9167, 3.925, 3.9333, 3.9417, 3.95, 3.9583, 3.9667, 3.975, 3.9833, 3.9917, 4.0, 4.0083, 4.0167, 4.025, 4.0333, 4.0417, 4.05, 4.0583, 4.0667, 4.075, 4.0833, 4.0917, 4.1, 4.1083, 4.1167, 4.125, 4.1333, 4.1417, 4.15, 4.1583, 4.1667], "transform": [[0.961731, 0.0, 0.273996, -5e-06, 0.273996, 0.0, -0.961731, 0.010197, 0.0, 1.0, 0.0, -0.021403, 0.0, 0.0, 0.0, 1.0], [0.961731, 1e-05, 0.273997, -5e-06, 0.273997, 1.1e-05, -0.961731, 0.01048, -1.3e-05, 1.0, 8e-06, -0.02102, 0.0, 0.0, 0.0, 1.0], [0.96173, 4.2e-05, 0.273998, -5e-06, 0.273998, 4.4e-05, -0.96173, 0.011319, -5.2e-05, 1.0, 3.1e-05, -0.019881, 0.0, 0.0, 0.0, 1.0], [0.96173, 9.4e-05, 0.273999, -5e-06, 0.273999, 0.0001, -0.96173, 0.012701, -0.000118, 1.0, 7.1e-05, -0.018, 0.0, 0.0, 0.0, 1.0], [0.961729, 0.000167, 0.274001, -5e-06, 0.274001, 0.00018, -0.961729, 0.014613, -0.00021, 1.0, 0.000127, -0.015391, 0.0, 0.0, 0.0, 1.0], [0.961728, 0.000261, 0.274004, -5e-06, 0.274004, 0.000284, -0.961728, 0.017042, -0.000328, 1.0, 0.000202, -0.012068, 0.0, 0.0, 0.0, 1.0], [0.961727, 0.000375, 0.274008, -5e-06, 0.274008, 0.000413, -0.961727, 0.019974, -0.000473, 1.0, 0.000294, -0.008044, 0.0, 0.0, 0.0, 1.0], [0.961726, 0.00051, 0.274012, -5e-06, 0.274011, 0.000567, -0.961726, 0.023396, -0.000645, 1.0, 0.000405, -0.003335, 0.0, 0.0, 0.0, 1.0], [0.961725, 0.000665, 0.274016, -5e-06, 0.274016, 0.000747, -0.961725, 0.027294, -0.000844, 1.0, 0.000536, 0.002047, 0.0, 0.0, 0.0, 1.0], [0.961723, 0.000841, 0.274021, -5e-06, 0.27402, 0.000954, -0.961723, 0.031656, -0.00107, 0.999999, 0.000687, 0.008086, 0.0, 0.0, 0.0, 1.0], [0.961721, 0.001037, 0.274027, -5e-06, 0.274026, 0.001188, -0.961722, 0.036467, -0.001323, 0.999999, 0.000859, 0.014769, 0.0, 0.0, 0.0, 1.0], [0.961719, 0.001253, 0.274033, -5e-06, 0.274032, 0.001451, -0.96172, 0.041716, -0.001603, 0.999998, 0.001052, 0.022083, 0.0, 0.0, 0.0, 1.0], [0.961717, 0.00149, 0.27404, -5e-06, 0.274037, 0.001742, -0.961717, 0.047387, -0.00191, 0.999997, 0.001267, 0.030012, 0.0, 0.0, 0.0, 1.0], [0.961715, 0.001747, 0.274047, -5e-06, 0.274044, 0.002062, -0.961715, 0.053468, -0.002245, 0.999996, 0.001504, 0.038543, 0.0, 0.0, 0.0, 1.0], [0.961712, 0.002024, 0.274055, -5e-06, 0.27405, 0.002412, -0.961712, 0.059946, -0.002608, 0.999995, 0.001765, 0.047662, 0.0, 0.0, 0.0, 1.0], [0.961709, 0.002321, 0.274064, -5e-06, 0.274057, 0.002793, -0.961709, 0.066807, -0.002998, 0.999993, 0.00205, 0.057355, 0.0, 0.0, 0.0, 1.0], [0.961705, 0.002639, 0.274073, -5e-06, 0.274064, 0.003205, -0.961706, 0.074039, -0.003416, 0.999991, 0.002359, 0.067608, 0.0, 0.0, 0.0, 1.0], [0.961702, 0.002976, 0.274082, -5e-06, 0.274071, 0.003649, -0.961702, 0.081626, -0.003862, 0.999989, 0.002693, 0.078407, 0.0, 0.0, 0.0, 1.0], [0.961698, 0.003333, 0.274093, -5e-06, 0.274079, 0.004125, -0.961698, 0.089557, -0.004336, 0.999986, 0.003053, 0.089737, 0.0, 0.0, 0.0, 1.0], [0.961693, 0.00371, 0.274103, -5e-06, 0.274086, 0.004634, -0.961694, 0.097819, -0.004838, 0.999982, 0.00344, 0.101585, 0.0, 0.0, 0.0, 1.0], [0.961688, 0.004106, 0.274114, -5e-06, 0.274093, 0.005177, -0.961689, 0.106396, -0.005368, 0.999978, 0.003853, 0.113937, 0.0, 0.0, 0.0, 1.0], [0.961683, 0.004523, 0.274126, -5e-06, 0.274099, 0.005755, -0.961684, 0.115277, -0.005927, 0.999973, 0.004295, 0.126778, 0.0, 0.0, 0.0, 1.0], [0.961677, 0.004959, 0.274139, -5e-06, 0.274106, 0.006367, -0.961678, 0.124448, -0.006514, 0.999967, 0.004764, 0.140096, 0.0, 0.0, 0.0, 1.0], [0.961671, 0.005414, 0.274152, -5e-06, 0.274113, 0.007015, -0.961672, 0.133896, -0.00713, 0.999961, 0.005262, 0.153874, 0.0, 0.0, 0.0, 1.0], [0.961664, 0.005889, 0.274166, -5e-06, 0.274119, 0.0077, -0.961665, 0.143607, -0.007775, 0.999953, 0.00579, 0.168101, 0.0, 0.0, 0.0, 1.0], [0.961657, 0.006384, 0.27418, -5e-06, 0.274124, 0.008421, -0.961657, 0.153569, -0.008448, 0.999944, 0.006348, 0.182761, 0.0, 0.0, 0.0, 1.0], [0.961649, 0.006898, 0.274195, -5e-06, 0.274129, 0.00918, -0.961649, 0.163767, -0.009151, 0.999934, 0.006937, 0.197841, 0.0, 0.0, 0.0, 1.0], [0.961641, 0.007431, 0.274211, -6e-06, 0.274134, 0.009977, -0.96164, 0.174188, -0.009882, 0.999923, 0.007557, 0.213326, 0.0, 0.0, 0.0, 1.0], [0.961632, 0.007984, 0.274228, -6e-06, 0.274137, 0.010813, -0.96163, 0.184819, -0.010643, 0.99991, 0.00821, 0.229203, 0.0, 0.0, 0.0, 1.0], [0.961622, 0.008556, 0.274245, -6e-06, 0.27414, 0.011689, -0.961619, 0.195647, -0.011433, 0.999895, 0.008895, 0.245457, 0.0, 0.0, 0.0, 1.0], [0.961611, 0.009147, 0.274263, -6e-06, 0.274142, 0.012604, -0.961607, 0.206659, -0.012252, 0.999879, 0.009613, 0.262075, 0.0, 0.0, 0.0, 1.0], [0.9616, 0.009757, 0.274282, -6e-06, 0.274143, 0.013561, -0.961593, 0.21784, -0.013101, 0.99986, 0.010365, 0.279042, 0.0, 0.0, 0.0, 1.0], [0.961587, 0.010386, 0.274302, -6e-06, 0.274143, 0.014558, -0.961579, 0.229179, -0.01398, 0.99984, 0.011152, 0.296345, 0.0, 0.0, 0.0, 1.0], [0.961574, 0.011034, 0.274323, -6e-06, 0.274141, 0.015598, -0.961563, 0.24066, -0.014888, 0.999817, 0.011974, 0.313969, 0.0, 0.0, 0.0, 1.0], [0.96156, 0.0117, 0.274345, -6e-06, 0.274138, 0.01668, -0.961546, 0.252272, -0.015827, 0.999792, 0.012831, 0.3319, 0.0, 0.0, 0.0, 1.0], [0.961545, 0.012386, 0.274368, -6e-06, 0.274134, 0.017806, -0.961527, 0.264001, -0.016795, 0.999765, 0.013726, 0.350125, 0.0, 0.0, 0.0, 1.0], [0.961529, 0.013091, 0.274392, -6e-06, 0.274127, 0.018975, -0.961506, 0.275833, -0.017793, 0.999734, 0.014657, 0.368629, 0.0, 0.0, 0.0, 1.0], [0.961512, 0.013814, 0.274417, -6e-06, 0.274119, 0.020189, -0.961484, 0.287756, -0.018822, 0.999701, 0.015626, 0.387398, 0.0, 0.0, 0.0, 1.0], [0.961493, 0.014555, 0.274443, -6e-06, 0.274109, 0.021448, -0.961459, 0.299755, -0.019881, 0.999664, 0.016633, 0.406419, 0.0, 0.0, 0.0, 1.0], [0.961473, 0.015316, 0.274471, -6e-06, 0.274097, 0.022753, -0.961433, 0.311817, -0.02097, 0.999624, 0.017679, 0.425677, 0.0, 0.0, 0.0, 1.0], [0.961452, 0.016094, 0.2745, -6e-06, 0.274082, 0.024105, -0.961404, 0.32393, -0.02209, 0.99958, 0.018764, 0.445158, 0.0, 0.0, 0.0, 1.0], [0.96143, 0.016891, 0.27453, -6e-06, 0.274065, 0.025503, -0.961373, 0.33608, -0.02324, 0.999532, 0.01989, 0.464849, 0.0, 0.0, 0.0, 1.0], [0.961407, 0.017707, 0.274561, -7e-06, 0.274046, 0.026949, -0.961339, 0.348253, -0.024422, 0.99948, 0.021057, 0.484735, 0.0, 0.0, 0.0, 1.0], [0.961381, 0.018541, 0.274595, -7e-06, 0.274023, 0.028444, -0.961302, 0.360436, -0.025634, 0.999423, 0.022265, 0.504801, 0.0, 0.0, 0.0, 1.0], [0.961355, 0.019393, 0.274629, -7e-06, 0.273998, 0.029987, -0.961263, 0.372616, -0.026877, 0.999362, 0.023515, 0.525035, 0.0, 0.0, 0.0, 1.0], [0.961326, 0.020263, 0.274666, -7e-06, 0.27397, 0.03158, -0.96122, 0.38478, -0.028151, 0.999296, 0.024807, 0.545422, 0.0, 0.0, 0.0, 1.0], [0.961296, 0.021151, 0.274704, -7e-06, 0.273938, 0.033223, -0.961173, 0.396914, -0.029456, 0.999224, 0.026143, 0.565948, 0.0, 0.0, 0.0, 1.0], [0.961265, 0.022057, 0.274744, -7e-06, 0.273902, 0.034916, -0.961124, 0.409005, -0.030792, 0.999147, 0.027523, 0.5866, 0.0, 0.0, 0.0, 1.0], [0.961231, 0.022981, 0.274785, -7e-06, 0.273863, 0.036662, -0.96107, 0.421039, -0.03216, 0.999063, 0.028947, 0.607362, 0.0, 0.0, 0.0, 1.0], [0.961195, 0.023923, 0.274829, -7e-06, 0.273819, 0.038459, -0.961012, 0.433004, -0.033559, 0.998974, 0.030416, 0.628221, 0.0, 0.0, 0.0, 1.0], [0.961158, 0.024882, 0.274875, -7e-06, 0.273772, 0.040308, -0.96095, 0.444886, -0.03499, 0.998877, 0.03193, 0.649164, 0.0, 0.0, 0.0, 1.0], [0.961118, 0.025859, 0.274923, -7e-06, 0.27372, 0.042211, -0.960883, 0.456671, -0.036453, 0.998774, 0.033492, 0.670175, 0.0, 0.0, 0.0, 1.0], [0.961077, 0.026854, 0.274973, -7e-06, 0.273663, 0.044168, -0.960811, 0.468346, -0.037947, 0.998663, 0.035099, 0.691241, 0.0, 0.0, 0.0, 1.0], [0.961033, 0.027866, 0.275026, -7e-06, 0.273602, 0.046179, -0.960734, 0.479899, -0.039473, 0.998544, 0.036755, 0.712348, 0.0, 0.0, 0.0, 1.0], [0.960987, 0.028896, 0.275081, -7e-06, 0.273535, 0.048244, -0.960651, 0.491315, -0.04103, 0.998417, 0.038458, 0.733482, 0.0, 0.0, 0.0, 1.0], [0.960938, 0.029943, 0.275139, -7e-06, 0.273462, 0.050366, -0.960563, 0.502581, -0.04262, 0.998282, 0.04021, 0.754629, 0.0, 0.0, 0.0, 1.0], [0.960887, 0.031007, 0.2752, -7e-06, 0.273384, 0.052544, -0.960469, 0.513685, -0.044242, 0.998137, 0.042011, 0.775775, 0.0, 0.0, 0.0, 1.0], [0.960833, 0.032089, 0.275263, -8e-06, 0.2733, 0.054778, -0.960368, 0.524612, -0.045895, 0.997983, 0.043863, 0.796905, 0.0, 0.0, 0.0, 1.0], [0.960777, 0.033187, 0.275329, -8e-06, 0.27321, 0.05707, -0.96026, 0.535349, -0.047581, 0.997818, 0.045764, 0.818007, 0.0, 0.0, 0.0, 1.0], [0.960718, 0.034303, 0.275399, -8e-06, 0.273113, 0.059419, -0.960145, 0.545883, -0.0493, 0.997644, 0.047716, 0.839065, 0.0, 0.0, 0.0, 1.0], [0.960656, 0.035435, 0.275471, -8e-06, 0.273009, 0.061827, -0.960023, 0.556201, -0.05105, 0.997458, 0.04972, 0.860066, 0.0, 0.0, 0.0, 1.0], [0.960591, 0.036584, 0.275547, -8e-06, 0.272898, 0.064294, -0.959892, 0.566289, -0.052833, 0.99726, 0.051777, 0.880995, 0.0, 0.0, 0.0, 1.0], [0.960523, 0.03775, 0.275627, -8e-06, 0.27278, 0.066821, -0.959753, 0.576135, -0.054648, 0.997051, 0.053885, 0.901839, 0.0, 0.0, 0.0, 1.0], [0.960452, 0.038933, 0.27571, -8e-06, 0.272653, 0.069407, -0.959606, 0.585724, -0.056496, 0.996828, 0.056047, 0.922584, 0.0, 0.0, 0.0, 1.0], [0.960378, 0.040131, 0.275797, -8e-06, 0.272519, 0.072054, -0.959449, 0.595043, -0.058376, 0.996593, 0.058263, 0.943216, 0.0, 0.0, 0.0, 1.0], [0.9603, 0.041347, 0.275887, -8e-06, 0.272376, 0.074763, -0.959282, 0.60408, -0.060289, 0.996344, 0.060533, 0.96372, 0.0, 0.0, 0.0, 1.0], [0.960219, 0.042578, 0.275982, -8e-06, 0.272224, 0.077533, -0.959105, 0.61282, -0.062235, 0.99608, 0.062858, 0.984083, 0.0, 0.0, 0.0, 1.0], [0.960135, 0.043826, 0.276081, -8e-06, 0.272063, 0.080365, -0.958918, 0.621251, -0.064213, 0.995801, 0.065238, 1.00429, 0.0, 0.0, 0.0, 1.0], [0.960046, 0.04509, 0.276185, -8e-06, 0.271892, 0.083261, -0.958719, 0.629358, -0.066224, 0.995507, 0.067674, 1.024328, 0.0, 0.0, 0.0, 1.0], [0.959954, 0.046369, 0.276292, -8e-06, 0.271712, 0.086219, -0.958509, 0.63713, -0.068267, 0.995197, 0.070167, 1.044183, 0.0, 0.0, 0.0, 1.0], [0.959859, 0.047665, 0.276405, -8e-06, 0.271521, 0.089241, -0.958286, 0.644551, -0.070343, 0.994869, 0.072717, 1.06384, 0.0, 0.0, 0.0, 1.0], [0.959759, 0.048976, 0.276522, -8e-06, 0.271319, 0.092327, -0.958051, 0.65161, -0.072452, 0.994524, 0.075324, 1.083285, 0.0, 0.0, 0.0, 1.0], [0.959655, 0.050303, 0.276645, -8e-06, 0.271106, 0.095478, -0.957802, 0.658293, -0.074594, 0.99416, 0.077989, 1.102505, 0.0, 0.0, 0.0, 1.0], [0.959547, 0.051645, 0.276773, -8e-06, 0.270882, 0.098694, -0.95754, 0.664586, -0.076768, 0.993777, 0.080712, 1.121485, 0.0, 0.0, 0.0, 1.0], [0.959434, 0.053002, 0.276906, -8e-06, 0.270645, 0.101976, -0.957263, 0.670477, -0.078975, 0.993374, 0.083494, 1.140212, 0.0, 0.0, 0.0, 1.0], [0.959317, 0.054375, 0.277044, -8e-06, 0.270397, 0.105324, -0.956971, 0.675951, -0.081215, 0.99295, 0.086336, 1.158671, 0.0, 0.0, 0.0, 1.0], [0.959196, 0.055762, 0.277188, -8e-06, 0.270134, 0.108737, -0.956663, 0.681003, -0.083487, 0.992505, 0.089237, 1.176851, 0.0, 0.0, 0.0, 1.0], [0.959073, 0.057163, 0.27733, -8e-06, 0.269852, 0.112215, -0.956341, 0.685659, -0.085788, 0.992038, 0.092196, 1.194744, 0.0, 0.0, 0.0, 1.0], [0.958948, 0.058575, 0.277465, -8e-06, 0.269543, 0.115752, -0.956006, 0.689951, -0.088115, 0.991549, 0.095212, 1.212349, 0.0, 0.0, 0.0, 1.0], [0.958826, 0.059997, 0.277585, -8e-06, 0.269201, 0.119347, -0.955661, 0.693912, -0.090465, 0.991038, 0.098282, 1.22966, 0.0, 0.0, 0.0, 1.0], [0.958707, 0.061426, 0.277683, -9e-06, 0.268817, 0.122997, -0.955306, 0.697576, -0.092835, 0.990504, 0.101406, 1.246675, 0.0, 0.0, 0.0, 1.0], [0.958594, 0.062862, 0.277753, -9e-06, 0.268387, 0.126698, -0.954943, 0.700974, -0.09522, 0.989947, 0.10458, 1.26339, 0.0, 0.0, 0.0, 1.0], [0.958488, 0.064303, 0.277787, -9e-06, 0.267901, 0.130447, -0.954575, 0.704141, -0.097618, 0.989368, 0.107805, 1.2798, 0.0, 0.0, 0.0, 1.0], [0.958393, 0.065747, 0.277778, -9e-06, 0.267354, 0.134241, -0.954202, 0.707108, -0.100025, 0.988765, 0.111078, 1.295902, 0.0, 0.0, 0.0, 1.0], [0.958309, 0.067193, 0.27772, -9e-06, 0.266739, 0.138078, -0.953826, 0.709909, -0.102438, 0.988139, 0.114399, 1.311693, 0.0, 0.0, 0.0, 1.0], [0.95824, 0.06864, 0.277604, -9e-06, 0.266048, 0.141954, -0.95345, 0.712578, -0.104852, 0.987491, 0.117764, 1.327168, 0.0, 0.0, 0.0, 1.0], [0.958187, 0.070086, 0.277425, -9e-06, 0.265276, 0.145866, -0.953075, 0.715145, -0.107264, 0.986819, 0.121175, 1.342323, 0.0, 0.0, 0.0, 1.0], [0.958153, 0.07153, 0.277176, -9e-06, 0.264415, 0.14981, -0.952702, 0.717646, -0.109671, 0.986124, 0.124628, 1.357156, 0.0, 0.0, 0.0, 1.0], [0.958139, 0.072971, 0.276848, -9e-06, 0.263458, 0.153785, -0.952334, 0.720111, -0.112068, 0.985406, 0.128123, 1.371662, 0.0, 0.0, 0.0, 1.0], [0.958148, 0.074409, 0.276435, -9e-06, 0.262399, 0.157787, -0.951972, 0.722576, -0.114453, 0.984666, 0.131658, 1.385837, 0.0, 0.0, 0.0, 1.0], [0.958181, 0.075841, 0.275929, -9e-06, 0.261232, 0.161812, -0.951617, 0.725071, -0.11682, 0.983903, 0.135233, 1.399678, 0.0, 0.0, 0.0, 1.0], [0.958241, 0.077268, 0.275325, -1e-05, 0.259949, 0.165858, -0.951272, 0.727631, -0.119167, 0.983118, 0.138846, 1.41318, 0.0, 0.0, 0.0, 1.0], [0.958329, 0.078688, 0.274614, -1e-05, 0.258544, 0.169921, -0.950937, 0.730288, -0.12149, 0.982311, 0.142496, 1.426341, 0.0, 0.0, 0.0, 1.0], [0.958448, 0.0801, 0.273789, -1e-05, 0.25701, 0.173999, -0.950616, 0.733075, -0.123783, 0.981483, 0.146182, 1.439156, 0.0, 0.0, 0.0, 1.0], [0.9586, 0.081504, 0.272843, -1e-05, 0.255341, 0.178088, -0.950308, 0.736025, -0.126044, 0.980633, 0.149904, 1.451622, 0.0, 0.0, 0.0, 1.0], [0.958785, 0.0829, 0.271769, -1e-05, 0.253531, 0.182186, -0.950016, 0.739171, -0.128269, 0.979763, 0.15366, 1.463735, 0.0, 0.0, 0.0, 1.0], [0.959007, 0.084286, 0.270559, -1.1e-05, 0.251572, 0.186289, -0.949741, 0.742546, -0.130452, 0.978873, 0.157449, 1.47549, 0.0, 0.0, 0.0, 1.0], [0.959266, 0.085663, 0.269205, -1.1e-05, 0.249458, 0.190395, -0.949484, 0.746183, -0.132591, 0.977963, 0.16127, 1.486885, 0.0, 0.0, 0.0, 1.0], [0.959563, 0.087029, 0.267702, -1.1e-05, 0.247183, 0.194499, -0.949247, 0.750115, -0.13468, 0.977034, 0.165122, 1.497916, 0.0, 0.0, 0.0, 1.0], [0.959902, 0.088385, 0.26604, -1.2e-05, 0.24474, 0.198601, -0.949031, 0.754374, -0.136715, 0.976087, 0.169006, 1.508578, 0.0, 0.0, 0.0, 1.0], [0.960282, 0.08973, 0.264212, -1.2e-05, 0.242123, 0.202695, -0.948837, 0.758993, -0.138693, 0.975122, 0.172918, 1.518868, 0.0, 0.0, 0.0, 1.0], [0.960704, 0.091063, 0.262211, -1.3e-05, 0.239325, 0.206779, -0.948665, 0.764006, -0.140608, 0.974141, 0.17686, 1.528782, 0.0, 0.0, 0.0, 1.0], [0.961171, 0.092386, 0.260029, -1.3e-05, 0.236339, 0.210851, -0.948518, 0.769446, -0.142457, 0.973143, 0.18083, 1.538317, 0.0, 0.0, 0.0, 1.0], [0.961682, 0.093697, 0.257658, -1.4e-05, 0.23316, 0.214908, -0.948394, 0.775344, -0.144234, 0.972129, 0.184827, 1.547469, 0.0, 0.0, 0.0, 1.0], [0.962239, 0.094996, 0.255091, -1.4e-05, 0.229779, 0.218945, -0.948296, 0.781735, -0.145936, 0.971102, 0.18885, 1.556233, 0.0, 0.0, 0.0, 1.0], [0.962842, 0.096284, 0.252319, -1.5e-05, 0.226192, 0.222962, -0.948222, 0.788651, -0.147556, 0.970061, 0.192898, 1.564607, 0.0, 0.0, 0.0, 1.0], [0.963491, 0.09756, 0.249334, -1.5e-05, 0.22239, 0.226953, -0.948175, 0.796126, -0.149092, 0.969007, 0.196971, 1.572586, 0.0, 0.0, 0.0, 1.0], [0.964186, 0.098825, 0.246129, -1.6e-05, 0.218368, 0.230917, -0.948152, 0.804191, -0.150537, 0.967941, 0.201067, 1.580166, 0.0, 0.0, 0.0, 1.0], [0.964927, 0.100078, 0.242695, -1.7e-05, 0.214118, 0.234851, -0.948155, 0.81288, -0.151887, 0.966866, 0.205186, 1.587345, 0.0, 0.0, 0.0, 1.0], [0.965713, 0.10132, 0.239023, -1.8e-05, 0.209635, 0.238752, -0.948183, 0.822226, -0.153137, 0.96578, 0.209326, 1.594118, 0.0, 0.0, 0.0, 1.0], [0.966545, 0.102551, 0.235106, -1.8e-05, 0.204911, 0.242617, -0.948234, 0.832261, -0.154283, 0.964687, 0.213486, 1.600481, 0.0, 0.0, 0.0, 1.0], [0.96742, 0.10377, 0.230935, -1.9e-05, 0.199938, 0.246443, -0.948309, 0.843019, -0.155318, 0.963586, 0.217666, 1.60643, 0.0, 0.0, 0.0, 1.0], [0.968337, 0.104978, 0.226501, -2e-05, 0.194712, 0.250227, -0.948406, 0.854533, -0.156239, 0.962479, 0.221864, 1.611963, 0.0, 0.0, 0.0, 1.0], [0.969295, 0.106176, 0.221796, -2.1e-05, 0.189224, 0.253966, -0.948523, 0.866835, -0.157039, 0.961368, 0.226077, 1.617074, 0.0, 0.0, 0.0, 1.0], [0.970292, 0.107362, 0.216811, -2.2e-05, 0.183467, 0.257658, -0.948658, 0.879959, -0.157713, 0.960253, 0.230306, 1.621761, 0.0, 0.0, 0.0, 1.0], [0.971325, 0.108538, 0.211536, -2.3e-05, 0.177435, 0.2613, -0.948809, 0.893937, -0.158257, 0.959136, 0.234549, 1.626019, 0.0, 0.0, 0.0, 1.0], [0.972391, 0.109704, 0.205964, -2.4e-05, 0.17112, 0.264889, -0.948974, 0.908802, -0.158664, 0.958018, 0.238803, 1.629845, 0.0, 0.0, 0.0, 1.0], [0.973487, 0.110859, 0.200085, -2.6e-05, 0.164515, 0.268422, -0.949149, 0.924588, -0.158929, 0.956901, 0.243067, 1.633235, 0.0, 0.0, 0.0, 1.0], [0.974609, 0.112004, 0.193889, -2.7e-05, 0.157614, 0.271896, -0.949332, 0.941326, -0.159047, 0.955786, 0.247339, 1.636185, 0.0, 0.0, 0.0, 1.0], [0.975752, 0.113139, 0.187368, -2.8e-05, 0.150408, 0.275308, -0.949517, 0.959051, -0.159012, 0.954675, 0.251616, 1.638692, 0.0, 0.0, 0.0, 1.0], [0.976913, 0.114264, 0.180513, -3e-05, 0.142892, 0.278657, -0.949701, 0.977794, -0.158818, 0.953569, 0.255896, 1.640751, 0.0, 0.0, 0.0, 1.0], [0.978085, 0.115378, 0.173313, -3.1e-05, 0.135057, 0.281938, -0.949879, 0.997589, -0.158459, 0.95247, 0.260177, 1.642359, 0.0, 0.0, 0.0, 1.0], [0.979263, 0.116483, 0.16576, -3.3e-05, 0.126896, 0.28515, -0.950046, 1.018469, -0.15793, 0.951379, 0.264455, 1.643513, 0.0, 0.0, 0.0, 1.0], [0.980439, 0.117577, 0.157844, -3.4e-05, 0.118403, 0.288289, -0.950195, 1.040467, -0.157225, 0.950297, 0.268728, 1.644208, 0.0, 0.0, 0.0, 1.0], [0.981607, 0.11866, 0.149556, -3.6e-05, 0.109569, 0.291353, -0.95032, 1.063615, -0.156338, 0.949228, 0.272992, 1.64444, 0.0, 0.0, 0.0, 1.0], [0.982944, 0.119551, 0.139742, -0.000832, 0.099342, 0.294288, -0.95054, 1.09165, -0.154762, 0.94821, 0.277392, 1.643673, 0.0, 0.0, 0.0, 1.0], [0.984558, 0.12009, 0.127373, -0.003143, 0.086788, 0.297049, -0.95091, 1.128052, -0.152031, 0.94728, 0.28204, 1.641393, 0.0, 0.0, 0.0, 1.0], [0.986327, 0.120308, 0.112625, -0.006863, 0.072078, 0.299647, -0.951323, 1.172466, -0.148199, 0.946434, 0.286879, 1.637626, 0.0, 0.0, 0.0, 1.0], [0.988125, 0.120233, 0.095672, -0.011881, 0.055384, 0.302095, -0.951668, 1.22454, -0.143324, 0.945665, 0.291849, 1.632402, 0.0, 0.0, 0.0, 1.0], [0.98982, 0.119892, 0.076696, -0.018091, 0.036881, 0.304404, -0.951829, 1.28392, -0.137463, 0.944968, 0.296883, 1.625749, 0.0, 0.0, 0.0, 1.0], [0.991283, 0.119309, 0.055883, -0.025384, 0.016751, 0.306588, -0.951695, 1.350253, -0.130679, 0.944335, 0.301917, 1.617694, 0.0, 0.0, 0.0, 1.0], [0.99239, 0.118508, 0.033428, -0.033651, -0.00482, 0.308658, -0.951161, 1.423187, -0.123038, 0.943762, 0.30688, 1.608266, 0.0, 0.0, 0.0, 1.0], [0.993026, 0.117511, 0.009532, -0.042784, -0.027638, 0.310628, -0.95013, 1.502367, -0.114612, 0.94324, 0.311709, 1.597493, 0.0, 0.0, 0.0, 1.0], [0.993087, 0.11634, -0.015592, -0.052676, -0.051502, 0.312508, -0.948518, 1.587441, -0.105478, 0.942764, 0.316339, 1.585404, 0.0, 0.0, 0.0, 1.0], [0.992487, 0.115017, -0.041724, -0.063217, -0.076205, 0.314309, -0.946257, 1.678056, -0.095721, 0.942328, 0.320712, 1.572026, 0.0, 0.0, 0.0, 1.0], [0.991157, 0.113562, -0.068636, -0.074299, -0.101532, 0.316039, -0.943298, 1.773858, -0.085431, 0.941925, 0.324775, 1.557389, 0.0, 0.0, 0.0, 1.0], [0.989052, 0.111996, -0.096094, -0.085814, -0.127266, 0.317708, -0.939609, 1.874494, -0.074702, 0.941551, 0.328483, 1.541519, 0.0, 0.0, 0.0, 1.0], [0.986146, 0.110339, -0.12386, -0.097655, -0.153187, 0.31932, -0.935183, 1.979612, -0.063636, 0.941201, 0.331799, 1.524446, 0.0, 0.0, 0.0, 1.0], [0.982442, 0.108611, -0.151694, -0.109711, -0.179076, 0.320881, -0.930036, 2.088856, -0.052336, 0.940871, 0.334697, 1.506197, 0.0, 0.0, 0.0, 1.0], [0.977966, 0.106832, -0.179357, -0.121876, -0.204715, 0.322394, -0.924204, 2.201875, -0.040911, 0.940558, 0.337161, 1.486801, 0.0, 0.0, 0.0, 1.0], [0.97277, 0.105022, -0.206612, -0.134041, -0.22989, 0.323859, -0.91775, 2.318317, -0.029471, 0.940259, 0.339183, 1.466286, 0.0, 0.0, 0.0, 1.0], [0.96693, 0.103198, -0.233229, -0.146098, -0.254396, 0.325275, -0.910757, 2.437825, -0.018125, 0.939971, 0.340772, 1.444681, 0.0, 0.0, 0.0, 1.0], [0.960546, 0.10138, -0.258986, -0.157938, -0.278034, 0.326641, -0.903329, 2.560049, -0.006984, 0.939695, 0.341941, 1.422012, 0.0, 0.0, 0.0, 1.0], [0.953737, 0.099584, -0.283669, -0.169453, -0.300617, 0.327953, -0.895587, 2.684635, 0.003844, 0.939431, 0.342718, 1.39831, 0.0, 0.0, 0.0, 1.0], [0.946643, 0.097829, -0.307077, -0.180535, -0.321969, 0.329205, -0.887671, 2.811229, 0.014252, 0.939177, 0.343137, 1.373601, 0.0, 0.0, 0.0, 1.0], [0.939417, 0.096129, -0.329021, -0.191075, -0.341925, 0.330391, -0.879732, 2.939479, 0.024138, 0.938936, 0.343244, 1.347915, 0.0, 0.0, 0.0, 1.0], [0.932226, 0.094501, -0.34932, -0.200966, -0.360332, 0.331502, -0.871933, 3.069031, 0.033402, 0.93871, 0.343087, 1.321279, 0.0, 0.0, 0.0, 1.0], [0.925243, 0.092959, -0.367809, -0.210098, -0.377048, 0.332531, -0.864441, 3.199533, 0.04195, 0.9385, 0.342723, 1.293722, 0.0, 0.0, 0.0, 1.0], [0.918649, 0.091519, -0.384328, -0.218365, -0.391937, 0.333469, -0.857429, 3.33063, 0.04969, 0.938308, 0.34221, 1.265271, 0.0, 0.0, 0.0, 1.0], [0.912623, 0.090195, -0.398727, -0.225656, -0.404873, 0.334304, -0.851069, 3.461969, 0.056534, 0.93814, 0.341611, 1.235955, 0.0, 0.0, 0.0, 1.0], [0.907344, 0.089001, -0.41086, -0.231865, -0.415733, 0.335027, -0.845531, 3.593199, 0.062396, 0.937996, 0.340985, 1.205803, 0.0, 0.0, 0.0, 1.0], [0.902982, 0.087951, -0.420581, -0.236882, -0.424392, 0.335629, -0.840978, 3.723964, 0.067194, 0.93788, 0.340392, 1.174842, 0.0, 0.0, 0.0, 1.0], [0.899698, 0.087061, -0.427744, -0.2406, -0.430726, 0.336098, -0.837564, 3.853913, 0.070845, 0.937795, 0.339886, 1.143101, 0.0, 0.0, 0.0, 1.0], [0.897637, 0.086345, -0.432194, -0.24291, -0.434602, 0.336426, -0.835427, 3.982692, 0.073266, 0.937743, 0.339514, 1.110608, 0.0, 0.0, 0.0, 1.0], [0.896928, 0.085822, -0.433768, -0.243704, -0.435877, 0.336603, -0.834691, 4.109947, 0.074373, 0.937727, 0.339317, 1.077391, 0.0, 0.0, 0.0, 1.0], [0.897265, 0.085142, -0.433205, -0.243019, -0.43516, 0.336158, -0.835245, 4.235373, 0.074511, 0.937949, 0.338674, 1.043486, 0.0, 0.0, 0.0, 1.0], [0.898245, 0.083964, -0.4314, -0.24101, -0.433203, 0.334657, -0.836863, 4.358853, 0.074105, 0.938592, 0.336977, 1.008966, 0.0, 0.0, 0.0, 1.0], [0.899826, 0.08232, -0.428411, -0.237749, -0.430065, 0.332149, -0.839477, 4.480319, 0.07319, 0.939628, 0.334279, 0.973908, 0.0, 0.0, 0.0, 1.0], [0.901962, 0.080248, -0.424292, -0.233309, -0.425802, 0.32868, -0.843008, 4.599699, 0.071806, 0.941026, 0.330627, 0.938393, 0.0, 0.0, 0.0, 1.0], [0.904604, 0.077788, -0.419094, -0.227759, -0.420466, 0.324293, -0.847374, 4.716924, 0.069994, 0.942753, 0.326064, 0.902498, 0.0, 0.0, 0.0, 1.0], [0.9077, 0.07498, -0.412865, -0.221172, -0.414106, 0.319031, -0.852488, 4.831926, 0.067797, 0.944774, 0.320634, 0.866305, 0.0, 0.0, 0.0, 1.0], [0.911197, 0.071869, -0.405654, -0.213619, -0.406769, 0.312935, -0.85826, 4.944635, 0.065261, 0.947051, 0.31438, 0.82989, 0.0, 0.0, 0.0, 1.0], [0.915038, 0.0685, -0.397508, -0.205173, -0.398506, 0.306047, -0.864597, 5.054982, 0.062431, 0.949549, 0.307342, 0.793335, 0.0, 0.0, 0.0, 1.0], [0.919169, 0.064917, -0.388477, -0.195903, -0.389365, 0.298409, -0.871405, 5.162896, 0.059356, 0.952228, 0.299564, 0.756719, 0.0, 0.0, 0.0, 1.0], [0.923533, 0.061167, -0.378611, -0.185883, -0.379398, 0.290064, -0.87859, 5.268309, 0.056081, 0.955051, 0.29109, 0.720119, 0.0, 0.0, 0.0, 1.0], [0.928074, 0.057294, -0.367963, -0.175183, -0.368656, 0.281059, -0.886058, 5.371151, 0.052653, 0.957979, 0.281965, 0.683617, 0.0, 0.0, 0.0, 1.0], [0.932737, 0.053344, -0.35659, -0.163875, -0.357196, 0.271441, -0.893717, 5.471352, 0.049119, 0.960976, 0.272238, 0.64729, 0.0, 0.0, 0.0, 1.0], [0.93747, 0.049359, -0.344549, -0.15203, -0.345077, 0.261262, -0.901479, 5.568844, 0.045521, 0.964005, 0.261958, 0.611218, 0.0, 0.0, 0.0, 1.0], [0.942221, 0.045382, -0.331905, -0.139721, -0.332362, 0.250576, -0.909256, 5.663556, 0.041904, 0.967033, 0.25118, 0.575481, 0.0, 0.0, 0.0, 1.0], [0.946941, 0.04145, -0.318723, -0.127018, -0.319117, 0.239438, -0.91697, 5.755419, 0.038306, 0.970026, 0.239961, 0.540157, 0.0, 0.0, 0.0, 1.0], [0.951586, 0.037602, -0.305075, -0.113993, -0.305411, 0.22791, -0.924544, 5.844364, 0.034765, 0.972956, 0.22836, 0.505326, 0.0, 0.0, 0.0, 1.0], [0.956113, 0.033869, -0.291034, -0.100718, -0.291319, 0.216055, -0.931908, 5.930321, 0.031316, 0.975794, 0.21644, 0.471068, 0.0, 0.0, 0.0, 1.0], [0.960486, 0.030283, -0.276678, -0.087264, -0.276919, 0.203939, -0.939002, 6.013221, 0.02799, 0.978515, 0.204266, 0.43746, 0.0, 0.0, 0.0, 1.0], [0.96467, 0.026868, -0.262087, -0.073703, -0.26229, 0.19163, -0.945771, 6.092995, 0.024813, 0.981099, 0.191907, 0.404583, 0.0, 0.0, 0.0, 1.0], [0.968638, 0.023648, -0.247347, -0.060106, -0.247516, 0.1792, -0.952168, 6.169572, 0.021808, 0.983528, 0.179433, 0.372516, 0.0, 0.0, 0.0, 1.0], [0.972367, 0.020639, -0.232543, -0.046545, -0.232684, 0.166721, -0.958156, 6.242884, 0.018994, 0.985788, 0.166916, 0.341337, 0.0, 0.0, 0.0, 1.0], [0.975838, 0.017856, -0.217764, -0.033091, -0.21788, 0.154268, -0.963706, 6.312861, 0.016386, 0.987868, 0.154431, 0.311127, 0.0, 0.0, 0.0, 1.0], [0.979038, 0.015308, -0.203099, -0.019816, -0.203194, 0.141917, -0.968799, 6.379433, 0.013993, 0.98976, 0.142052, 0.281965, 0.0, 0.0, 0.0, 1.0], [0.98196, 0.012998, -0.18864, -0.006791, -0.188717, 0.129743, -0.973423, 6.442532, 0.011822, 0.991462, 0.129856, 0.253929, 0.0, 0.0, 0.0, 1.0], [0.984601, 0.010929, -0.174476, 0.005912, -0.174539, 0.117824, -0.977575, 6.502087, 0.009873, 0.992974, 0.117917, 0.227099, 0.0, 0.0, 0.0, 1.0], [0.986961, 0.009096, -0.160699, 0.018221, -0.16075, 0.106234, -0.981261, 6.558029, 0.008146, 0.9943, 0.106311, 0.201554, 0.0, 0.0, 0.0, 1.0], [0.989049, 0.007493, -0.147399, 0.030066, -0.14744, 0.095051, -0.984493, 6.610289, 0.006633, 0.995444, 0.095114, 0.177373, 0.0, 0.0, 0.0, 1.0], [0.990872, 0.00611, -0.134666, 0.041374, -0.134699, 0.084347, -0.98729, 6.658798, 0.005326, 0.996418, 0.0844, 0.154636, 0.0, 0.0, 0.0, 1.0], [0.992445, 0.004933, -0.122587, 0.052074, -0.122614, 0.074198, -0.989677, 6.703485, 0.004213, 0.997231, 0.074242, 0.133422, 0.0, 0.0, 0.0, 1.0], [0.993785, 0.003948, -0.11125, 0.062094, -0.111272, 0.064674, -0.991683, 6.744281, 0.00328, 0.997899, 0.064712, 0.113809, 0.0, 0.0, 0.0, 1.0], [0.994908, 0.003136, -0.100739, 0.071364, -0.100757, 0.055848, -0.993342, 6.781117, 0.002511, 0.998434, 0.05588, 0.095879, 0.0, 0.0, 0.0, 1.0], [0.995835, 0.002481, -0.091139, 0.07981, -0.091153, 0.047788, -0.99469, 6.813924, 0.001888, 0.998854, 0.047815, 0.079708, 0.0, 0.0, 0.0, 1.0], [0.996587, 0.001962, -0.082531, 0.087363, -0.082542, 0.040564, -0.995762, 6.842632, 0.001394, 0.999175, 0.040587, 0.065377, 0.0, 0.0, 0.0, 1.0], [0.997183, 0.001562, -0.074995, 0.09395, -0.075005, 0.034241, -0.996595, 6.867171, 0.001012, 0.999412, 0.034262, 0.052966, 0.0, 0.0, 0.0, 1.0], [0.997642, 0.001262, -0.068613, 0.099499, -0.068621, 0.028887, -0.997225, 6.887472, 0.000724, 0.999582, 0.028905, 0.042552, 0.0, 0.0, 0.0, 1.0], [0.997984, 0.001046, -0.063463, 0.10394, -0.063469, 0.024567, -0.997681, 6.903467, 0.000516, 0.999698, 0.024584, 0.034216, 0.0, 0.0, 0.0, 1.0], [0.998221, 0.0009, -0.059622, 0.107201, -0.059628, 0.021346, -0.997992, 6.915083, 0.000374, 0.999772, 0.021362, 0.028036, 0.0, 0.0, 0.0, 1.0], [0.998364, 0.000814, -0.05717, 0.10921, -0.057175, 0.019291, -0.998178, 6.922255, 0.00029, 0.999814, 0.019306, 0.024093, 0.0, 0.0, 0.0, 1.0], [0.99842, 0.000781, -0.056186, 0.109895, -0.056191, 0.018465, -0.998249, 6.92491, 0.000258, 0.999829, 0.01848, 0.022464, 0.0, 0.0, 0.0, 1.0], [0.998433, 0.000774, -0.055962, 0.109892, -0.055967, 0.018278, -0.998265, 6.925283, 0.00025, 0.999833, 0.018293, 0.022021, 0.0, 0.0, 0.0, 1.0], [0.998445, 0.000766, -0.05574, 0.10988, -0.055744, 0.018092, -0.998281, 6.925653, 0.000243, 0.999836, 0.018107, 0.021581, 0.0, 0.0, 0.0, 1.0], [0.998457, 0.000759, -0.055519, 0.109862, -0.055523, 0.017908, -0.998297, 6.926021, 0.000236, 0.999839, 0.017922, 0.021144, 0.0, 0.0, 0.0, 1.0], [0.99847, 0.000752, -0.055299, 0.109836, -0.055304, 0.017724, -0.998312, 6.926387, 0.00023, 0.999843, 0.017739, 0.02071, 0.0, 0.0, 0.0, 1.0], [0.998482, 0.000745, -0.055082, 0.109802, -0.055086, 0.017542, -0.998327, 6.92675, 0.000223, 0.999846, 0.017557, 0.020279, 0.0, 0.0, 0.0, 1.0], [0.998493, 0.000738, -0.054865, 0.109762, -0.05487, 0.017361, -0.998343, 6.92711, 0.000216, 0.999849, 0.017376, 0.01985, 0.0, 0.0, 0.0, 1.0], [0.998505, 0.00073, -0.05465, 0.109714, -0.054655, 0.017182, -0.998357, 6.927468, 0.00021, 0.999852, 0.017196, 0.019425, 0.0, 0.0, 0.0, 1.0], [0.998517, 0.000724, -0.054437, 0.109659, -0.054442, 0.017003, -0.998372, 6.927824, 0.000203, 0.999855, 0.017017, 0.019003, 0.0, 0.0, 0.0, 1.0], [0.998528, 0.000717, -0.054225, 0.109597, -0.05423, 0.016826, -0.998387, 6.928176, 0.000197, 0.999858, 0.01684, 0.018583, 0.0, 0.0, 0.0, 1.0], [0.99854, 0.00071, -0.054015, 0.109528, -0.054019, 0.01665, -0.998401, 6.928527, 0.000191, 0.999861, 0.016664, 0.018167, 0.0, 0.0, 0.0, 1.0], [0.998551, 0.000703, -0.053806, 0.109451, -0.05381, 0.016476, -0.998415, 6.928875, 0.000185, 0.999864, 0.01649, 0.017753, 0.0, 0.0, 0.0, 1.0], [0.998562, 0.000696, -0.053599, 0.109368, -0.053603, 0.016302, -0.998429, 6.92922, 0.000179, 0.999867, 0.016316, 0.017342, 0.0, 0.0, 0.0, 1.0], [0.998573, 0.00069, -0.053393, 0.109278, -0.053397, 0.01613, -0.998443, 6.929564, 0.000173, 0.99987, 0.016144, 0.016935, 0.0, 0.0, 0.0, 1.0], [0.998584, 0.000683, -0.053188, 0.109181, -0.053192, 0.015959, -0.998457, 6.929904, 0.000167, 0.999872, 0.015973, 0.01653, 0.0, 0.0, 0.0, 1.0], [0.998595, 0.000677, -0.052985, 0.109077, -0.052989, 0.015789, -0.99847, 6.930243, 0.000161, 0.999875, 0.015803, 0.016127, 0.0, 0.0, 0.0, 1.0], [0.998606, 0.00067, -0.052784, 0.108967, -0.052788, 0.015621, -0.998484, 6.930579, 0.000155, 0.999878, 0.015635, 0.015728, 0.0, 0.0, 0.0, 1.0], [0.998616, 0.000664, -0.052584, 0.10885, -0.052587, 0.015454, -0.998497, 6.930913, 0.00015, 0.99988, 0.015467, 0.015332, 0.0, 0.0, 0.0, 1.0], [0.998627, 0.000657, -0.052385, 0.108726, -0.052389, 0.015288, -0.99851, 6.931244, 0.000144, 0.999883, 0.015301, 0.014938, 0.0, 0.0, 0.0, 1.0], [0.998637, 0.000651, -0.052188, 0.108595, -0.052191, 0.015123, -0.998523, 6.931572, 0.000139, 0.999885, 0.015136, 0.014547, 0.0, 0.0, 0.0, 1.0], [0.998647, 0.000645, -0.051992, 0.108458, -0.051996, 0.014959, -0.998535, 6.9319, 0.000134, 0.999888, 0.014972, 0.014159, 0.0, 0.0, 0.0, 1.0], [0.998657, 0.000639, -0.051797, 0.108314, -0.051801, 0.014796, -0.998548, 6.932224, 0.000128, 0.99989, 0.01481, 0.013774, 0.0, 0.0, 0.0, 1.0], [0.998667, 0.000633, -0.051604, 0.108164, -0.051608, 0.014635, -0.99856, 6.932545, 0.000123, 0.999893, 0.014648, 0.013392, 0.0, 0.0, 0.0, 1.0], [0.998677, 0.000627, -0.051413, 0.108008, -0.051417, 0.014475, -0.998572, 6.932865, 0.000118, 0.999895, 0.014488, 0.013012, 0.0, 0.0, 0.0, 1.0], [0.998687, 0.000621, -0.051223, 0.107845, -0.051226, 0.014316, -0.998584, 6.933182, 0.000113, 0.999897, 0.014329, 0.012636, 0.0, 0.0, 0.0, 1.0], [0.998697, 0.000615, -0.051034, 0.107676, -0.051038, 0.014158, -0.998596, 6.933497, 0.000109, 0.9999, 0.014171, 0.012262, 0.0, 0.0, 0.0, 1.0], [0.998706, 0.000609, -0.050847, 0.107501, -0.05085, 0.014002, -0.998608, 6.933809, 0.000104, 0.999902, 0.014015, 0.01189, 0.0, 0.0, 0.0, 1.0], [0.998716, 0.000603, -0.050661, 0.107319, -0.050664, 0.013846, -0.99862, 6.934119, 9.9e-05, 0.999904, 0.013859, 0.011522, 0.0, 0.0, 0.0, 1.0], [0.998725, 0.000598, -0.050476, 0.107131, -0.05048, 0.013692, -0.998631, 6.934428, 9.4e-05, 0.999906, 0.013705, 0.011156, 0.0, 0.0, 0.0, 1.0], [0.998734, 0.000592, -0.050293, 0.106937, -0.050296, 0.013539, -0.998643, 6.934732, 9e-05, 0.999908, 0.013551, 0.010793, 0.0, 0.0, 0.0, 1.0], [0.998743, 0.000586, -0.050111, 0.106738, -0.050114, 0.013387, -0.998654, 6.935036, 8.5e-05, 0.99991, 0.013399, 0.010432, 0.0, 0.0, 0.0, 1.0], [0.998753, 0.000581, -0.049931, 0.106532, -0.049934, 0.013236, -0.998665, 6.935337, 8.1e-05, 0.999912, 0.013248, 0.010075, 0.0, 0.0, 0.0, 1.0], [0.998761, 0.000575, -0.049752, 0.10632, -0.049755, 0.013086, -0.998676, 6.935636, 7.7e-05, 0.999914, 0.013099, 0.00972, 0.0, 0.0, 0.0, 1.0], [0.99877, 0.00057, -0.049574, 0.106102, -0.049577, 0.012938, -0.998686, 6.935932, 7.2e-05, 0.999916, 0.01295, 0.009367, 0.0, 0.0, 0.0, 1.0], [0.998779, 0.000564, -0.049397, 0.105879, -0.049401, 0.01279, -0.998697, 6.936226, 6.8e-05, 0.999918, 0.012803, 0.009018, 0.0, 0.0, 0.0, 1.0], [0.998788, 0.000559, -0.049222, 0.105649, -0.049226, 0.012644, -0.998708, 6.936519, 6.4e-05, 0.99992, 0.012656, 0.008671, 0.0, 0.0, 0.0, 1.0], [0.998796, 0.000554, -0.049049, 0.105414, -0.049052, 0.012499, -0.998718, 6.936808, 6e-05, 0.999922, 0.012511, 0.008326, 0.0, 0.0, 0.0, 1.0], [0.998805, 0.000548, -0.048876, 0.105173, -0.048879, 0.012355, -0.998728, 6.937096, 5.6e-05, 0.999924, 0.012367, 0.007985, 0.0, 0.0, 0.0, 1.0], [0.998813, 0.000543, -0.048705, 0.104927, -0.048708, 0.012212, -0.998738, 6.937382, 5.2e-05, 0.999925, 0.012224, 0.007646, 0.0, 0.0, 0.0, 1.0], [0.998821, 0.000538, -0.048536, 0.104675, -0.048539, 0.01207, -0.998748, 6.937665, 4.9e-05, 0.999927, 0.012082, 0.007309, 0.0, 0.0, 0.0, 1.0], [0.998829, 0.000533, -0.048367, 0.104417, -0.04837, 0.011929, -0.998758, 6.937945, 4.5e-05, 0.999929, 0.011941, 0.006975, 0.0, 0.0, 0.0, 1.0], [0.998838, 0.000528, -0.0482, 0.104154, -0.048203, 0.01179, -0.998768, 6.938225, 4.1e-05, 0.99993, 0.011802, 0.006644, 0.0, 0.0, 0.0, 1.0], [0.998845, 0.000523, -0.048035, 0.103885, -0.048038, 0.011651, -0.998778, 6.938501, 3.8e-05, 0.999932, 0.011663, 0.006315, 0.0, 0.0, 0.0, 1.0], [0.998853, 0.000518, -0.04787, 0.103611, -0.047873, 0.011514, -0.998787, 6.938775, 3.4e-05, 0.999934, 0.011525, 0.005989, 0.0, 0.0, 0.0, 1.0], [0.998861, 0.000513, -0.047707, 0.103332, -0.04771, 0.011378, -0.998796, 6.939048, 3.1e-05, 0.999935, 0.011389, 0.005666, 0.0, 0.0, 0.0, 1.0], [0.998869, 0.000508, -0.047545, 0.103048, -0.047548, 0.011242, -0.998806, 6.939318, 2.7e-05, 0.999937, 0.011254, 0.005345, 0.0, 0.0, 0.0, 1.0], [0.998877, 0.000503, -0.047385, 0.102758, -0.047388, 0.011108, -0.998815, 6.939586, 2.4e-05, 0.999938, 0.011119, 0.005026, 0.0, 0.0, 0.0, 1.0], [0.998884, 0.000498, -0.047226, 0.102463, -0.047228, 0.010975, -0.998824, 6.939852, 2.1e-05, 0.99994, 0.010986, 0.00471, 0.0, 0.0, 0.0, 1.0], [0.998892, 0.000493, -0.047068, 0.102163, -0.04707, 0.010843, -0.998833, 6.940115, 1.8e-05, 0.999941, 0.010854, 0.004397, 0.0, 0.0, 0.0, 1.0], [0.998899, 0.000489, -0.046911, 0.101858, -0.046914, 0.010712, -0.998842, 6.940377, 1.4e-05, 0.999942, 0.010723, 0.004086, 0.0, 0.0, 0.0, 1.0], [0.998906, 0.000484, -0.046756, 0.101547, -0.046758, 0.010582, -0.99885, 6.940636, 1.1e-05, 0.999944, 0.010593, 0.003778, 0.0, 0.0, 0.0, 1.0], [0.998913, 0.000479, -0.046601, 0.101232, -0.046604, 0.010453, -0.998859, 6.940894, 8e-06, 0.999945, 0.010464, 0.003472, 0.0, 0.0, 0.0, 1.0], [0.998921, 0.000475, -0.046449, 0.100912, -0.046451, 0.010326, -0.998867, 6.94115, 5e-06, 0.999947, 0.010337, 0.003169, 0.0, 0.0, 0.0, 1.0], [0.998928, 0.00047, -0.046297, 0.100587, -0.046299, 0.010199, -0.998876, 6.941402, 3e-06, 0.999948, 0.01021, 0.002868, 0.0, 0.0, 0.0, 1.0], [0.998935, 0.000466, -0.046147, 0.100257, -0.046149, 0.010073, -0.998884, 6.941654, -0.0, 0.999949, 0.010084, 0.002569, 0.0, 0.0, 0.0, 1.0], [0.998941, 0.000461, -0.045997, 0.099922, -0.046, 0.009949, -0.998892, 6.941903, -3e-06, 0.99995, 0.009959, 0.002273, 0.0, 0.0, 0.0, 1.0], [0.998948, 0.000457, -0.04585, 0.099583, -0.045852, 0.009825, -0.9989, 6.942149, -6e-06, 0.999952, 0.009836, 0.00198, 0.0, 0.0, 0.0, 1.0], [0.998955, 0.000452, -0.045703, 0.099239, -0.045705, 0.009702, -0.998908, 6.942395, -8e-06, 0.999953, 0.009713, 0.001689, 0.0, 0.0, 0.0, 1.0], [0.998962, 0.000448, -0.045558, 0.09889, -0.04556, 0.009581, -0.998916, 6.942637, -1.1e-05, 0.999954, 0.009591, 0.0014, 0.0, 0.0, 0.0, 1.0], [0.998968, 0.000444, -0.045413, 0.098537, -0.045415, 0.00946, -0.998923, 6.942878, -1.4e-05, 0.999955, 0.009471, 0.001114, 0.0, 0.0, 0.0, 1.0], [0.998975, 0.000439, -0.04527, 0.098179, -0.045272, 0.009341, -0.998931, 6.943117, -1.6e-05, 0.999956, 0.009351, 0.00083, 0.0, 0.0, 0.0, 1.0], [0.998981, 0.000435, -0.045129, 0.097817, -0.045131, 0.009222, -0.998938, 6.943355, -1.8e-05, 0.999957, 0.009233, 0.