{"animation": [{"name": "Root", "time": [0.0, 0.0083, 0.0167, 0.025, 0.0333, 0.0417, 0.05, 0.0583, 0.0667, 0.075, 0.0833, 0.0917, 0.1, 0.1083, 0.1167, 0.125, 0.1333, 0.1417, 0.15, 0.1583, 0.1667, 0.175, 0.1833, 0.1917, 0.2, 0.2083, 0.2167, 0.225, 0.2333, 0.2417, 0.25, 0.2583, 0.2667, 0.275, 0.2833, 0.2917, 0.3, 0.3083, 0.3167, 0.325, 0.3333, 0.3417, 0.35, 0.3583, 0.3667, 0.375, 0.3833, 0.3917, 0.4, 0.4083, 0.4167, 0.425, 0.4333, 0.4417, 0.45, 0.4583, 0.4667, 0.475, 0.4833, 0.4917, 0.5, 0.5083, 0.5167, 0.525, 0.5333, 0.5417, 0.55, 0.5583, 0.5667, 0.575, 0.5833, 0.5917, 0.6, 0.6083, 0.6167, 0.625, 0.6333, 0.6417, 0.65, 0.6583, 0.6667, 0.675, 0.6833, 0.6917, 0.7, 0.7083, 0.7167, 0.725, 0.7333, 0.7417, 0.75, 0.7583, 0.7667, 0.775, 0.7833, 0.7917, 0.8, 0.8083, 0.8167, 0.825, 0.8333, 0.8417, 0.85, 0.8583, 0.8667, 0.875, 0.8833, 0.8917, 0.9, 0.9083, 0.9167, 0.925, 0.9333, 0.9417, 0.95, 0.9583, 0.9667, 0.975, 0.9833, 0.9917, 1.0, 1.0083, 1.0167, 1.025, 1.0333, 1.0417, 1.05, 1.0583, 1.0667, 1.075, 1.0833, 1.0917, 1.1, 1.1083, 1.1167, 1.125, 1.1333, 1.1417, 1.15, 1.1583, 1.1667, 1.175, 1.1833, 1.1917, 1.2, 1.2083, 1.2167, 1.225, 1.2333, 1.2417, 1.25, 1.2583, 1.2667, 1.275, 1.2833, 1.2917, 1.3, 1.3083, 1.3167, 1.325, 1.3333, 1.3417, 1.35, 1.3583, 1.3667, 1.375, 1.3833, 1.3917, 1.4, 1.4083, 1.4167, 1.425, 1.4333, 1.4417, 1.45, 1.4583, 1.4667, 1.475, 1.4833, 1.4917, 1.5, 1.5083, 1.5167, 1.525, 1.5333, 1.5417, 1.55, 1.5583, 1.5667, 1.575, 1.5833, 1.5917, 1.6, 1.6083, 1.6167, 1.625, 1.6333, 1.6417, 1.65, 1.6583, 1.6667], "transform": [[0.955951, 0.0, 0.293527, -5e-06, 0.293527, 0.0, -0.955951, 0.000946, 0.0, 1.0, 0.0, -0.021403, 0.0, 0.0, 0.0, 1.0], [0.955951, 0.0, 0.293527, -5e-06, 0.293527, 0.0, -0.955951, 0.000946, 0.0, 1.0, 0.0, -0.021403, 0.0, 0.0, 0.0, 1.0], [0.955951, 0.0, 0.293527, -5e-06, 0.293527, 0.0, -0.955951, 0.000946, 0.0, 1.0, 0.0, -0.021403, 0.0, 0.0, 0.0, 1.0], [0.955951, 0.0, 0.293527, -5e-06, 0.293527, 0.0, -0.955951, 0.000946, 0.0, 1.0, 0.0, -0.021403, 0.0, 0.0, 0.0, 1.0], [0.955951, 0.0, 0.293527, -5e-06, 0.293527, 0.0, -0.955951, 0.000946, 0.0, 1.0, 0.0, -0.021403, 0.0, 0.0, 0.0, 1.0], [0.955951, 0.0, 0.293527, -5e-06, 0.293527, 0.0, -0.955951, 0.000946, 0.0, 1.0, 0.0, -0.021403, 0.0, 0.0, 0.0, 1.0], [0.955951, 0.0, 0.293527, -5e-06, 0.293527, 0.0, -0.955951, 0.000946, 0.0, 1.0, 0.0, -0.021403, 0.0, 0.0, 0.0, 1.0], [0.955951, 0.0, 0.293527, -5e-06, 0.293527, 0.0, -0.955951, 0.000946, 0.0, 1.0, 0.0, -0.021403, 0.0, 0.0, 0.0, 1.0], [0.955951, 0.0, 0.293527, -5e-06, 0.293527, 0.0, -0.955951, 0.000946, 0.0, 1.0, 0.0, -0.021403, 0.0, 0.0, 0.0, 1.0], [0.955951, 0.0, 0.293527, -5e-06, 0.293527, 0.0, -0.955951, 0.000946, 0.0, 1.0, 0.0, -0.021403, 0.0, 0.0, 0.0, 1.0], [0.955951, 0.0, 0.293527, -5e-06, 0.293527, 0.0, -0.955951, 0.000946, 0.0, 1.0, 0.0, -0.021403, 0.0, 0.0, 0.0, 1.0], [0.955951, 0.0, 0.293527, -5e-06, 0.293527, 0.0, -0.955951, 0.000946, 0.0, 1.0, 0.0, -0.021403, 0.0, 0.0, 0.0, 1.0], [0.955951, 0.0, 0.293527, -5e-06, 0.293527, 0.0, -0.955951, 0.000946, 0.0, 1.0, 0.0, -0.021403, 0.0, 0.0, 0.0, 1.0], [0.955951, 0.0, 0.293527, -5e-06, 0.293527, 0.0, -0.955951, 0.000946, 0.0, 1.0, 0.0, -0.021403, 0.0, 0.0, 0.0, 1.0], [0.955951, 0.0, 0.293527, -5e-06, 0.293527, 0.0, -0.955951, 0.000946, 0.0, 1.0, 0.0, -0.021403, 0.0, 0.0, 0.0, 1.0], [0.955951, 0.0, 0.293527, -5e-06, 0.293527, 0.0, -0.955951, 0.000946, 0.0, 1.0, 0.0, -0.021403, 0.0, 0.0, 0.0, 1.0], [0.955951, 0.0, 0.293527, -5e-06, 0.293527, 0.0, -0.955951, 0.000946, 0.0, 1.0, 0.0, -0.021403, 0.0, 0.0, 0.0, 1.0], [0.955951, 0.0, 0.293527, -5e-06, 0.293527, 0.0, -0.955951, 0.000946, 0.0, 1.0, 0.0, -0.021403, 0.0, 0.0, 0.0, 1.0], [0.955951, 0.0, 0.293527, -5e-06, 0.293527, 0.0, -0.955951, 0.000946, 0.0, 1.0, 0.0, -0.021403, 0.0, 0.0, 0.0, 1.0], [0.955951, 0.0, 0.293527, -5e-06, 0.293527, 0.0, -0.955951, 0.000946, 0.0, 1.0, 0.0, -0.021403, 0.0, 0.0, 0.0, 1.0], [0.955951, 0.0, 0.293527, -5e-06, 0.293527, 0.0, -0.955951, 0.000946, 0.0, 1.0, 0.0, -0.021403, 0.0, 0.0, 0.0, 1.0], [0.955951, 0.0, 0.293527, -5e-06, 0.293527, 0.0, -0.955951, 0.000946, 0.0, 1.0, 0.0, -0.021403, 0.0, 0.0, 0.0, 1.0], [0.955951, 0.0, 0.293527, -5e-06, 0.293527, 0.0, -0.955951, 0.000946, 0.0, 1.0, 0.0, -0.021403, 0.0, 0.0, 0.0, 1.0], [0.955951, 0.0, 0.293527, -5e-06, 0.293527, 0.0, -0.955951, 0.000946, 0.0, 1.0, 0.0, -0.021403, 0.0, 0.0, 0.0, 1.0], [0.955951, 0.0, 0.293527, -5e-06, 0.293527, 0.0, -0.955951, 0.000946, 0.0, 1.0, 0.0, -0.021403, 0.0, 0.0, 0.0, 1.0], [0.955951, 0.0, 0.293527, -5e-06, 0.293527, 0.0, -0.955951, 0.000946, 0.0, 1.0, 0.0, -0.021403, 0.0, 0.0, 0.0, 1.0], [0.955951, 0.0, 0.293527, -5e-06, 0.293527, 0.0, -0.955951, 0.000946, 0.0, 1.0, 0.0, -0.021403, 0.0, 0.0, 0.0, 1.0], [0.955951, 0.0, 0.293527, -5e-06, 0.293527, 0.0, -0.955951, 0.000946, 0.0, 1.0, 0.0, -0.021403, 0.0, 0.0, 0.0, 1.0], [0.955951, 0.0, 0.293527, -5e-06, 0.293527, 0.0, -0.955951, 0.000946, 0.0, 1.0, 0.0, -0.021403, 0.0, 0.0, 0.0, 1.0], [0.955951, 0.0, 0.293527, -5e-06, 0.293527, 0.0, -0.955951, 0.000946, 0.0, 1.0, 0.0, -0.021403, 0.0, 0.0, 0.0, 1.0], [0.955951, 0.0, 0.293527, -5e-06, 0.293527, 0.0, -0.955951, 0.000946, 0.0, 1.0, 0.0, -0.021403, 0.0, 0.0, 0.0, 1.0], [0.955951, 0.0, 0.293527, -5e-06, 0.293527, 0.0, -0.955951, 0.000946, 0.0, 1.0, 0.0, -0.021403, 0.0, 0.0, 0.0, 1.0], [0.955951, 0.0, 0.293527, -5e-06, 0.293527, 0.0, -0.955951, 0.000946, 0.0, 1.0, 0.0, -0.021403, 0.0, 0.0, 0.0, 1.0], [0.955951, 0.0, 0.293527, -5e-06, 0.293527, 0.0, -0.955951, 0.000946, 0.0, 1.0, 0.0, -0.021403, 0.0, 0.0, 0.0, 1.0], [0.955951, 0.0, 0.293527, -5e-06, 0.293527, 0.0, -0.955951, 0.000946, 0.0, 1.0, 0.0, -0.021403, 0.0, 0.0, 0.0, 1.0], [0.955951, 0.0, 0.293527, -5e-06, 0.293527, 0.0, -0.955951, 0.000946, 0.0, 1.0, 0.0, -0.021403, 0.0, 0.0, 0.0, 1.0], [0.955951, 0.0, 0.293527, -5e-06, 0.293527, 0.0, -0.955951, 0.000946, 0.0, 1.0, 0.0, -0.021403, 0.0, 0.0, 0.0, 1.0], [0.955951, 0.0, 0.293527, -5e-06, 0.293527, 0.0, -0.955951, 0.000946, 0.0, 1.0, 0.0, -0.021403, 0.0, 0.0, 0.0, 1.0], [0.955951, 0.0, 0.293527, -5e-06, 0.293527, 0.0, -0.955951, 0.000946, 0.0, 1.0, 0.0, -0.021403, 0.0, 0.0, 0.0, 1.0], [0.955951, 0.0, 0.293527, -5e-06, 0.293527, 0.0, -0.955951, 0.000946, 0.0, 1.0, 0.0, -0.021403, 0.0, 0.0, 0.0, 1.0], [0.955951, 0.0, 0.293527, -5e-06, 0.293527, 0.0, -0.955951, 0.000946, 0.0, 1.0, 0.0, -0.021403, 0.0, 0.0, 0.0, 1.0], [0.955951, 0.0, 0.293527, -5e-06, 0.293527, 0.0, -0.955951, 0.000946, 0.0, 1.0, 0.0, -0.021403, 0.0, 0.0, 0.0, 1.0], [0.955951, 0.0, 0.293527, -5e-06, 0.293527, 0.0, -0.955951, 0.000946, 0.0, 1.0, 0.0, -0.021403, 0.0, 0.0, 0.0, 1.0], [0.955951, 0.0, 0.293527, -5e-06, 0.293527, 0.0, -0.955951, 0.000946, 0.0, 1.0, 0.0, -0.021403, 0.0, 0.0, 0.0, 1.0], [0.955951, 0.0, 0.293527, -5e-06, 0.293527, 0.0, -0.955951, 0.000946, 0.0, 1.0, 0.0, -0.021403, 0.0, 0.0, 0.0, 1.0], [0.955951, 0.0, 0.293527, -5e-06, 0.293527, 0.0, -0.955951, 0.000946, 0.0, 1.0, 0.0, -0.021403, 0.0, 0.0, 0.0, 1.0], [0.955951, 0.0, 0.293527, -5e-06, 0.293527, 0.0, -0.955951, 0.000946, 0.0, 1.0, 0.0, -0.021403, 0.0, 0.0, 0.0, 1.0], [0.955951, 0.0, 0.293527, -5e-06, 0.293527, 0.0, -0.955951, 0.000946, 0.0, 1.0, 0.0, -0.021403, 0.0, 0.0, 0.0, 1.0], [0.955951, 0.0, 0.293527, -5e-06, 0.293527, 0.0, -0.955951, 0.000946, 0.0, 1.0, 0.0, -0.021403, 0.0, 0.0, 0.0, 1.0], [0.955951, 0.0, 0.293527, -5e-06, 0.293527, 0.0, -0.955951, 0.000946, 0.0, 1.0, 0.0, -0.021403, 0.0, 0.0, 0.0, 1.0], [0.955951, 0.0, 0.293527, -5e-06, 0.293527, 0.0, -0.955951, 0.000946, 0.0, 1.0, 0.0, -0.021403, 0.0, 0.0, 0.0, 1.0], [0.955951, 0.0, 0.293527, -5e-06, 0.293527, 0.0, -0.955951, 0.000946, 0.0, 1.0, 0.0, -0.021403, 0.0, 0.0, 0.0, 1.0], [0.955951, 0.0, 0.293527, -5e-06, 0.293527, 0.0, -0.955951, 0.000946, 0.0, 1.0, 0.0, -0.021403, 0.0, 0.0, 0.0, 1.0], [0.955951, 0.0, 0.293527, -5e-06, 0.293527, 0.0, -0.955951, 0.000946, 0.0, 1.0, 0.0, -0.021403, 0.0, 0.0, 0.0, 1.0], [0.955951, 0.0, 0.293527, -5e-06, 0.293527, 0.0, -0.955951, 0.000946, 0.0, 1.0, 0.0, -0.021403, 0.0, 0.0, 0.0, 1.0], [0.955951, 0.0, 0.293527, -5e-06, 0.293527, 0.0, -0.955951, 0.000946, 0.0, 1.0, 0.0, -0.021403, 0.0, 0.0, 0.0, 1.0], [0.955951, 0.0, 0.293527, -5e-06, 0.293527, 0.0, -0.955951, 0.000946, 0.0, 1.0, 0.0, -0.021403, 0.0, 0.0, 0.0, 1.0], [0.955951, 0.0, 0.293527, -5e-06, 0.293527, 0.0, -0.955951, 0.000946, 0.0, 1.0, 0.0, -0.021403, 0.0, 0.0, 0.0, 1.0], [0.955951, 0.0, 0.293527, -5e-06, 0.293527, 0.0, -0.955951, 0.000946, 0.0, 1.0, 0.0, -0.021403, 0.0, 0.0, 0.0, 1.0], [0.955951, 0.0, 0.293527, -5e-06, 0.293527, 0.0, -0.955951, 0.000946, 0.0, 1.0, 0.0, -0.021403, 0.0, 0.0, 0.0, 1.0], [0.955951, 0.0, 0.293527, -5e-06, 0.293527, 0.0, -0.955951, 0.000946, 0.0, 1.0, 0.0, -0.021403, 0.0, 0.0, 0.0, 1.0], [0.955951, 0.0, 0.293527, -5e-06, 0.293527, 0.0, -0.955951, 0.000946, 0.0, 1.0, 0.0, -0.021403, 0.0, 0.0, 0.0, 1.0], [0.955951, 0.0, 0.293527, -5e-06, 0.293527, 0.0, -0.955951, 0.000946, 0.0, 1.0, 0.0, -0.021403, 0.0, 0.0, 0.0, 1.0], [0.955951, 0.0, 0.293527, -5e-06, 0.293527, 0.0, -0.955951, 0.000946, 0.0, 1.0, 0.0, -0.021403, 0.0, 0.0, 0.0, 1.0], [0.955951, 0.0, 0.293527, -5e-06, 0.293527, 0.0, -0.955951, 0.000946, 0.0, 1.0, 0.0, -0.021403, 0.0, 0.0, 0.0, 1.0], [0.955951, 0.0, 0.293527, -5e-06, 0.293527, 0.0, -0.955951, 0.000946, 0.0, 1.0, 0.0, -0.021403, 0.0, 0.0, 0.0, 1.0], [0.955951, 0.0, 0.293527, -5e-06, 0.293527, 0.0, -0.955951, 0.000946, 0.0, 1.0, 0.0, -0.021403, 0.0, 0.0, 0.0, 1.0], [0.955951, 0.0, 0.293527, -5e-06, 0.293527, 0.0, -0.955951, 0.000946, 0.0, 1.0, 0.0, -0.021403, 0.0, 0.0, 0.0, 1.0], [0.955951, 0.0, 0.293527, -5e-06, 0.293527, 0.0, -0.955951, 0.000946, 0.0, 1.0, 0.0, -0.021403, 0.0, 0.0, 0.0, 1.0], [0.955951, 0.0, 0.293527, -5e-06, 0.293527, 0.0, -0.955951, 0.000946, 0.0, 1.0, 0.0, -0.021403, 0.0, 0.0, 0.0, 1.0], [0.955951, 0.0, 0.293527, -5e-06, 0.293527, 0.0, -0.955951, 0.000946, 0.0, 1.0, 0.0, -0.021403, 0.0, 0.0, 0.0, 1.0], [0.955951, 0.0, 0.293527, -5e-06, 0.293527, 0.0, -0.955951, 0.000946, 0.0, 1.0, 0.0, -0.021403, 0.0, 0.0, 0.0, 1.0], [0.955951, 0.0, 0.293527, -5e-06, 0.293527, 0.0, -0.955951, 0.000946, 0.0, 1.0, 0.0, -0.021403, 0.0, 0.0, 0.0, 1.0], [0.955951, 0.0, 0.293527, -5e-06, 0.293527, 0.0, -0.955951, 0.000946, 0.0, 1.0, 0.0, -0.021403, 0.0, 0.0, 0.0, 1.0], [0.955951, 0.0, 0.293527, -5e-06, 0.293527, 0.0, -0.955951, 0.000946, 0.0, 1.0, 0.0, -0.021403, 0.0, 0.0, 0.0, 1.0], [0.955951, 0.0, 0.293527, -5e-06, 0.293527, 0.0, -0.955951, 0.000946, 0.0, 1.0, 0.0, -0.021403, 0.0, 0.0, 0.0, 1.0], [0.955951, 0.0, 0.293527, -5e-06, 0.293527, 0.0, -0.955951, 0.000946, 0.0, 1.0, 0.0, -0.021403, 0.0, 0.0, 0.0, 1.0], [0.955951, 0.0, 0.293527, -5e-06, 0.293527, 0.0, -0.955951, 0.000946, 0.0, 1.0, 0.0, -0.021403, 0.0, 0.0, 0.0, 1.0], [0.955951, 0.0, 0.293527, -5e-06, 0.293527, 0.0, -0.955951, 0.000946, 0.0, 1.0, 0.0, -0.021403, 0.0, 0.0, 0.0, 1.0], [0.955951, 0.0, 0.293527, -5e-06, 0.293527, 0.0, -0.955951, 0.000946, 0.0, 1.0, 0.0, -0.021403, 0.0, 0.0, 0.0, 1.0], [0.955951, 0.0, 0.293527, -5e-06, 0.293527, 0.0, -0.955951, 0.000946, 0.0, 1.0, 0.0, -0.021403, 0.0, 0.0, 0.0, 1.0], [0.955951, 0.0, 0.293527, -5e-06, 0.293527, 0.0, -0.955951, 0.000946, 0.0, 1.0, 0.0, -0.021403, 0.0, 0.0, 0.0, 1.0], [0.955951, 0.0, 0.293527, -5e-06, 0.293527, 0.0, -0.955951, 0.000946, 0.0, 1.0, 0.0, -0.021403, 0.0, 0.0, 0.0, 1.0], [0.955951, 0.0, 0.293527, -5e-06, 0.293527, 0.0, -0.955951, 0.000946, 0.0, 1.0, 0.0, -0.021403, 0.0, 0.0, 0.0, 1.0], [0.955951, 0.0, 0.293527, -5e-06, 0.293527, 0.0, -0.955951, 0.000946, 0.0, 1.0, 0.0, -0.021403, 0.0, 0.0, 0.0, 1.0], [0.955951, 0.0, 0.293527, -5e-06, 0.293527, 0.0, -0.955951, 0.000946, 0.0, 1.0, 0.0, -0.021403, 0.0, 0.0, 0.0, 1.0], [0.955951, 0.0, 0.293527, -5e-06, 0.293527, 0.0, -0.955951, 0.000946, 0.0, 1.0, 0.0, -0.021403, 0.0, 0.0, 0.0, 1.0], [0.955951, 0.0, 0.293527, -5e-06, 0.293527, 0.0, -0.955951, 0.000946, 0.0, 1.0, 0.0, -0.021403, 0.0, 0.0, 0.0, 1.0], [0.955951, 0.0, 0.293527, -5e-06, 0.293527, 0.0, -0.955951, 0.000946, 0.0, 1.0, 0.0, -0.021403, 0.0, 0.0, 0.0, 1.0], [0.955951, 0.0, 0.293527, -5e-06, 0.293527, 0.0, -0.955951, 0.000946, 0.0, 1.0, 0.0, -0.021403, 0.0, 0.0, 0.0, 1.0], [0.955951, 0.0, 0.293527, -5e-06, 0.293527, 0.0, -0.955951, 0.000946, 0.0, 1.0, 0.0, -0.021403, 0.0, 0.0, 0.0, 1.0], [0.955951, 0.0, 0.293527, -5e-06, 0.293527, 0.0, -0.955951, 0.000946, 0.0, 1.0, 0.0, -0.021403, 0.0, 0.0, 0.0, 1.0], [0.955951, 0.0, 0.293527, -5e-06, 0.293527, 0.0, -0.955951, 0.000946, 0.0, 1.0, 0.0, -0.021403, 0.0, 0.0, 0.0, 1.0], [0.955951, 0.0, 0.293527, -5e-06, 0.293527, 0.0, -0.955951, 0.000946, 0.0, 1.0, 0.0, -0.021403, 0.0, 0.0, 0.0, 1.0], [0.955951, 0.0, 0.293527, -5e-06, 0.293527, 0.0, -0.955951, 0.000946, 0.0, 1.0, 0.0, -0.021403, 0.0, 0.0, 0.0, 1.0], [0.955951, 0.0, 0.293527, -5e-06, 0.293527, 0.0, -0.955951, 0.000946, 0.0, 1.0, 0.0, -0.021403, 0.0, 0.0, 0.0, 1.0], [0.955951, 0.0, 0.293527, -5e-06, 0.293527, 0.0, -0.955951, 0.000946, 0.0, 1.0, 0.0, -0.021403, 0.0, 0.0, 0.0, 1.0], [0.955951, 0.0, 0.293527, -5e-06, 0.293527, 0.0, -0.955951, 0.000946, 0.0, 1.0, 0.0, -0.021403, 0.0, 0.0, 0.0, 1.0], [0.955951, 0.0, 0.293527, -5e-06, 0.293527, 0.0, -0.955951, 0.000946, 0.0, 1.0, 0.0, -0.021403, 0.0, 0.0, 0.0, 1.0], [0.955951, 0.0, 0.293527, -5e-06, 0.293527, 0.0, -0.955951, 0.000946, 0.0, 1.0, 0.0, -0.021403, 0.0, 0.0, 0.0, 1.0], [0.955951, 0.0, 0.293527, -5e-06, 0.293527, 0.0, -0.955951, 0.000946, 0.0, 1.0, 0.0, -0.021403, 0.0, 0.0, 0.0, 1.0], [0.955951, 0.0, 0.293527, -5e-06, 0.293527, 0.0, -0.955951, 0.000946, 0.0, 1.0, 0.0, -0.021403, 0.0, 0.0, 0.0, 1.0], [0.955951, 0.0, 0.293527, -5e-06, 0.293527, 0.0, -0.955951, 0.000946, 0.0, 1.0, 0.0, -0.021403, 0.0, 0.0, 0.0, 1.0], [0.955951, 0.0, 0.293527, -5e-06, 0.293527, 0.0, -0.955951, 0.000946, 0.0, 1.0, 0.0, -0.021403, 0.0, 0.0, 0.0, 1.0], [0.955951, 0.0, 0.293527, -5e-06, 0.293527, 0.0, -0.955951, 0.000946, 0.0, 1.0, 0.0, -0.021403, 0.0, 0.0, 0.0, 1.0], [0.955951, 0.0, 0.293527, -5e-06, 0.293527, 0.0, -0.955951, 0.000946, 0.0, 1.0, 0.0, -0.021403, 0.0, 0.0, 0.0, 1.0], [0.955951, 0.0, 0.293527, -5e-06, 0.293527, 0.0, -0.955951, 0.000946, 0.0, 1.0, 0.0, -0.021403, 0.0, 0.0, 0.0, 1.0], [0.955951, 0.0, 0.293527, -5e-06, 0.293527, 0.0, -0.955951, 0.000946, 0.0, 1.0, 0.0, -0.021403, 0.0, 0.0, 0.0, 1.0], [0.955951, 0.0, 0.293527, -5e-06, 0.293527, 0.0, -0.955951, 0.000946, 0.0, 1.0, 0.0, -0.021403, 0.0, 0.0, 0.0, 1.0], [0.955951, 0.0, 0.293527, -5e-06, 0.293527, 0.0, -0.955951, 0.000946, 0.0, 1.0, 0.0, -0.021403, 0.0, 0.0, 0.0, 1.0], [0.955951, 0.0, 0.293527, -5e-06, 0.293527, 0.0, -0.955951, 0.000946, 0.0, 1.0, 0.0, -0.021403, 0.0, 0.0, 0.0, 1.0], [0.955951, 0.0, 0.293527, -5e-06, 0.293527, 0.0, -0.955951, 0.000946, 0.0, 1.0, 0.0, -0.021403, 0.0, 0.0, 0.0, 1.0], [0.955951, 0.0, 0.293527, -5e-06, 0.293527, 0.0, -0.955951, 0.000946, 0.0, 1.0, 0.0, -0.021403, 0.0, 0.0, 0.0, 1.0], [0.955951, 0.0, 0.293527, -5e-06, 0.293527, 0.0, -0.955951, 0.000946, 0.0, 1.0, 0.0, -0.021403, 0.0, 0.0, 0.0, 1.0], [0.955951, 0.0, 0.293527, -5e-06, 0.293527, 0.0, -0.955951, 0.000946, 0.0, 1.0, 0.0, -0.021403, 0.0, 0.0, 0.0, 1.0], [0.955951, 0.0, 0.293527, -5e-06, 0.293527, 0.0, -0.955951, 0.000946, 0.0, 1.0, 0.0, -0.021403, 0.0, 0.0, 0.0, 1.0], [0.955951, 0.0, 0.293527, -5e-06, 0.293527, 0.0, -0.955951, 0.000946, 0.0, 1.0, 0.0, -0.021403, 0.0, 0.0, 0.0, 1.0], [0.955951, 0.0, 0.293527, -5e-06, 0.293527, 0.0, -0.955951, 0.000946, 0.0, 1.0, 0.0, -0.021403, 0.0, 0.0, 0.0, 1.0], [0.955951, 0.0, 0.293527, -5e-06, 0.293527, 0.0, -0.955951, 0.000946, 0.0, 1.0, 0.0, -0.021403, 0.0, 0.0, 0.0, 1.0], [0.955951, 0.0, 0.293527, -5e-06, 0.293527, 0.0, -0.955951, 0.000946, 0.0, 1.0, 0.0, -0.021403, 0.0, 0.0, 0.0, 1.0], [0.955951, 0.0, 0.293527, -5e-06, 0.293527, 0.0, -0.955951, 0.000946, 0.0, 1.0, 0.0, -0.021403, 0.0, 0.0, 0.0, 1.0], [0.955951, 0.0, 0.293527, -5e-06, 0.293527, 0.0, -0.955951, 0.000946, 0.0, 1.0, 0.0, -0.021403, 0.0, 0.0, 0.0, 1.0], [0.955951, 0.0, 0.293527, -5e-06, 0.293527, 0.0, -0.955951, 0.000946, 0.0, 1.0, 0.0, -0.021403, 0.0, 0.0, 0.0, 1.0], [0.955951, 0.0, 0.293527, -5e-06, 0.293527, 0.0, -0.955951, 0.000946, 0.0, 1.0, 0.0, -0.021403, 0.0, 0.0, 0.0, 1.0], [0.955951, 0.0, 0.293527, -5e-06, 0.293527, 0.0, -0.955951, 0.000946, 0.0, 1.0, 0.0, -0.021403, 0.0, 0.0, 0.0, 1.0], [0.955951, 0.0, 0.293527, -5e-06, 0.293527, 0.0, -0.955951, 0.000946, 0.0, 1.0, 0.0, -0.021403, 0.0, 0.0, 0.0, 1.0], [0.955951, 0.0, 0.293527, -5e-06, 0.293527, 0.0, -0.955951, 0.000946, 0.0, 1.0, 0.0, -0.021403, 0.0, 0.0, 0.0, 1.0], [0.955951, 0.0, 0.293527, -5e-06, 0.293527, 0.0, -0.955951, 0.000946, 0.0, 1.0, 0.0, -0.021403, 0.0, 0.0, 0.0, 1.0], [0.955951, 0.0, 0.293527, -5e-06, 0.293527, 0.0, -0.955951, 0.000946, 0.0, 1.0, 0.0, -0.021403, 0.0, 0.0, 0.0, 1.0], [0.955951, 0.0, 0.293527, -5e-06, 0.293527, 0.0, -0.955951, 0.000946, 0.0, 1.0, 0.0, -0.021403, 0.0, 0.0, 0.0, 1.0], [0.955951, 0.0, 0.293527, -5e-06, 0.293527, 0.0, -0.955951, 0.000946, 0.0, 1.0, 0.0, -0.021403, 0.0, 0.0, 0.0, 1.0], [0.955951, 0.0, 0.293527, -5e-06, 0.293527, 0.0, -0.955951, 0.000946, 0.0, 1.0, 0.0, -0.021403, 0.0, 0.0, 0.0, 1.0], [0.955951, 0.0, 0.293527, -5e-06, 0.293527, 0.0, -0.955951, 0.000946, 0.0, 1.0, 0.0, -0.021403, 0.0, 0.0, 0.0, 1.0], [0.955951, 0.0, 0.293527, -5e-06, 0.293527, 0.0, -0.955951, 0.000946, 0.0, 1.0, 0.0, -0.021403, 0.0, 0.0, 0.0, 1.0], [0.955951, 0.0, 0.293527, -5e-06, 0.293527, 0.0, -0.955951, 0.000946, 0.0, 1.0, 0.0, -0.021403, 0.0, 0.0, 0.0, 1.0], [0.955951, 0.0, 0.293527, -5e-06, 0.293527, 0.0, -0.955951, 0.000946, 0.0, 1.0, 0.0, -0.021403, 0.0, 0.0, 0.0, 1.0], [0.955951, 0.0, 0.293527, -5e-06, 0.293527, 0.0, -0.955951, 0.000946, 0.0, 1.0, 0.0, -0.021403, 0.0, 0.0, 0.0, 1.0], [0.955951, 0.0, 0.293527, -5e-06, 0.293527, 0.0, -0.955951, 0.000946, 0.0, 1.0, 0.0, -0.021403, 0.0, 0.0, 0.0, 1.0], [0.955951, 0.0, 0.293527, -5e-06, 0.293527, 0.0, -0.955951, 0.000946, 0.0, 1.0, 0.0, -0.021403, 0.0, 0.0, 0.0, 1.0], [0.955951, 0.0, 0.293527, -5e-06, 0.293527, 0.0, -0.955951, 0.000946, 0.0, 1.0, 0.0, -0.021403, 0.0, 0.0, 0.0, 1.0], [0.955951, 0.0, 0.293527, -5e-06, 0.293527, 0.0, -0.955951, 0.000946, 0.0, 1.0, 0.0, -0.021403, 0.0, 0.0, 0.0, 1.0], [0.955951, 0.0, 0.293527, -5e-06, 0.293527, 0.0, -0.955951, 0.000946, 0.0, 1.0, 0.0, -0.021403, 0.0, 0.0, 0.0, 1.0], [0.955951, 0.0, 0.293527, -5e-06, 0.293527, 0.0, -0.955951, 0.000946, 0.0, 1.0, 0.0, -0.021403, 0.0, 0.0, 0.0, 1.0], [0.955951, 0.0, 0.293527, -5e-06, 0.293527, 0.0, -0.955951, 0.000946, 0.0, 1.0, 0.0, -0.021403, 0.0, 0.0, 0.0, 1.0], [0.955951, 0.0, 0.293527, -5e-06, 0.293527, 0.0, -0.955951, 0.000946, 0.0, 1.0, 0.0, -0.021403, 0.0, 0.0, 0.0, 1.0], [0.955951, 0.0, 0.293527, -5e-06, 0.293527, 0.0, -0.955951, 0.000946, 0.0, 1.0, 0.0, -0.021403, 0.0, 0.0, 0.0, 1.0], [0.955951, 0.0, 0.293527, -5e-06, 0.293527, 0.0, -0.955951, 0.000946, 0.0, 1.0, 0.0, -0.021403, 0.0, 0.0, 0.0, 1.0], [0.955951, 0.0, 0.293527, -5e-06, 0.293527, 0.0, -0.955951, 0.000946, 0.0, 1.0, 0.0, -0.021403, 0.0, 0.0, 0.0, 1.0], [0.955951, 0.0, 0.293527, -5e-06, 0.293527, 0.0, -0.955951, 0.000946, 0.0, 1.0, 0.0, -0.021403, 0.0, 0.0, 0.0, 1.0], [0.955951, 0.0, 0.293527, -5e-06, 0.293527, 0.0, -0.955951, 0.000946, 0.0, 1.0, 0.0, -0.021403, 0.0, 0.0, 0.0, 1.0], [0.955951, 0.0, 0.293527, -5e-06, 0.293527, 0.0, -0.955951, 0.000946, 0.0, 1.0, 0.0, -0.021403, 0.0, 0.0, 0.0, 1.0], [0.955951, 0.0, 0.293527, -5e-06, 0.293527, 0.0, -0.955951, 0.000946, 0.0, 1.0, 0.0, -0.021403, 0.0, 0.0, 0.0, 1.0], [0.955951, 0.0, 0.293527, -5e-06, 0.293527, 0.0, -0.955951, 0.000946, 0.0, 1.0, 0.0, -0.021403, 0.0, 0.0, 0.0, 1.0], [0.955951, 0.0, 0.293527, -5e-06, 0.293527, 0.0, -0.955951, 0.000946, 0.0, 1.0, 0.0, -0.021403, 0.0, 0.0, 0.0, 1.0], [0.955951, 0.0, 0.293527, -5e-06, 0.293527, 0.0, -0.955951, 0.000946, 0.0, 1.0, 0.0, -0.021403, 0.0, 0.0, 0.0, 1.0], [0.955951, 0.0, 0.293527, -5e-06, 0.293527, 0.0, -0.955951, 0.000946, 0.0, 1.0, 0.0, -0.021403, 0.0, 0.0, 0.0, 1.0], [0.955951, 0.0, 0.293527, -5e-06, 0.293527, 0.0, -0.955951, 0.000946, 0.0, 1.0, 0.0, -0.021403, 0.0, 0.0, 0.0, 1.0], [0.955951, 0.0, 0.293527, -5e-06, 0.293527, 0.0, -0.955951, 0.000946, 0.0, 1.0, 0.0, -0.021403, 0.0, 0.0, 0.0, 1.0], [0.955951, 0.0, 0.293527, -5e-06, 0.293527, 0.0, -0.955951, 0.000946, 0.0, 1.0, 0.0, -0.021403, 0.0, 0.0, 0.0, 1.0], [0.955951, 0.0, 0.293527, -5e-06, 0.293527, 0.0, -0.955951, 0.000946, 0.0, 1.0, 0.0, -0.021403, 0.0, 0.0, 0.0, 1.0], [0.955951, 0.0, 0.293527, -5e-06, 0.293527, 0.0, -0.955951, 0.000946, 0.0, 1.0, 0.0, -0.021403, 0.0, 0.0, 0.0, 1.0], [0.955951, 0.0, 0.293527, -5e-06, 0.293527, 0.0, -0.955951, 0.000946, 0.0, 1.0, 0.0, -0.021403, 0.0, 0.0, 0.0, 1.0], [0.955951, 0.0, 0.293527, -5e-06, 0.293527, 0.0, -0.955951, 0.000946, 0.0, 1.0, 0.0, -0.021403, 0.0, 0.0, 0.0, 1.0], [0.955951, 0.0, 0.293527, -5e-06, 0.293527, 0.0, -0.955951, 0.000946, 0.0, 1.0, 0.0, -0.021403, 0.0, 0.0, 0.0, 1.0], [0.955951, 0.0, 0.293527, -5e-06, 0.293527, 0.0, -0.955951, 0.000946, 0.0, 1.0, 0.0, -0.021403, 0.0, 0.0, 0.0, 1.0], [0.955951, 0.0, 0.293527, -5e-06, 0.293527, 0.0, -0.955951, 0.000946, 0.0, 1.0, 0.0, -0.021403, 0.0, 0.0, 0.0, 1.0], [0.955951, 0.0, 0.293527, -5e-06, 0.293527, 0.0, -0.955951, 0.000946, 0.0, 1.0, 0.0, -0.021403, 0.0, 0.0, 0.0, 1.0], [0.955951, 0.0, 0.293527, -5e-06, 0.293527, 0.0, -0.955951, 0.000946, 0.0, 1.0, 0.0, -0.021403, 0.0, 0.0, 0.0, 1.0], [0.955951, 0.0, 0.293527, -5e-06, 0.293527, 0.0, -0.955951, 0.000946, 0.0, 1.0, 0.0, -0.021403, 0.0, 0.0, 0.0, 1.0], [0.955951, 0.0, 0.293527, -5e-06, 0.293527, 0.0, -0.955951, 0.000946, 0.0, 1.0, 0.0, -0.021403, 0.0, 0.0, 0.0, 1.0], [0.955951, 0.0, 0.293527, -5e-06, 0.293527, 0.0, -0.955951, 0.000946, 0.0, 1.0, 0.0, -0.021403, 0.0, 0.0, 0.0, 1.0], [0.955951, 0.0, 0.293527, -5e-06, 0.293527, 0.0, -0.955951, 0.000946, 0.0, 1.0, 0.0, -0.021403, 0.0, 0.0, 0.0, 1.0], [0.955951, 0.0, 0.293527, -5e-06, 0.293527, 0.0, -0.955951, 0.000946, 0.0, 1.0, 0.0, -0.021403, 0.0, 0.0, 0.0, 1.0], [0.955951, 0.0, 0.293527, -5e-06, 0.293527, 0.0, -0.955951, 0.000946, 0.0, 1.0, 0.0, -0.021403, 0.0, 0.0, 0.0, 1.0], [0.955951, 0.0, 0.293527, -5e-06, 0.293527, 0.0, -0.955951, 0.000946, 0.0, 1.0, 0.0, -0.021403, 0.0, 0.0, 0.0, 1.0], [0.955951, 0.0, 0.293527, -5e-06, 0.293527, 0.0, -0.955951, 0.000946, 0.0, 1.0, 0.0, -0.021403, 0.0, 0.0, 0.0, 1.0], [0.955951, 0.0, 0.293527, -5e-06, 0.293527, 0.0, -0.955951, 0.000946, 0.0, 1.0, 0.0, -0.021403, 0.0, 0.0, 0.0, 1.0], [0.955951, 0.0, 0.293527, -5e-06, 0.293527, 0.0, -0.955951, 0.000946, 0.0, 1.0, 0.0, -0.021403, 0.0, 0.0, 0.0, 1.0], [0.955951, 0.0, 0.293527, -5e-06, 0.293527, 0.0, -0.955951, 0.000946, 0.0, 1.0, 0.0, -0.021403, 0.0, 0.0, 0.0, 1.0], [0.955951, 0.0, 0.293527, -5e-06, 0.293527, 0.0, -0.955951, 0.000946, 0.0, 1.0, 0.0, -0.021403, 0.0, 0.0, 0.0, 1.0], [0.955951, 0.0, 0.293527, -5e-06, 0.293527, 0.0, -0.955951, 0.000946, 0.0, 1.0, 0.0, -0.021403, 0.0, 0.0, 0.0, 1.0], [0.955951, 0.0, 0.293527, -5e-06, 0.293527, 0.0, -0.955951, 0.000946, 0.0, 1.0, 0.0, -0.021403, 0.0, 0.0, 0.0, 1.0], [0.955951, 0.0, 0.293527, -5e-06, 0.293527, 0.0, -0.955951, 0.000946, 0.0, 1.0, 0.0, -0.021403, 0.0, 0.0, 0.0, 1.0], [0.955951, 0.0, 0.293527, -5e-06, 0.293527, 0.0, -0.955951, 0.000946, 0.0, 1.0, 0.0, -0.021403, 0.0, 0.0, 0.0, 1.0], [0.955951, 0.0, 0.293527, -5e-06, 0.293527, 0.0, -0.955951, 0.000946, 0.0, 1.0, 0.0, -0.021403, 0.0, 0.0, 0.0, 1.0], [0.955951, 0.0, 0.293527, -5e-06, 0.293527, 0.0, -0.955951, 0.000946, 0.0, 1.0, 0.0, -0.021403, 0.0, 0.0, 0.0, 1.0], [0.955951, 0.0, 0.293527, -5e-06, 0.293527, 0.0, -0.955951, 0.000946, 0.0, 1.0, 0.0, -0.021403, 0.0, 0.0, 0.0, 1.0], [0.955951, 0.0, 0.293527, -5e-06, 0.293527, 0.0, -0.955951, 0.000946, 0.0, 1.0, 0.0, -0.021403, 0.0, 0.0, 0.0, 1.0], [0.955951, 0.0, 0.293527, -5e-06, 0.293527, 0.0, -0.955951, 0.000946, 0.0, 1.0, 0.0, -0.021403, 0.0, 0.0, 0.0, 1.0], [0.955951, 0.0, 0.293527, -5e-06, 0.293527, 0.0, -0.955951, 0.000946, 0.0, 1.0, 0.0, -0.021403, 0.0, 0.0, 0.0, 1.0], [0.955951, 0.0, 0.293527, -5e-06, 0.293527, 0.0, -0.955951, 0.000946, 0.0, 1.0, 0.0, -0.021403, 0.0, 0.0, 0.0, 1.0], [0.955951, 0.0, 0.293527, -5e-06, 0.293527, 0.0, -0.955951, 0.000946, 0.0, 1.0, 0.0, -0.021403, 0.0, 0.0, 0.0, 1.0], [0.955951, 0.0, 0.293527, -5e-06, 0.293527, 0.0, -0.955951, 0.000946, 0.0, 1.0, 0.0, -0.021403, 0.0, 0.0, 0.0, 1.0], [0.955951, 0.0, 0.293527, -5e-06, 0.293527, 0.0, -0.955951, 0.000946, 0.0, 1.0, 0.0, -0.021403, 0.0, 0.0, 0.0, 1.0], [0.955951, 0.0, 0.293527, -5e-06, 0.293527, 0.0, -0.955951, 0.000946, 0.0, 1.0, 0.0, -0.021403, 0.0, 0.0, 0.0, 1.0], [0.955951, 0.0, 0.293527, -5e-06, 0.293527, 0.0, -0.955951, 0.000946, 0.0, 1.0, 0.0, -0.021403, 0.0, 0.0, 0.0, 1.0], [0.955951, 0.0, 0.293527, -5e-06, 0.293527, 0.0, -0.955951, 0.000946, 0.0, 1.0, 0.0, -0.021403, 0.0, 0.0, 0.0, 1.0], [0.955951, 0.0, 0.293527, -5e-06, 0.293527, 0.0, -0.955951, 0.000946, 0.0, 1.0, 0.0, -0.021403, 0.0, 0.0, 0.0, 1.0], [0.955951, 0.0, 0.293527, -5e-06, 0.293527, 0.0, -0.955951, 0.000946, 0.0, 1.0, 0.0, -0.021403, 0.0, 0.0, 0.0, 1.0], [0.955951, 0.0, 0.293527, -5e-06, 0.293527, 0.0, -0.955951, 0.000946, 0.0, 1.0, 0.0, -0.021403, 0.0, 0.0, 0.0, 1.0], [0.955951, 0.0, 0.293527, -5e-06, 0.293527, 0.0, -0.955951, 0.000946, 0.0, 1.0, 0.0, -0.021403, 0.0, 0.0, 0.0, 1.0]]}, {"name": "Thigh_R", "time": [0.0, 0.0083, 0.0167, 0.025, 0.0333, 0.0417, 0.05, 0.0583, 0.0667, 0.075, 0.0833, 0.0917, 0.1, 0.1083, 0.1167, 0.125, 0.1333, 0.1417, 0.15, 0.1583, 0.1667, 0.175, 0.1833, 0.1917, 0.2, 0.2083, 0.2167, 0.225, 0.2333, 0.2417, 0.25, 0.2583, 0.2667, 0.275, 0.2833, 0.2917, 0.3, 0.3083, 0.3167, 0.325, 0.3333, 0.3417, 0.35, 0.3583, 0.3667, 0.375, 0.3833, 0.3917, 0.4, 0.4083, 0.4167, 0.425, 0.4333, 0.4417, 0.45, 0.4583, 0.4667, 0.475, 0.4833, 0.4917, 0.5, 0.5083, 0.5167, 0.525, 0.5333, 0.5417, 0.55, 0.5583, 0.5667, 0.575, 0.5833, 0.5917, 0.6, 0.6083, 0.6167, 0.625, 0.6333, 0.6417, 0.65, 0.6583, 0.6667, 0.675, 0.6833, 0.6917, 0.7, 0.7083, 0.7167, 0.725, 0.7333, 0.7417, 0.75, 0.7583, 0.7667, 0.775, 0.7833, 0.7917, 0.8, 0.8083, 0.8167, 0.825, 0.8333, 0.8417, 0.85, 0.8583, 0.8667, 0.875, 0.8833, 0.8917, 0.9, 0.9083, 0.9167, 0.925, 0.9333, 0.9417, 0.95, 0.9583, 0.9667, 0.975, 0.9833, 0.9917, 1.0, 1.0083, 1.0167, 1.025, 1.0333, 1.0417, 1.05, 1.0583, 1.0667, 1.075, 1.0833, 1.0917, 1.1, 1.1083, 1.1167, 1.125, 1.1333, 1.1417, 1.15, 1.1583, 1.1667, 1.175, 1.1833, 1.1917, 1.2, 1.2083, 1.2167, 1.225, 1.2333, 1.2417, 1.25, 1.2583, 1.2667, 1.275, 1.2833, 1.2917, 1.3, 1.3083, 1.3167, 1.325, 1.3333, 1.3417, 1.35, 1.3583, 1.3667, 1.375, 1.3833, 1.3917, 1.4, 1.4083, 1.4167, 1.425, 1.4333, 1.4417, 1.45, 1.4583, 1.4667, 1.475, 1.4833, 1.4917, 1.5, 1.5083, 1.5167, 1.525, 1.5333, 1.5417, 1.55, 1.5583, 1.5667, 1.575, 1.5833, 1.5917, 1.6, 1.6083, 1.6167, 1.625, 1.6333, 1.6417, 1.65, 1.6583, 1.6667], "transform": [[0.962761, 0.201459, 0.180291, 0.140811, 0.268828, -0.784094, -0.559399, 0.466482, 0.028669, 0.587036, -0.809053, -0.108095, 0.0, 0.0, 0.0, 1.0], [0.963922, 0.202646, 0.172598, 0.141405, 0.264843, -0.7952, -0.545451, 0.467505, 0.026717, 0.571484, -0.820179, -0.107343, 0.0, 0.0, 0.0, 1.0], [0.967139, 0.204649, 0.150869, 0.143102, 0.253398, -0.824379, -0.50615, 0.470452, 0.02079, 0.527747, -0.849147, -0.105143, 0.0, 0.0, 0.0, 1.0], [0.971907, 0.204177, 0.117089, 0.145747, 0.235146, -0.863888, -0.445425, 0.475143, 0.010206, 0.460445, -0.88763, -0.10156, 0.0, 0.0, 0.0, 1.0], [0.977486, 0.197925, 0.073122, 0.149152, 0.210907, -0.906184, -0.366536, 0.481395, -0.006285, 0.373705, -0.927527, -0.096637, 0.0, 0.0, 0.0, 1.0], [0.982811, 0.183434, 0.020861, 0.153106, 0.18213, -0.944879, -0.272088, 0.489024, -0.0302, 0.27121, -0.962047, -0.090408, 0.0, 0.0, 0.0, 1.0], [0.986483, 0.15951, -0.037529, 0.157382, 0.151332, -0.97466, -0.164733, 0.497843, -0.062855, 0.156827, -0.985624, -0.08291, 0.0, 0.0, 0.0, 1.0], [0.986955, 0.126582, -0.099479, 0.161743, 0.122308, -0.991333, -0.047974, 0.507661, -0.104689, 0.035181, -0.993883, -0.074193, 0.0, 0.0, 0.0, 1.0], [0.982935, 0.086914, -0.162125, 0.165952, 0.099819, -0.992308, 0.073216, 0.518282, -0.154514, -0.088149, -0.984051, -0.064325, 0.0, 0.0, 0.0, 1.0], [0.97389, 0.044428, -0.22263, 0.169783, 0.088551, -0.977327, 0.192331, 0.529505, -0.209037, -0.207023, -0.955743, -0.053401, 0.0, 0.0, 0.0, 1.0], [0.960411, 0.004046, -0.278557, 0.173026, 0.091619, -0.948862, 0.302103, 0.541124, -0.263089, -0.315664, -0.911669, -0.041541, 0.0, 0.0, 0.0, 1.0], [0.944197, -0.029296, -0.328076, 0.175494, 0.109308, -0.911722, 0.396, 0.55293, -0.310716, -0.409762, -0.857642, -0.028891, 0.0, 0.0, 0.0, 1.0], [0.927648, -0.051573, -0.369876, 0.177039, 0.138858, -0.871779, 0.46981, 0.564713, -0.346679, -0.487178, -0.801542, -0.015617, 0.0, 0.0, 0.0, 1.0], [0.913278, -0.060254, -0.402855, 0.177544, 0.175423, -0.834406, 0.522486, 0.576265, -0.367626, -0.547846, -0.751476, -0.001898, 0.0, 0.0, 0.0, 1.0], [0.903171, -0.054476, -0.425811, 0.176935, 0.213601, -0.803377, 0.555842, 0.587378, -0.372367, -0.592974, -0.713951, 0.012081, 0.0, 0.0, 0.0, 1.0], [0.898666, -0.034911, -0.437243, 0.175175, 0.24869, -0.780577, 0.573457, 0.597852, -0.361322, -0.624084, -0.692795, 0.026139, 0.0, 0.0, 0.0, 1.0], [0.900259, -0.00349, -0.43534, 0.172261, 0.277268, -0.766343, 0.579518, 0.607488, -0.335642, -0.642422, -0.68894, 0.040104, 0.0, 0.0, 0.0, 1.0], [0.907643, 0.036879, -0.418119, 0.168216, 0.297174, -0.75995, 0.57807, 0.616097, -0.296431, -0.648935, -0.700722, 0.053823, 0.0, 0.0, 0.0, 1.0], [0.919747, 0.08256, -0.383732, 0.163087, 0.307219, -0.759896, 0.572867, 0.623493, -0.2443, -0.644782, -0.724275, 0.067165, 0.0, 0.0, 0.0, 1.0], [0.934715, 0.129547, -0.330946, 0.156931, 0.306897, -0.763821, 0.567796, 0.629495, -0.179227, -0.632294, -0.753712, 0.080023, 0.0, 0.0, 0.0, 1.0], [0.949797, 0.174281, -0.25983, 0.149811, 0.296245, -0.768061, 0.567734, 0.633929, -0.10062, -0.616205, -0.781131, 0.092315, 0.0, 0.0, 0.0, 1.0], [0.960315, 0.215034, -0.177639, 0.141753, 0.278569, -0.771273, 0.572309, 0.63723, -0.013943, -0.599082, -0.800566, 0.10402, 0.0, 0.0, 0.0, 1.0], [0.963332, 0.251738, -0.092836, 0.132808, 0.25802, -0.774267, 0.577871, 0.639946, 0.073592, -0.580635, -0.81083, 0.11508, 0.0, 0.0, 0.0, 1.0], [0.958382, 0.28535, -0.008917, 0.123086, 0.23632, -0.77541, 0.585571, 0.642073, 0.160178, -0.563308, -0.810572, 0.125373, 0.0, 0.0, 0.0, 1.0], [0.945601, 0.31753, 0.0708, 0.112723, 0.215067, -0.773423, 0.596291, 0.643622, 0.244099, -0.548627, -0.79964, 0.134797, 0.0, 0.0, 0.0, 1.0], [0.925641, 0.350058, 0.143693, 0.101876, 0.195621, -0.767737, 0.610174, 0.644611, 0.323915, -0.536693, -0.779128, 0.14327, 0.0, 0.0, 0.0, 1.0], [0.899502, 0.384154, 0.208138, 0.090718, 0.179015, -0.758599, 0.626484, 0.645075, 0.39856, -0.526263, -0.751131, 0.150737, 0.0, 0.0, 0.0, 1.0], [0.868359, 0.420151, 0.263489, 0.07943, 0.165922, -0.746803, 0.644015, 0.645057, 0.467358, -0.515517, -0.718205, 0.157172, 0.0, 0.0, 0.0, 1.0], [0.833425, 0.4576, 0.309846, 0.068196, 0.15667, -0.733314, 0.661593, 0.644612, 0.529959, -0.502844, -0.682855, 0.162582, 0.0, 0.0, 0.0, 1.0], [0.795872, 0.4956, 0.347805, 0.057194, 0.151286, -0.719, 0.678344, 0.643803, 0.58626, -0.487257, -0.647209, 0.167001, 0.0, 0.0, 0.0, 1.0], [0.756792, 0.533089, 0.378261, 0.046595, 0.149547, -0.704544, 0.693725, 0.642701, 0.636319, -0.468438, -0.612915, 0.170492, 0.0, 0.0, 0.0, 1.0], [0.717208, 0.56904, 0.402251, 0.036551, 0.151039, -0.69045, 0.707437, 0.641378, 0.680294, -0.446624, -0.581143, 0.173142, 0.0, 0.0, 0.0, 1.0], [0.678087, 0.60257, 0.42084, 0.0272, 0.155211, -0.677072, 0.719363, 0.639909, 0.718406, -0.422471, -0.55264, 0.175055, 0.0, 0.0, 0.0, 1.0], [0.640365, 0.632985, 0.435045, 0.018659, 0.161421, -0.664674, 0.729488, 0.63837, 0.750917, -0.396913, -0.52781, 0.176344, 0.0, 0.0, 0.0, 1.0], [0.604958, 0.659787, 0.445765, 0.011028, 0.168969, -0.653448, 0.737872, 0.636834, 0.778123, -0.371061, -0.506792, 0.177132, 0.0, 0.0, 0.0, 1.0], [0.57277, 0.682666, 0.453762, 0.004393, 0.177139, -0.643562, 0.744614, 0.635371, 0.800347, -0.346113, -0.48954, 0.177538, 0.0, 0.0, 0.0, 1.0], [0.544686, 0.701468, 0.459631, -0.001175, 0.185222, -0.635155, 0.749848, 0.634047, 0.81793, -0.323298, -0.475887, 0.17768, 0.0, 0.0, 0.0, 1.0], [0.521554, 0.716143, 0.463812, -0.005611, 0.192537, -0.628367, 0.753714, 0.632925, 0.831211, -0.303801, -0.46561, 0.177661, 0.0, 0.0, 0.0, 1.0], [0.504175, 0.726693, 0.466609, -0.008856, 0.198446, -0.623335, 0.756355, 0.632061, 0.840492, -0.288738, -0.458479, 0.177573, 0.0, 0.0, 0.0, 1.0], [0.493285, 0.733111, 0.468207, -0.01085, 0.202368, -0.6202, 0.757892, 0.631509, 0.846001, -0.279107, -0.454292, 0.177488, 0.0, 0.0, 0.0, 1.0], [0.48953, 0.735297, 0.468721, -0.01153, 0.203779, -0.619116, 0.7584, 0.631316, 0.847842, -0.275743, -0.452913, 0.177454, 0.0, 0.0, 0.0, 1.0], [0.48953, 0.735297, 0.468721, -0.01153, 0.203779, -0.619117, 0.7584, 0.631316, 0.847842, -0.275743, -0.452914, 0.177454, 0.0, 0.0, 0.0, 1.0], [0.48953, 0.735297, 0.468722, -0.01153, 0.203779, -0.619117, 0.758399, 0.631316, 0.847842, -0.275743, -0.452914, 0.177454, 0.0, 0.0, 0.0, 1.0], [0.489529, 0.735297, 0.468722, -0.01153, 0.203779, -0.619116, 0.758399, 0.631316, 0.847842, -0.275743, -0.452914, 0.177454, 0.0, 0.0, 0.0, 1.0], [0.48953, 0.735297, 0.468721, -0.01153, 0.203779, -0.619116, 0.7584, 0.631316, 0.847842, -0.275743, -0.452913, 0.177454, 0.0, 0.0, 0.0, 1.0], [0.489529, 0.735297, 0.468721, -0.01153, 0.203779, -0.619116, 0.758399, 0.631316, 0.847842, -0.275743, -0.452914, 0.177454, 0.0, 0.0, 0.0, 1.0], [0.489529, 0.735297, 0.468722, -0.01153, 0.203779, -0.619117, 0.758399, 0.631316, 0.847842, -0.275743, -0.452914, 0.177454, 0.0, 0.0, 0.0, 1.0], [0.48953, 0.735297, 0.468721, -0.01153, 0.203779, -0.619116, 0.7584, 0.631316, 0.847842, -0.275743, -0.452913, 0.177454, 0.0, 0.0, 0.0, 1.0], [0.48953, 0.735297, 0.468722, -0.01153, 0.203779, -0.619117, 0.758399, 0.631316, 0.847842, -0.275743, -0.452914, 0.177454, 0.0, 0.0, 0.0, 1.0], [0.489529, 0.735297, 0.468722, -0.01153, 0.203779, -0.619116, 0.758399, 0.631316, 0.847842, -0.275743, -0.452914, 0.177454, 0.0, 0.0, 0.0, 1.0], [0.48953, 0.735297, 0.468721, -0.01153, 0.203779, -0.619116, 0.7584, 0.631316, 0.847842, -0.275743, -0.452913, 0.177454, 0.0, 0.0, 0.0, 1.0], [0.489529, 0.735297, 0.468721, -0.01153, 0.203779, -0.619116, 0.758399, 0.631316, 0.847842, -0.275743, -0.452914, 0.177454, 0.0, 0.0, 0.0, 1.0], [0.489529, 0.735297, 0.468722, -0.01153, 0.203779, -0.619117, 0.758399, 0.631316, 0.847842, -0.275743, -0.452914, 0.177454, 0.0, 0.0, 0.0, 1.0], [0.48953, 0.735297, 0.468721, -0.01153, 0.203779, -0.619116, 0.7584, 0.631316, 0.847842, -0.275743, -0.452913, 0.177454, 0.0, 0.0, 0.0, 1.0], [0.48953, 0.735297, 0.468722, -0.01153, 0.203779, -0.619117, 0.758399, 0.631316, 0.847842, -0.275743, -0.452914, 0.177454, 0.0, 0.0, 0.0, 1.0], [0.489529, 0.735297, 0.468722, -0.01153, 0.203779, -0.619116, 0.758399, 0.631316, 0.847842, -0.275743, -0.452914, 0.177454, 0.0, 0.0, 0.0, 1.0], [0.48953, 0.735297, 0.468721, -0.01153, 0.203779, -0.619116, 0.7584, 0.631316, 0.847842, -0.275743, -0.452913, 0.177454, 0.0, 0.0, 0.0, 1.0], [0.489529, 0.735297, 0.468721, -0.01153, 0.203779, -0.619116, 0.758399, 0.631316, 0.847842, -0.275743, -0.452914, 0.177454, 0.0, 0.0, 0.0, 1.0], [0.489529, 0.735297, 0.468722, -0.01153, 0.203779, -0.619117, 0.758399, 0.631316, 0.847842, -0.275743, -0.452914, 0.177454, 0.0, 0.0, 0.0, 1.0], [0.48953, 0.735297, 0.468721, -0.01153, 0.203779, -0.619116, 0.7584, 0.631316, 0.847842, -0.275743, -0.452913, 0.177454, 0.0, 0.0, 0.0, 1.0], [0.48953, 0.735297, 0.468722, -0.01153, 0.203779, -0.619117, 0.758399, 0.631316, 0.847842, -0.275743, -0.452914, 0.177454, 0.0, 0.0, 0.0, 1.0], [0.489529, 0.735297, 0.468722, -0.01153, 0.203779, -0.619116, 0.758399, 0.631316, 0.847842, -0.275743, -0.452914, 0.177454, 0.0, 0.0, 0.0, 1.0], [0.48953, 0.735297, 0.468721, -0.01153, 0.203779, -0.619116, 0.7584, 0.631316, 0.847842, -0.275743, -0.452913, 0.177454, 0.0, 0.0, 0.0, 1.0], [0.489529, 0.735297, 0.468721, -0.01153, 0.203779, -0.619116, 0.758399, 0.631316, 0.847842, -0.275743, -0.452914, 0.177454, 0.0, 0.0, 0.0, 1.0], [0.489529, 0.735297, 0.468722, -0.01153, 0.203779, -0.619117, 0.758399, 0.631316, 0.847842, -0.275743, -0.452914, 0.177454, 0.0, 0.0, 0.0, 1.0], [0.48953, 0.735297, 0.468721, -0.01153, 0.203779, -0.619116, 0.7584, 0.631316, 0.847842, -0.275743, -0.452913, 0.177454, 0.0, 0.0, 0.0, 1.0], [0.48953, 0.735297, 0.468722, -0.01153, 0.203779, -0.619117, 0.758399, 0.631316, 0.847842, -0.275743, -0.452914, 0.177454, 0.0, 0.0, 0.0, 1.0], [0.489529, 0.735297, 0.468722, -0.01153, 0.203779, -0.619116, 0.758399, 0.631316, 0.847842, -0.275743, -0.452914, 0.177454, 0.0, 0.0, 0.0, 1.0], [0.48953, 0.735297, 0.468721, -0.01153, 0.203779, -0.619116, 0.7584, 0.631316, 0.847842, -0.275743, -0.452913, 0.177454, 0.0, 0.0, 0.0, 1.0], [0.489529, 0.735297, 0.468721, -0.01153, 0.203779, -0.619116, 0.758399, 0.631316, 0.847842, -0.275743, -0.452914, 0.177454, 0.0, 0.0, 0.0, 1.0], [0.489529, 0.735297, 0.468722, -0.01153, 0.203779, -0.619117, 0.758399, 0.631316, 0.847842, -0.275743, -0.452914, 0.177454, 0.0, 0.0, 0.0, 1.0], [0.48953, 0.735297, 0.468721, -0.01153, 0.203779, -0.619116, 0.7584, 0.631316, 0.847842, -0.275743, -0.452913, 0.177454, 0.0, 0.0, 0.0, 1.0], [0.48953, 0.735297, 0.468722, -0.01153, 0.203779, -0.619117, 0.758399, 0.631316, 0.847842, -0.275743, -0.452914, 0.177454, 0.0, 0.0, 0.0, 1.0], [0.489529, 0.735297, 0.468722, -0.01153, 0.203779, -0.619116, 0.758399, 0.631316, 0.847842, -0.275743, -0.452914, 0.177454, 0.0, 0.0, 0.0, 1.0], [0.48953, 0.735297, 0.468721, -0.01153, 0.203779, -0.619116, 0.7584, 0.631316, 0.847842, -0.275743, -0.452913, 0.177454, 0.0, 0.0, 0.0, 1.0], [0.489529, 0.735297, 0.468721, -0.01153, 0.203779, -0.619116, 0.758399, 0.631316, 0.847842, -0.275743, -0.452914, 0.177454, 0.0, 0.0, 0.0, 1.0], [0.489529, 0.735297, 0.468722, -0.01153, 0.203779, -0.619117, 0.758399, 0.631316, 0.847842, -0.275743, -0.452914, 0.177454, 0.0, 0.0, 0.0, 1.0], [0.48953, 0.735297, 0.468721, -0.01153, 0.203779, -0.619116, 0.7584, 0.631316, 0.847842, -0.275743, -0.452913, 0.177454, 0.0, 0.0, 0.0, 1.0], [0.48953, 0.735297, 0.468722, -0.01153, 0.203779, -0.619117, 0.758399, 0.631316, 0.847842, -0.275743, -0.452914, 0.177454, 0.0, 0.0, 0.0, 1.0], [0.489529, 0.735297, 0.468722, -0.01153, 0.203779, -0.619116, 0.758399, 0.631316, 0.847842, -0.275743, -0.452914, 0.177454, 0.0, 0.0, 0.0, 1.0], [0.48953, 0.735297, 0.468721, -0.01153, 0.203779, -0.619116, 0.7584, 0.631316, 0.847842, -0.275743, -0.452913, 0.177454, 0.0, 0.0, 0.0, 1.0], [0.489529, 0.735297, 0.468721, -0.01153, 0.203779, -0.619116, 0.758399, 0.631316, 0.847842, -0.275743, -0.452914, 0.177454, 0.0, 0.0, 0.0, 1.0], [0.489529, 0.735297, 0.468722, -0.01153, 0.203779, -0.619117, 0.758399, 0.631316, 0.847842, -0.275743, -0.452914, 0.177454, 0.0, 0.0, 0.0, 1.0], [0.48953, 0.735297, 0.468721, -0.01153, 0.203779, -0.619116, 0.7584, 0.631316, 0.847842, -0.275743, -0.452913, 0.177454, 0.0, 0.0, 0.0, 1.0], [0.48953, 0.735297, 0.468722, -0.01153, 0.203779, -0.619117, 0.758399, 0.631316, 0.847842, -0.275743, -0.452914, 0.177454, 0.0, 0.0, 0.0, 1.0], [0.489529, 0.735297, 0.468722, -0.01153, 0.203779, -0.619116, 0.758399, 0.631316, 0.847842, -0.275743, -0.452914, 0.177454, 0.0, 0.0, 0.0, 1.0], [0.48953, 0.735297, 0.468721, -0.01153, 0.203779, -0.619116, 0.7584, 0.631316, 0.847842, -0.275743, -0.452913, 0.177454, 0.0, 0.0, 0.0, 1.0], [0.489529, 0.735297, 0.468721, -0.01153, 0.203779, -0.619116, 0.758399, 0.631316, 0.847842, -0.275743, -0.452914, 0.177454, 0.0, 0.0, 0.0, 1.0], [0.489529, 0.735297, 0.468722, -0.01153, 0.203779, -0.619117, 0.758399, 0.631316, 0.847842, -0.275743, -0.452914, 0.177454, 0.0, 0.0, 0.0, 1.0], [0.48953, 0.735297, 0.468721, -0.01153, 0.203779, -0.619116, 0.7584, 0.631316, 0.847842, -0.275743, -0.452913, 0.177454, 0.0, 0.0, 0.0, 1.0], [0.48953, 0.735297, 0.468722, -0.01153, 0.203779, -0.619117, 0.758399, 0.631316, 0.847842, -0.275743, -0.452914, 0.177454, 0.0, 0.0, 0.0, 1.0], [0.489529, 0.735297, 0.468722, -0.01153, 0.203779, -0.619116, 0.758399, 0.631316, 0.847842, -0.275743, -0.452914, 0.177454, 0.0, 0.0, 0.0, 1.0], [0.48953, 0.735297, 0.468721, -0.01153, 0.203779, -0.619116, 0.7584, 0.631316, 0.847842, -0.275743, -0.452913, 0.177454, 0.0, 0.0, 0.0, 