{"animation": [{"name": "Root", "time": [0.0, 0.0118, 0.0235, 0.0353, 0.0471, 0.0588, 0.0706, 0.0824, 0.0941, 0.1059, 0.1176, 0.1294, 0.1412, 0.1529, 0.1647, 0.1765, 0.1882, 0.2, 0.2118, 0.2235, 0.2353, 0.2471, 0.2588, 0.2706, 0.2824, 0.2941, 0.3059, 0.3176, 0.3294, 0.3412, 0.3529, 0.3647, 0.3765, 0.3882, 0.4, 0.4118, 0.4235, 0.4353, 0.4471, 0.4588, 0.4706, 0.4824, 0.4941, 0.5059, 0.5176, 0.5294, 0.5412, 0.5529, 0.5647, 0.5765, 0.5882, 0.6, 0.6118, 0.6235, 0.6353, 0.6471, 0.6588, 0.6706, 0.6824, 0.6941, 0.7059, 0.7176, 0.7294, 0.7412, 0.7529, 0.7647, 0.7765, 0.7882, 0.8, 0.8118, 0.8235, 0.8353, 0.8471, 0.8588, 0.8706, 0.8824, 0.8941, 0.9059, 0.9176, 0.9294, 0.9412, 0.9529, 0.9647, 0.9765, 0.9882, 1.0, 1.0118, 1.0235, 1.0353, 1.0471, 1.0588, 1.0706, 1.0824, 1.0941, 1.1059, 1.1176, 1.1294, 1.1412, 1.1529, 1.1647, 1.1765, 1.1882, 1.2, 1.2118, 1.2235, 1.2353, 1.2471, 1.2588, 1.2706, 1.2824, 1.2941, 1.3059, 1.3176, 1.3294, 1.3412, 1.3529, 1.3647, 1.3765, 1.3882, 1.4, 1.4118, 1.4235, 1.4353, 1.4471, 1.4588, 1.4706, 1.4824, 1.4941, 1.5059, 1.5176, 1.5294, 1.5412, 1.5529, 1.5647, 1.5765, 1.5882, 1.6, 1.6118, 1.6235, 1.6353, 1.6471], "transform": [[0.998172, -0.013281, 0.05896, 0.070932, 0.058898, -0.005082, -0.998251, 0.048222, 0.013557, 0.999899, -0.00429, 0.684637, 0.0, 0.0, 0.0, 1.0], [0.998172, -0.013281, 0.05896, 0.070932, 0.058898, -0.005082, -0.998251, 0.051342, 0.013557, 0.999899, -0.00429, 0.684578, 0.0, 0.0, 0.0, 1.0], [0.998172, -0.013281, 0.05896, 0.070932, 0.058898, -0.005082, -0.998251, 0.060573, 0.013557, 0.999899, -0.00429, 0.684403, 0.0, 0.0, 0.0, 1.0], [0.998172, -0.013281, 0.05896, 0.070932, 0.058898, -0.005082, -0.998251, 0.075721, 0.013557, 0.999899, -0.00429, 0.684116, 0.0, 0.0, 0.0, 1.0], [0.998172, -0.013281, 0.05896, 0.070932, 0.058898, -0.005082, -0.998251, 0.096591, 0.013557, 0.999899, -0.00429, 0.683719, 0.0, 0.0, 0.0, 1.0], [0.998172, -0.013281, 0.05896, 0.070932, 0.058898, -0.005082, -0.998251, 0.12299, 0.013557, 0.999899, -0.00429, 0.683216, 0.0, 0.0, 0.0, 1.0], [0.998172, -0.013281, 0.05896, 0.070932, 0.058898, -0.005082, -0.998251, 0.154724, 0.013557, 0.999899, -0.00429, 0.682609, 0.0, 0.0, 0.0, 1.0], [0.998172, -0.013281, 0.05896, 0.070932, 0.058898, -0.005082, -0.998251, 0.191598, 0.013557, 0.999899, -0.00429, 0.681902, 0.0, 0.0, 0.0, 1.0], [0.998172, -0.013281, 0.05896, 0.070932, 0.058898, -0.005082, -0.998251, 0.233419, 0.013557, 0.999899, -0.00429, 0.681098, 0.0, 0.0, 0.0, 1.0], [0.998172, -0.013281, 0.05896, 0.070932, 0.058898, -0.005082, -0.998251, 0.279993, 0.013557, 0.999899, -0.00429, 0.680199, 0.0, 0.0, 0.0, 1.0], [0.998172, -0.013281, 0.05896, 0.070932, 0.058898, -0.005082, -0.998251, 0.331126, 0.013557, 0.999899, -0.00429, 0.679209, 0.0, 0.0, 0.0, 1.0], [0.998172, -0.013281, 0.05896, 0.070932, 0.058898, -0.005082, -0.998251, 0.386624, 0.013557, 0.999899, -0.00429, 0.678131, 0.0, 0.0, 0.0, 1.0], [0.998172, -0.013281, 0.05896, 0.070932, 0.058898, -0.005082, -0.998251, 0.446292, 0.013557, 0.999899, -0.00429, 0.676968, 0.0, 0.0, 0.0, 1.0], [0.998172, -0.013281, 0.05896, 0.070932, 0.058898, -0.005082, -0.998251, 0.509937, 0.013557, 0.999899, -0.00429, 0.675723, 0.0, 0.0, 0.0, 1.0], [0.998172, -0.013281, 0.05896, 0.070932, 0.058898, -0.005082, -0.998251, 0.577365, 0.013557, 0.999899, -0.00429, 0.674399, 0.0, 0.0, 0.0, 1.0], [0.998172, -0.013281, 0.05896, 0.070932, 0.058898, -0.005082, -0.998251, 0.648382, 0.013557, 0.999899, -0.00429, 0.672999, 0.0, 0.0, 0.0, 1.0], [0.998172, -0.013281, 0.05896, 0.070932, 0.058898, -0.005082, -0.998251, 0.722794, 0.013557, 0.999899, -0.00429, 0.671526, 0.0, 0.0, 0.0, 1.0], [0.998172, -0.013281, 0.05896, 0.070932, 0.058898, -0.005082, -0.998251, 0.800407, 0.013557, 0.999899, -0.00429, 0.669984, 0.0, 0.0, 0.0, 1.0], [0.998172, -0.013281, 0.05896, 0.070932, 0.058898, -0.005082, -0.998251, 0.881026, 0.013557, 0.999899, -0.00429, 0.668375, 0.0, 0.0, 0.0, 1.0], [0.998172, -0.013281, 0.05896, 0.070932, 0.058898, -0.005082, -0.998251, 0.964458, 0.013557, 0.999899, -0.00429, 0.666702, 0.0, 0.0, 0.0, 1.0], [0.998172, -0.013281, 0.05896, 0.070932, 0.058898, -0.005082, -0.998251, 1.050509, 0.013557, 0.999899, -0.00429, 0.664969, 0.0, 0.0, 0.0, 1.0], [0.998172, -0.013281, 0.05896, 0.070932, 0.058898, -0.005082, -0.998251, 1.138986, 0.013557, 0.999899, -0.00429, 0.663178, 0.0, 0.0, 0.0, 1.0], [0.998172, -0.013281, 0.05896, 0.070932, 0.058898, -0.005082, -0.998251, 1.229693, 0.013557, 0.999899, -0.00429, 0.661333, 0.0, 0.0, 0.0, 1.0], [0.998172, -0.013281, 0.05896, 0.070932, 0.058898, -0.005082, -0.998251, 1.322436, 0.013557, 0.999899, -0.00429, 0.659436, 0.0, 0.0, 0.0, 1.0], [0.998172, -0.013281, 0.05896, 0.070932, 0.058898, -0.005082, -0.998251, 1.417023, 0.013557, 0.999899, -0.00429, 0.657491, 0.0, 0.0, 0.0, 1.0], [0.998172, -0.013281, 0.05896, 0.070932, 0.058898, -0.005082, -0.998251, 1.513259, 0.013557, 0.999899, -0.00429, 0.655501, 0.0, 0.0, 0.0, 1.0], [0.998172, -0.013281, 0.05896, 0.070932, 0.058898, -0.005082, -0.998251, 1.610949, 0.013557, 0.999899, -0.00429, 0.653469, 0.0, 0.0, 0.0, 1.0], [0.998172, -0.013281, 0.05896, 0.070932, 0.058898, -0.005082, -0.998251, 1.709901, 0.013557, 0.999899, -0.00429, 0.651398, 0.0, 0.0, 0.0, 1.0], [0.998172, -0.013281, 0.05896, 0.070932, 0.058898, -0.005082, -0.998251, 1.80992, 0.013557, 0.999899, -0.00429, 0.64929, 0.0, 0.0, 0.0, 1.0], [0.998172, -0.013281, 0.05896, 0.070932, 0.058898, -0.005082, -0.998251, 1.910811, 0.013557, 0.999899, -0.00429, 0.64715, 0.0, 0.0, 0.0, 1.0], [0.998172, -0.013281, 0.05896, 0.070932, 0.058898, -0.005082, -0.998251, 2.012382, 0.013557, 0.999899, -0.00429, 0.644979, 0.0, 0.0, 0.0, 1.0], [0.998172, -0.013281, 0.05896, 0.070932, 0.058898, -0.005082, -0.998251, 2.114437, 0.013557, 0.999899, -0.00429, 0.642782, 0.0, 0.0, 0.0, 1.0], [0.998172, -0.013281, 0.05896, 0.070932, 0.058898, -0.005082, -0.998251, 2.216784, 0.013557, 0.999899, -0.00429, 0.640561, 0.0, 0.0, 0.0, 1.0], [0.998172, -0.013281, 0.05896, 0.070932, 0.058898, -0.005082, -0.998251, 2.319227, 0.013557, 0.999899, -0.00429, 0.63832, 0.0, 0.0, 0.0, 1.0], [0.998172, -0.013281, 0.05896, 0.070932, 0.058898, -0.005082, -0.998251, 2.421574, 0.013557, 0.999899, -0.00429, 0.63606, 0.0, 0.0, 0.0, 1.0], [0.998172, -0.013281, 0.05896, 0.070932, 0.058898, -0.005082, -0.998251, 2.523629, 0.013557, 0.999899, -0.00429, 0.633786, 0.0, 0.0, 0.0, 1.0], [0.998172, -0.013281, 0.05896, 0.070932, 0.058898, -0.005082, -0.998251, 2.625199, 0.013557, 0.999899, -0.00429, 0.631501, 0.0, 0.0, 0.0, 1.0], [0.998172, -0.013281, 0.05896, 0.070932, 0.058898, -0.005082, -0.998251, 2.726091, 0.013557, 0.999899, -0.00429, 0.629207, 0.0, 0.0, 0.0, 1.0], [0.998172, -0.013281, 0.05896, 0.070932, 0.058898, -0.005082, -0.998251, 2.82611, 0.013557, 0.999899, -0.00429, 0.626907, 0.0, 0.0, 0.0, 1.0], [0.998172, -0.013281, 0.05896, 0.070932, 0.058898, -0.005082, -0.998251, 2.925061, 0.013557, 0.999899, -0.00429, 0.624606, 0.0, 0.0, 0.0, 1.0], [0.998172, -0.013281, 0.05896, 0.070932, 0.058898, -0.005082, -0.998251, 3.022752, 0.013557, 0.999899, -0.00429, 0.622305, 0.0, 0.0, 0.0, 1.0], [0.998172, -0.013281, 0.05896, 0.070932, 0.058898, -0.005082, -0.998251, 3.118987, 0.013557, 0.999899, -0.00429, 0.620008, 0.0, 0.0, 0.0, 1.0], [0.998172, -0.013281, 0.05896, 0.070932, 0.058898, -0.005082, -0.998251, 3.213575, 0.013557, 0.999899, -0.00429, 0.617717, 0.0, 0.0, 0.0, 1.0], [0.998172, -0.013281, 0.05896, 0.070932, 0.058898, -0.005082, -0.998251, 3.306318, 0.013557, 0.999899, -0.00429, 0.615437, 0.0, 0.0, 0.0, 1.0], [0.998172, -0.013281, 0.05896, 0.070932, 0.058898, -0.005082, -0.998251, 3.397025, 0.013557, 0.999899, -0.00429, 0.613169, 0.0, 0.0, 0.0, 1.0], [0.998172, -0.013281, 0.05896, 0.070932, 0.058898, -0.005082, -0.998251, 3.485501, 0.013557, 0.999899, -0.00429, 0.610918, 0.0, 0.0, 0.0, 1.0], [0.998172, -0.013281, 0.05896, 0.070932, 0.058898, -0.005082, -0.998251, 3.571552, 0.013557, 0.999899, -0.00429, 0.608685, 0.0, 0.0, 0.0, 1.0], [0.998172, -0.013281, 0.05896, 0.070932, 0.058898, -0.005082, -0.998251, 3.654985, 0.013557, 0.999899, -0.00429, 0.606475, 0.0, 0.0, 0.0, 1.0], [0.998172, -0.013281, 0.05896, 0.070932, 0.058898, -0.005082, -0.998251, 3.735605, 0.013557, 0.999899, -0.00429, 0.60429, 0.0, 0.0, 0.0, 1.0], [0.998172, -0.013281, 0.05896, 0.070932, 0.058898, -0.005082, -0.998251, 3.813217, 0.013557, 0.999899, -0.00429, 0.602134, 0.0, 0.0, 0.0, 1.0], [0.998172, -0.013281, 0.05896, 0.070932, 0.058898, -0.005082, -0.998251, 3.887629, 0.013557, 0.999899, -0.00429, 0.600008, 0.0, 0.0, 0.0, 1.0], [0.998172, -0.013281, 0.05896, 0.070932, 0.058898, -0.005082, -0.998251, 3.958644, 0.013557, 0.999899, -0.00429, 0.597917, 0.0, 0.0, 0.0, 1.0], [0.998172, -0.013281, 0.05896, 0.070932, 0.058898, -0.005082, -0.998251, 4.026073, 0.013557, 0.999899, -0.00429, 0.595864, 0.0, 0.0, 0.0, 1.0], [0.998172, -0.013281, 0.05896, 0.070932, 0.058898, -0.005082, -0.998251, 4.089718, 0.013557, 0.999899, -0.00429, 0.593851, 0.0, 0.0, 0.0, 1.0], [0.998172, -0.013281, 0.05896, 0.070932, 0.058898, -0.005082, -0.998251, 4.149386, 0.013557, 0.999899, -0.00429, 0.591882, 0.0, 0.0, 0.0, 1.0], [0.998172, -0.013281, 0.05896, 0.070932, 0.058898, -0.005082, -0.998251, 4.204884, 0.013557, 0.999899, -0.00429, 0.589959, 0.0, 0.0, 0.0, 1.0], [0.998172, -0.013281, 0.05896, 0.070932, 0.058898, -0.005082, -0.998251, 4.256017, 0.013557, 0.999899, -0.00429, 0.588086, 0.0, 0.0, 0.0, 1.0], [0.998172, -0.013281, 0.05896, 0.070932, 0.058898, -0.005082, -0.998251, 4.302591, 0.013557, 0.999899, -0.00429, 0.586266, 0.0, 0.0, 0.0, 1.0], [0.998172, -0.013281, 0.05896, 0.070932, 0.058898, -0.005082, -0.998251, 4.344412, 0.013557, 0.999899, -0.00429, 0.584502, 0.0, 0.0, 0.0, 1.0], [0.998172, -0.013281, 0.05896, 0.070932, 0.058898, -0.005082, -0.998251, 4.381287, 0.013557, 0.999899, -0.00429, 0.582797, 0.0, 0.0, 0.0, 1.0], [0.998172, -0.013281, 0.05896, 0.070932, 0.058898, -0.005082, -0.998251, 4.413021, 0.013557, 0.999899, -0.00429, 0.581154, 0.0, 0.0, 0.0, 1.0], [0.998172, -0.013281, 0.05896, 0.070932, 0.058898, -0.005082, -0.998251, 4.43942, 0.013557, 0.999899, -0.00429, 0.579576, 0.0, 0.0, 0.0, 1.0], [0.998172, -0.013281, 0.05896, 0.070932, 0.058898, -0.005082, -0.998251, 4.46029, 0.013557, 0.999899, -0.00429, 0.578066, 0.0, 0.0, 0.0, 1.0], [0.998172, -0.013281, 0.05896, 0.070932, 0.058898, -0.005082, -0.998251, 4.475437, 0.013557, 0.999899, -0.00429, 0.576627, 0.0, 0.0, 0.0, 1.0], [0.998172, -0.013281, 0.05896, 0.070932, 0.058898, -0.005082, -0.998251, 4.484667, 0.013557, 0.999899, -0.00429, 0.575262, 0.0, 0.0, 0.0, 1.0], [0.998172, -0.013281, 0.05896, 0.070932, 0.058898, -0.005082, -0.998251, 4.487789, 0.013557, 0.999899, -0.00429, 0.573975, 0.0, 0.0, 0.0, 1.0], [0.998172, -0.013281, 0.05896, 0.070932, 0.058898, -0.005082, -0.998251, 4.487789, 0.013557, 0.999899, -0.00429, 0.572767, 0.0, 0.0, 0.0, 1.0], [0.998172, -0.013281, 0.05896, 0.070932, 0.058898, -0.005082, -0.998251, 4.487789, 0.013557, 0.999899, -0.00429, 0.571638, 0.0, 0.0, 0.0, 1.0], [0.998172, -0.013281, 0.05896, 0.070932, 0.058898, -0.005082, -0.998251, 4.487789, 0.013557, 0.999899, -0.00429, 0.570585, 0.0, 0.0, 0.0, 1.0], [0.998172, -0.013281, 0.05896, 0.070932, 0.058898, -0.005082, -0.998251, 4.487789, 0.013557, 0.999899, -0.00429, 0.569608, 0.0, 0.0, 0.0, 1.0], [0.998172, -0.013281, 0.05896, 0.070932, 0.058898, -0.005082, -0.998251, 4.487789, 0.013557, 0.999899, -0.00429, 0.568704, 0.0, 0.0, 0.0, 1.0], [0.998172, -0.013281, 0.05896, 0.070932, 0.058898, -0.005082, -0.998251, 4.487789, 0.013557, 0.999899, -0.00429, 0.567871, 0.0, 0.0, 0.0, 1.0], [0.998172, -0.013281, 0.05896, 0.070932, 0.058898, -0.005082, -0.998251, 4.487789, 0.013557, 0.999899, -0.00429, 0.567107, 0.0, 0.0, 0.0, 1.0], [0.998172, -0.013281, 0.05896, 0.070932, 0.058898, -0.005082, -0.998251, 4.487789, 0.013557, 0.999899, -0.00429, 0.566412, 0.0, 0.0, 0.0, 1.0], [0.998172, -0.013281, 0.05896, 0.070932, 0.058898, -0.005082, -0.998251, 4.487789, 0.013557, 0.999899, -0.00429, 0.565782, 0.0, 0.0, 0.0, 1.0], [0.998172, -0.013281, 0.05896, 0.070932, 0.058898, -0.005082, -0.998251, 4.487789, 0.013557, 0.999899, -0.00429, 0.565217, 0.0, 0.0, 0.0, 1.0], [0.998172, -0.013281, 0.05896, 0.070932, 0.058898, -0.005082, -0.998251, 4.487789, 0.013557, 0.999899, -0.00429, 0.564714, 0.0, 0.0, 0.0, 1.0], [0.998172, -0.013281, 0.05896, 0.070932, 0.058898, -0.005082, -0.998251, 4.487789, 0.013557, 0.999899, -0.00429, 0.564271, 0.0, 0.0, 0.0, 1.0], [0.998172, -0.013281, 0.05896, 0.070932, 0.058898, -0.005082, -0.998251, 4.487789, 0.013557, 0.999899, -0.00429, 0.563888, 0.0, 0.0, 0.0, 1.0], [0.998172, -0.013281, 0.05896, 0.070932, 0.058898, -0.005082, -0.998251, 4.487789, 0.013557, 0.999899, -0.00429, 0.563561, 0.0, 0.0, 0.0, 1.0], [0.998172, -0.013281, 0.05896, 0.070932, 0.058898, -0.005082, -0.998251, 4.487789, 0.013557, 0.999899, -0.00429, 0.56329, 0.0, 0.0, 0.0, 1.0], [0.998172, -0.013281, 0.05896, 0.070932, 0.058898, -0.005082, -0.998251, 4.487789, 0.013557, 0.999899, -0.00429, 0.563072, 0.0, 0.0, 0.0, 1.0], [0.998172, -0.013281, 0.05896, 0.070932, 0.058898, -0.005082, -0.998251, 4.487789, 0.013557, 0.999899, -0.00429, 0.562905, 0.0, 0.0, 0.0, 1.0], [0.998172, -0.013281, 0.05896, 0.070932, 0.058898, -0.005082, -0.998251, 4.487789, 0.013557, 0.999899, -0.00429, 0.562789, 0.0, 0.0, 0.0, 1.0], [0.998172, -0.013281, 0.05896, 0.070932, 0.058898, -0.005082, -0.998251, 4.487789, 0.013557, 0.999899, -0.00429, 0.56272, 0.0, 0.0, 0.0, 1.0], [0.998172, -0.013281, 0.05896, 0.070932, 0.058898, -0.005082, -0.998251, 4.487789, 0.013557, 0.999899, -0.00429, 0.562697, 0.0, 0.0, 0.0, 1.0], [0.998172, -0.013281, 0.05896, 0.070932, 0.058898, -0.005082, -0.998251, 4.487789, 0.013557, 0.999899, -0.00429, 0.562697, 0.0, 0.0, 0.0, 1.0], [0.998172, -0.013281, 0.05896, 0.070932, 0.058898, -0.005082, -0.998251, 4.487789, 0.013557, 0.999899, -0.00429, 0.562697, 0.0, 0.0, 0.0, 1.0], [0.998172, -0.013281, 0.05896, 0.070932, 0.058898, -0.005082, -0.998251, 4.487789, 0.013557, 0.999899, -0.00429, 0.562697, 0.0, 0.0, 0.0, 1.0], [0.998172, -0.013281, 0.05896, 0.070932, 0.058898, -0.005082, -0.998251, 4.487789, 0.013557, 0.999899, -0.00429, 0.562697, 0.0, 0.0, 0.0, 1.0], [0.998172, -0.013281, 0.05896, 0.070932, 0.058898, -0.005082, -0.998251, 4.487789, 0.013557, 0.999899, -0.00429, 0.562697, 0.0, 0.0, 0.0, 1.0], [0.998172, -0.013281, 0.05896, 0.070932, 0.058898, -0.005082, -0.998251, 4.487789, 0.013557, 0.999899, -0.00429, 0.562697, 0.0, 0.0, 0.0, 1.0], [0.998172, -0.013281, 0.05896, 0.070932, 0.058898, -0.005082, -0.998251, 4.487789, 0.013557, 0.999899, -0.00429, 0.562697, 0.0, 0.0, 0.0, 1.0], [0.998172, -0.013281, 0.05896, 0.070932, 0.058898, -0.005082, -0.998251, 4.487789, 0.013557, 0.999899, -0.00429, 0.562697, 0.0, 0.0, 0.0, 1.0], [0.998172, -0.013281, 0.05896, 0.070932, 0.058898, -0.005082, -0.998251, 4.487789, 0.013557, 0.999899, -0.00429, 0.562697, 0.0, 0.0, 0.0, 1.0], [0.998172, -0.013281, 0.05896, 0.070932, 0.058898, -0.005082, -0.998251, 4.487789, 0.013557, 0.999899, -0.00429, 0.562697, 0.0, 0.0, 0.0, 1.0], [0.998172, -0.013281, 0.05896, 0.070932, 0.058898, -0.005082, -0.998251, 4.487789, 0.013557, 0.999899, -0.00429, 0.562697, 0.0, 0.0, 0.0, 1.0], [0.998172, -0.013281, 0.05896, 0.070932, 0.058898, -0.005082, -0.998251, 4.487789, 0.013557, 0.999899, -0.00429, 0.562697, 0.0, 0.0, 0.0, 1.0], [0.998172, -0.013281, 0.05896, 0.070932, 0.058898, -0.005082, -0.998251, 4.487789, 0.013557, 0.999899, -0.00429, 0.562697, 0.0, 0.0, 0.0, 1.0], [0.998172, -0.013281, 0.05896, 0.070932, 0.058898, -0.005082, -0.998251, 4.487789, 0.013557, 0.999899, -0.00429, 0.562697, 0.0, 0.0, 0.0, 1.0], [0.998172, -0.013281, 0.05896, 0.070932, 0.058898, -0.005082, -0.998251, 4.487789, 0.013557, 0.999899, -0.00429, 0.562697, 0.0, 0.0, 0.0, 1.0], [0.998172, -0.013281, 0.05896, 0.070932, 0.058898, -0.005082, -0.998251, 4.487789, 0.013557, 0.999899, -0.00429, 0.562697, 0.0, 0.0, 0.0, 1.0], [0.998172, -0.013281, 0.05896, 0.070932, 0.058898, -0.005082, -0.998251, 4.487789, 0.013557, 0.999899, -0.00429, 0.562697, 0.0, 0.0, 0.0, 1.0], [0.998172, -0.013281, 0.05896, 0.070932, 0.058898, -0.005082, -0.998251, 4.487789, 0.013557, 0.999899, -0.00429, 0.562697, 0.0, 0.0, 0.0, 1.0], [0.998172, -0.013281, 0.05896, 0.070932, 0.058898, -0.005082, -0.998251, 4.487789, 0.013557, 0.999899, -0.00429, 0.562697, 0.0, 0.0, 0.0, 1.0], [0.998172, -0.013281, 0.05896, 0.070932, 0.058898, -0.005082, -0.998251, 4.487789, 0.013557, 0.999899, -0.00429, 0.562697, 0.0, 0.0, 0.0, 1.0], [0.998172, -0.013281, 0.05896, 0.070932, 0.058898, -0.005082, -0.998251, 4.487789, 0.013557, 0.999899, -0.00429, 0.562697, 0.0, 0.0, 0.0, 1.0], [0.998172, -0.013281, 0.05896, 0.070932, 0.058898, -0.005082, -0.998251, 4.487789, 0.013557, 0.999899, -0.00429, 0.562697, 0.0, 0.0, 0.0, 1.0], [0.998172, -0.013281, 0.05896, 0.070932, 0.058898, -0.005082, -0.998251, 4.487789, 0.013557, 0.999899, -0.00429, 0.562697, 0.0, 0.0, 0.0, 1.0], [0.998172, -0.013281, 0.05896, 0.070932, 0.058898, -0.005082, -0.998251, 4.487789, 0.013557, 0.999899, -0.00429, 0.562697, 0.0, 0.0, 0.0, 1.0], [0.998172, -0.013281, 0.05896, 0.070932, 0.058898, -0.005082, -0.998251, 4.487789, 0.013557, 0.999899, -0.00429, 0.562697, 0.0, 0.0, 0.0, 1.0], [0.998172, -0.013281, 0.05896, 0.070932, 0.058898, -0.005082, -0.998251, 4.487789, 0.013557, 0.999899, -0.00429, 0.562697, 0.0, 0.0, 0.0, 1.0], [0.998172, -0.013281, 0.05896, 0.070932, 0.058898, -0.005082, -0.998251, 4.487789, 0.013557, 0.999899, -0.00429, 0.562697, 0.0, 0.0, 0.0, 1.0], [0.998172, -0.013281, 0.05896, 0.070932, 0.058898, -0.005082, -0.998251, 4.487789, 0.013557, 0.999899, -0.00429, 0.562697, 0.0, 0.0, 0.0, 1.0], [0.998172, -0.013281, 0.05896, 0.070932, 0.058898, -0.005082, -0.998251, 4.487789, 0.013557, 0.999899, -0.00429, 0.562697, 0.0, 0.0, 0.0, 1.0], [0.998172, -0.013281, 0.05896, 0.070932, 0.058898, -0.005082, -0.998251, 4.487789, 0.013557, 0.999899, -0.00429, 0.562697, 0.0, 0.0, 0.0, 1.0], [0.998172, -0.013281, 0.05896, 0.070932, 0.058898, -0.005082, -0.998251, 4.487789, 0.013557, 0.999899, -0.00429, 0.562697, 0.0, 0.0, 0.0, 1.0], [0.998172, -0.013281, 0.05896, 0.070932, 0.058898, -0.005082, -0.998251, 4.487789, 0.013557, 0.999899, -0.00429, 0.562697, 0.0, 0.0, 0.0, 1.0], [0.998172, -0.013281, 0.05896, 0.070932, 0.058898, -0.005082, -0.998251, 4.487789, 0.013557, 0.999899, -0.00429, 0.562697, 0.0, 0.0, 0.0, 1.0], [0.998172, -0.013281, 0.05896, 0.070932, 0.058898, -0.005082, -0.998251, 4.487789, 0.013557, 0.999899, -0.00429, 0.562697, 0.0, 0.0, 0.0, 1.0], [0.998172, -0.013281, 0.05896, 0.070932, 0.058898, -0.005082, -0.998251, 4.487789, 0.013557, 0.999899, -0.00429, 0.562697, 0.0, 0.0, 0.0, 1.0], [0.998172, -0.013281, 0.05896, 0.070932, 0.058898, -0.005082, -0.998251, 4.487789, 0.013557, 0.999899, -0.00429, 0.562697, 0.0, 0.0, 0.0, 1.0], [0.998172, -0.013281, 0.05896, 0.070932, 0.058898, -0.005082, -0.998251, 4.487789, 0.013557, 0.999899, -0.00429, 0.562697, 0.0, 0.0, 0.0, 1.0], [0.998172, -0.013281, 0.05896, 0.070932, 0.058898, -0.005082, -0.998251, 4.487789, 0.013557, 0.999899, -0.00429, 0.562697, 0.0, 0.0, 0.0, 1.0], [0.998172, -0.013281, 0.05896, 0.070932, 0.058898, -0.005082, -0.998251, 4.487789, 0.013557, 0.999899, -0.00429, 0.562697, 0.0, 0.0, 0.0, 1.0], [0.998172, -0.013281, 0.05896, 0.070932, 0.058898, -0.005082, -0.998251, 4.487789, 0.013557, 0.999899, -0.00429, 0.562697, 0.0, 0.0, 0.0, 1.0], [0.998172, -0.013281, 0.05896, 0.070932, 0.058898, -0.005082, -0.998251, 4.487789, 0.013557, 0.999899, -0.00429, 0.562697, 0.0, 0.0, 0.0, 1.0], [0.998172, -0.013281, 0.05896, 0.070932, 0.058898, -0.005082, -0.998251, 4.487789, 0.013557, 0.999899, -0.00429, 0.562697, 0.0, 0.0, 0.0, 1.0], [0.998172, -0.013281, 0.05896, 0.070932, 0.058898, -0.005082, -0.998251, 4.487789, 0.013557, 0.999899, -0.00429, 0.562697, 0.0, 0.0, 0.0, 1.0], [0.998172, -0.013281, 0.05896, 0.070932, 0.058898, -0.005082, -0.998251, 4.487789, 0.013557, 0.999899, -0.00429, 0.562697, 0.0, 0.0, 0.0, 1.0], [0.998172, -0.013281, 0.05896, 0.070932, 0.058898, -0.005082, -0.998251, 4.487789, 0.013557, 0.999899, -0.00429, 0.562697, 0.0, 0.0, 0.0, 1.0], [0.998172, -0.013281, 0.05896, 0.070932, 0.058898, -0.005082, -0.998251, 4.487789, 0.013557, 0.999899, -0.00429, 0.562697, 0.0, 0.0, 0.0, 1.0], [0.998172, -0.013281, 0.05896, 0.070932, 0.058898, -0.005082, -0.998251, 4.487789, 0.013557, 0.999899, -0.00429, 0.562697, 0.0, 0.0, 0.0, 1.0], [0.998172, -0.013281, 0.05896, 0.070932, 0.058898, -0.005082, -0.998251, 4.487789, 0.013557, 0.999899, -0.00429, 0.562697, 0.0, 0.0, 0.0, 1.0], [0.998172, -0.013281, 0.05896, 0.070932, 0.058898, -0.005082, -0.998251, 4.487789, 0.013557, 0.999899, -0.00429, 0.562697, 0.0, 0.0, 0.0, 1.0], [0.998172, -0.013281, 0.05896, 0.070932, 0.058898, -0.005082, -0.998251, 4.487789, 0.013557, 0.999899, -0.00429, 0.562697, 0.0, 0.0, 0.0, 1.0], [0.998172, -0.013281, 0.05896, 0.070932, 0.058898, -0.005082, -0.998251, 4.487789, 0.013557, 0.999899, -0.00429, 0.562697, 0.0, 0.0, 0.0, 1.0], [0.998172, -0.013281, 0.05896, 0.070932, 0.058898, -0.005082, -0.998251, 4.487789, 0.013557, 0.999899, -0.00429, 0.562697, 0.0, 0.0, 0.0, 1.0], [0.998172, -0.013281, 0.05896, 0.070932, 0.058898, -0.005082, -0.998251, 4.487789, 0.013557, 0.999899, -0.00429, 0.562697, 0.0, 0.0, 0.0, 1.0], [0.998172, -0.013281, 0.05896, 0.070932, 0.058898, -0.005082, -0.998251, 4.487789, 0.013557, 0.999899, -0.00429, 0.562697, 0.0, 0.0, 0.0, 1.0], [0.998172, -0.013281, 0.05896, 0.070932, 0.058898, -0.005082, -0.998251, 4.487789, 0.013557, 0.999899, -0.00429, 0.562697, 0.0, 0.0, 0.0, 1.0]]}, {"name": "Thigh_R", "time": [0.0, 0.0118, 0.0235, 0.0353, 0.0471, 0.0588, 0.0706, 0.0824, 0.0941, 0.1059, 0.1176, 0.1294, 0.1412, 0.1529, 0.1647, 0.1765, 0.1882, 0.2, 0.2118, 0.2235, 0.2353, 0.2471, 0.2588, 0.2706, 0.2824, 0.2941, 0.3059, 0.3176, 0.3294, 0.3412, 0.3529, 0.3647, 0.3765, 0.3882, 0.4, 0.4118, 0.4235, 0.4353, 0.4471, 0.4588, 0.4706, 0.4824, 0.4941, 0.5059, 0.5176, 0.5294, 0.5412, 0.5529, 0.5647, 0.5765, 0.5882, 0.6, 0.6118, 0.6235, 0.6353, 0.6471, 0.6588, 0.6706, 0.6824, 0.6941, 0.7059, 0.7176, 0.7294, 0.7412, 0.7529, 0.7647, 0.7765, 0.7882, 0.8, 0.8118, 0.8235, 0.8353, 0.8471, 0.8588, 0.8706, 0.8824, 0.8941, 0.9059, 0.9176, 0.9294, 0.9412, 0.9529, 0.9647, 0.9765, 0.9882, 1.0, 1.0118, 1.0235, 1.0353, 1.0471, 1.0588, 1.0706, 1.0824, 1.0941, 1.1059, 1.1176, 1.1294, 1.1412, 1.1529, 1.1647, 1.1765, 1.1882, 1.2, 1.2118, 1.2235, 1.2353, 1.2471, 1.2588, 1.2706, 1.2824, 1.2941, 1.3059, 1.3176, 1.3294, 1.3412, 1.3529, 1.3647, 1.3765, 1.3882, 1.4, 1.4118, 1.4235, 1.4353, 1.4471, 1.4588, 1.4706, 1.4824, 1.4941, 1.5059, 1.5176, 1.5294, 1.5412, 1.5529, 1.5647, 1.5765, 1.5882, 1.6, 1.6118, 1.6235, 1.6353, 1.6471], "transform": [[0.988926, 0.147853, 0.012802, 0.124994, 0.143896, -0.976397, 0.16106, -0.002831, 0.036313, -0.157434, -0.986862, -1.2e-05, 0.0, 0.0, 0.0, 1.0], [0.988828, 0.148546, 0.012341, 0.124994, 0.144536, -0.975779, 0.164201, -0.002831, 0.036434, -0.160583, -0.98635, -1.2e-05, 0.0, 0.0, 0.0, 1.0], [0.988541, 0.150538, 0.011194, 0.124994, 0.146398, -0.974144, 0.172068, -0.002831, 0.036807, -0.168457, -0.985022, -1.2e-05, 0.0, 0.0, 0.0, 1.0], [0.988068, 0.153714, 0.009685, 0.124994, 0.1494, -0.971821, 0.18232, -0.002831, 0.037437, -0.178698, -0.983192, -1.2e-05, 0.0, 0.0, 0.0, 1.0], [0.98741, 0.157973, 0.008119, 0.124994, 0.153473, -0.969181, 0.192697, -0.002831, 0.03831, -0.189024, -0.981225, -1.2e-05, 0.0, 0.0, 0.0, 1.0], [0.986564, 0.163239, 0.006719, 0.124994, 0.158555, -0.966547, 0.201603, -0.002831, 0.039403, -0.197828, -0.979445, -1.2e-05, 0.0, 0.0, 0.0, 1.0], [0.985523, 0.169448, 0.005634, 0.124994, 0.164588, -0.964167, 0.208062, -0.002831, 0.040688, -0.204122, -0.9781, -1.2e-05, 0.0, 0.0, 0.0, 1.0], [0.984281, 0.176541, 0.004976, 0.124994, 0.171512, -0.962201, 0.21154, -0.002831, 0.042134, -0.207361, -0.977357, -1.2e-05, 0.0, 0.0, 0.0, 1.0], [0.982829, 0.184457, 0.004836, 0.124994, 0.179268, -0.96073, 0.211799, -0.002831, 0.043714, -0.207295, -0.977301, -1.2e-05, 0.0, 0.0, 0.0, 1.0], [0.981159, 0.193126, 0.005293, 0.124994, 0.187787, -0.959757, 0.208806, -0.002831, 0.045406, -0.203878, -0.977943, -1.2e-05, 0.0, 0.0, 0.0, 1.0], [0.979267, 0.202472, 0.006419, 0.124994, 0.196999, -0.959223, 0.202682, -0.00283, 0.047195, -0.197215, -0.979224, -1.2e-05, 0.0, 0.0, 0.0, 1.0], [0.977147, 0.212403, 0.008273, 0.124994, 0.206823, -0.959016, 0.193678, -0.002831, 0.049072, -0.187541, -0.981031, -1.2e-05, 0.0, 0.0, 0.0, 1.0], [0.974799, 0.222817, 0.010896, 0.124994, 0.217167, -0.958987, 0.182151, -0.002831, 0.051036, -0.175195, -0.98321, -1.2e-05, 0.0, 0.0, 0.0, 1.0], [0.972227, 0.2336, 0.014308, 0.124994, 0.227935, -0.958974, 0.16856, -0.002831, 0.053096, -0.160617, -0.985588, -1.2e-05, 0.0, 0.0, 0.0, 1.0], [0.969441, 0.244626, 0.01849, 0.124994, 0.239018, -0.958812, 0.153452, -0.002831, 0.055267, -0.144343, -0.987983, -1.2e-05, 0.0, 0.0, 0.0, 1.0], [0.966456, 0.255765, 0.023388, 0.124994, 0.250297, -0.95836, 0.137459, -0.00283, 0.057571, -0.126994, -0.990232, -1.2e-05, 0.0, 0.0, 0.0, 1.0], [0.963296, 0.266883, 0.028899, 0.124994, 0.261643, -0.957514, 0.121277, -0.002831, 0.060038, -0.109264, -0.992198, -1.2e-05, 0.0, 0.0, 0.0, 1.0], [0.959992, 0.277848, 0.034874, 0.124994, 0.272918, -0.956216, 0.105659, -0.002831, 0.062704, -0.091914, -0.993791, -1.2e-05, 0.0, 0.0, 0.0, 1.0], [0.956585, 0.288539, 0.041115, 0.124994, 0.283972, -0.954465, 0.091396, -0.002831, 0.065614, -0.075752, -0.994966, -1.2e-05, 0.0, 0.0, 0.0, 1.0], [0.953126, 0.298841, 0.047381, 0.124994, 0.294645, -0.95231, 0.079291, -0.002831, 0.068817, -0.061614, -0.995725, -1.2e-05, 0.0, 0.0, 0.0, 1.0], [0.949674, 0.308654, 0.053396, 0.124994, 0.304764, -0.949839, 0.070156, -0.002831, 0.072371, -0.050352, -0.996106, -1.1e-05, 0.0, 0.0, 0.0, 1.0], [0.946301, 0.317884, 0.058864, 0.124994, 0.314146, -0.947162, 0.064767, -0.002831, 0.076342, -0.042797, -0.996164, -1.2e-05, 0.0, 0.0, 0.0, 1.0], [0.943082, 0.326441, 0.063486, 0.124994, 0.322592, -0.94438, 0.063862, -0.002831, 0.080802, -0.039747, -0.995938, -1.2e-05, 0.0, 0.0, 0.0, 1.0], [0.940109, 0.334228, 0.066983, 0.124994, 0.329891, -0.941557, 0.068114, -0.00283, 0.085834, -0.041938, -0.995427, -1.2e-05, 0.0, 0.0, 0.0, 1.0], [0.937472, 0.341129, 0.069124, 0.124994, 0.335812, -0.938684, 0.078107, -0.002831, 0.09153, -0.05001, -0.994546, -1.2e-05, 0.0, 0.0, 0.0, 1.0], [0.935268, 0.346998, 0.069753, 0.124994, 0.340104, -0.935645, 0.094316, -0.002831, 0.097991, -0.064488, -0.993096, -1.2e-05, 0.0, 0.0, 0.0, 1.0], [0.933493, 0.351928, 0.068815, 0.124994, 0.342842, -0.932151, 0.116413, -0.00283, 0.105115, -0.085078, -0.990814, -1.2e-05, 0.0, 0.0, 0.0, 1.0], [0.932086, 0.356086, 0.066465, 0.124994, 0.344254, -0.927867, 0.143347, -0.002831, 0.112715, -0.110731, -0.987438, -1.2e-05, 0.0, 0.0, 0.0, 1.0], [0.931055, 0.359401, 0.062993, 0.124994, 0.344313, -0.922523, 0.174349, -0.002831, 0.120774, -0.140639, -0.982668, -1.2e-05, 0.0, 0.0, 0.0, 1.0], [0.930396, 0.361817, 0.058746, 0.124994, 0.343005, -0.915883, 0.208574, -0.002831, 0.129271, -0.173905, -0.976241, -1.2e-05, 0.0, 0.0, 0.0, 1.0], [0.930097, 0.363308, 0.054108, 0.124994, 0.340334, -0.907788, 0.245137, -0.002831, 0.138179, -0.209586, -0.967977, -1.1e-05, 0.0, 0.0, 0.0, 1.0], [0.930131, 0.363879, 0.049478, 0.124994, 0.336319, -0.898177, 0.283135, -0.002831, 0.147467, -0.246712, -0.957803, -1.2e-05, 0.0, 0.0, 0.0, 1.0], [0.930463, 0.363579, 0.045251, 0.124994, 0.330995, -0.887109, 0.32168, -0.002831, 0.157099, -0.284333, -0.945767, -1.2e-05, 0.0, 0.0, 0.0, 1.0], [0.93105, 0.362488, 0.041805, 0.124994, 0.324415, -0.874764, 0.359919, -0.002831, 0.167035, -0.321539, -0.932047, -1.1e-05, 0.0, 0.0, 0.0, 1.0], [0.931839, 0.360719, 0.039472, 0.124994, 0.316647, -0.861435, 0.397068, -0.002831, 0.177233, -0.357504, -0.91694, -1.2e-05, 0.0, 0.0, 0.0, 1.0], [0.932772, 0.358402, 0.038532, 0.124994, 0.307776, -0.847503, 0.432447, -0.002831, 0.187646, -0.391514, -0.900836, -1.2e-05, 0.0, 0.0, 0.0, 1.0], [0.933789, 0.355672, 0.03919, 0.124994, 0.297902, -0.833405, 0.465498, -0.002831, 0.198226, -0.423001, -0.884181, -1.2e-05, 0.0, 0.0, 0.0, 1.0], [0.934826, 0.352661, 0.04158, 0.124994, 0.287139, -0.819594, 0.495798, -0.002831, 0.208927, -0.451545, -0.867442, -1.2e-05, 0.0, 0.0, 0.0, 1.0], [0.935824, 0.349485, 0.045743, 0.124994, 0.275616, -0.806485, 0.523084, -0.002831, 0.219701, -0.476906, -0.851053, -1.2e-05, 0.0, 0.0, 0.0, 1.0], [0.936724, 0.346241, 0.051636, 0.124994, 0.263473, -0.794413, 0.547255, -0.002831, 0.230502, -0.499021, -0.835372, -1.2e-05, 0.0, 0.0, 0.0, 1.0], [0.937469, 0.34301, 0.059127, 0.124994, 0.250864, -0.783598, 0.568367, -0.002831, 0.241288, -0.517992, -0.820648, -1.2e-05, 0.0, 0.0, 0.0, 1.0], [0.938012, 0.339866, 0.067997, 0.124994, 0.237951, -0.774098, 0.586644, -0.002831, 0.252017, -0.534099, -0.806985, -1.2e-05, 0.0, 0.0, 0.0, 1.0], [0.938312, 0.336891, 0.077939, 0.124994, 0.224905, -0.765788, 0.602483, -0.002831, 0.262656, -0.547787, -0.794317, -1.1e-05, 0.0, 0.0, 0.0, 1.0], [0.938334, 0.334194, 0.08856, 0.124994, 0.211909, -0.758341, 0.616452, -0.002831, 0.273173, -0.55967, -0.782397, -1.2e-05, 0.0, 0.0, 0.0, 1.0], [0.938052, 0.331935, 0.099383, 0.124994, 0.199153, -0.751219, 0.629291, -0.002831, 0.283543, -0.570514, -0.770789, -1.2e-05, 0.0, 0.0, 0.0, 1.0], [0.937447, 0.330339, 0.109857, 0.124994, 0.18684, -0.743683, 0.641892, -0.002831, 0.293741, -0.581213, -0.758886, -1.1e-05, 0.0, 0.0, 0.0, 1.0], [0.936936, 0.32868, 0.118831, 0.124994, 0.175499, -0.73647, 0.653308, -0.002831, 0.302244, -0.591251, -0.74771, -1.1e-05, 0.0, 0.0, 0.0, 1.0], [0.936981, 0.326125, 0.125337, 0.124994, 0.165693, -0.730614, 0.662381, -0.002831, 0.307592, -0.599869, -0.738609, -1.1e-05, 0.0, 0.0, 0.0, 1.0], [0.937632, 0.322777, 0.129081, 0.124994, 0.157638, -0.725729, 0.669677, -0.002831, 0.309834, -0.607561, -0.731349, -1.1e-05, 0.0, 0.0, 0.0, 1.0], [0.938924, 0.318705, 0.129806, 0.124994, 0.151493, -0.721491, 0.675648, -0.002831, 0.308987, -0.614715, -0.725708, -1.1e-05, 0.0, 0.0, 0.0, 1.0], [0.940869, 0.313942, 0.127306, 0.124994, 0.147366, -0.717648, 0.680635, -0.002831, 0.305041, -0.621626, -0.721478, -1.2e-05, 0.0, 0.0, 0.0, 1.0], [0.943451, 0.308476, 0.121419, 0.124994, 0.145319, -0.714019, 0.684879, -0.002831, 0.297964, -0.628504, -0.71847, -1.1e-05, 0.0, 0.0, 0.0, 1.0], [0.946618, 0.302258, 0.112041, 0.124994, 0.145371, -0.710494, 0.688523, -0.002831, 0.287716, -0.63548, -0.716508, -1.3e-05, 0.0, 0.0, 0.0, 1.0], [0.950276, 0.295208, 0.099132, 0.124994, 0.147493, -0.707032, 0.69163, -0.002831, 0.274264, -0.642616, -0.715418, -1.3e-05, 0.0, 0.0, 0.0, 1.0], [0.954282, 0.287231, 0.082736, 0.124994, 0.151605, -0.703641, 0.694194, -0.002831, 0.257611, -0.649911, -0.715018, -1.3e-05, 0.0, 0.0, 0.0, 1.0], [0.958441, 0.278248, 0.063001, 0.124994, 0.157566, -0.700371, 0.69617, -0.002831, 0.237832, -0.657309, -0.715108, -1.3e-05, 0.0, 0.0, 0.0, 1.0], [0.96252, 0.268215, 0.040215, 0.124994, 0.165166, -0.697296, 0.697494, -0.002831, 0.21512, -0.664708, -0.715462, -1.2e-05, 0.0, 0.0, 0.0, 1.0], [0.966253, 0.257168, 0.014844, 0.124994, 0.174114, -0.694489, 0.698118, -0.00283, 0.189843, -0.671972, -0.71583, -1.1e-05, 0.0, 0.0, 0.0, 1.0], [0.96938, 0.245252, -0.012429, 0.124994, 0.184029, -0.692011, 0.698036, -0.002831, 0.162594, -0.678947, -0.715956, -1.3e-05, 0.0, 0.0, 0.0, 1.0], [0.971683, 0.23276, -0.040676, 0.124994, 0.194448, -0.689883, 0.697317, -0.002831, 0.134246, -0.685478, -0.715609, -1.3e-05, 0.0, 0.0, 0.0, 1.0], [0.973043, 0.220146, -0.068716, 0.124994, 0.204834, -0.688076, 0.696128, -0.002831, 0.105968, -0.691437, -0.714622, -1.2e-05, 0.0, 0.0, 0.0, 1.0], [0.973484, 0.208029, -0.095146, 0.124994, 0.214604, -0.68649, 0.694749, -0.002831, 0.079211, -0.696743, -0.712932, -1.3e-05, 0.0, 0.0, 0.0, 1.0], [0.973193, 0.197167, -0.118409, 0.124994, 0.223159, -0.684965, 0.693558, -0.002831, 0.055641, -0.701388, -0.710604, -1.3e-05, 0.0, 0.0, 0.0, 1.0], [0.972503, 0.188405, -0.136899, 0.124994, 0.229929, -0.683282, 0.693007, -0.002831, 0.037025, -0.705426, -0.707815, -1.3e-05, 0.0, 0.0, 0.0, 1.0], [0.971818, 0.182594, -0.149094, 0.124994, 0.234395, -0.6812, 0.69356, -0.002831, 0.025077, -0.708959, -0.704803, -1.2e-05, 0.0, 0.0, 0.0, 1.0], [0.971493, 0.18051, -0.153681, 0.124994, 0.23611, -0.678491, 0.69563, -0.002831, 0.021297, -0.712083, -0.701771, -1.3e-05, 0.0, 0.0, 0.0, 1.0], [0.971428, 0.180511, -0.15409, 0.124994, 0.236314, -0.675506, 0.69846, -0.002831, 0.021991, -0.714915, -0.698864, -1.3e-05, 0.0, 0.0, 0.0, 1.0], [0.971367, 0.180516, -0.15447, 0.124994, 0.236505, -0.67272, 0.70108, -0.002831, 0.022641, -0.717537, -0.696151, -1.3e-05, 0.0, 0.0, 0.0, 1.0], [0.971309, 0.180524, -0.154823, 0.124994, 0.236683, -0.670126, 0.7035, -0.002831, 0.023248, -0.719958, -0.693628, -1.2e-05, 0.0, 0.0, 0.0, 1.0], [0.971255, 0.180534, -0.155149, 0.124994, 0.236848, -0.66772, 0.705728, -0.002831, 0.023812, -0.722187, -0.691287, -1.2e-05, 0.0, 0.0, 0.0, 1.0], [0.971205, 0.180546, -0.15545, 0.124994, 0.237001, -0.665498, 0.707774, -0.002831, 0.024334, -0.724233, -0.689125, -1.2e-05, 0.0, 0.0, 0.0, 1.0], [0.971158, 0.180559, -0.155726, 0.124994, 0.237142, -0.663453, 0.709643, -0.002831, 0.024816, -0.726103, -0.687136, -1.3e-05, 0.0, 0.0, 0.0, 1.0], [0.971115, 0.180573, -0.155978, 0.124994, 0.237272, -0.661579, 0.711347, -0.002831, 0.025258, -0.727807, -0.685315, -1.3e-05, 0.0, 0.0, 0.0, 1.0], [0.971076, 0.180587, -0.156207, 0.124994, 0.23739, -0.659873, 0.712891, -0.002831, 0.025662, -0.729351, -0.683658, -1.3e-05, 0.0, 0.0, 0.0, 1.0], [0.97104, 0.1806, -0.156414, 0.124994, 0.237496, -0.658331, 0.71428, -0.002831, 0.026027, -0.73074, -0.682159, -1.3e-05, 0.0, 0.0, 0.0, 1.0], [0.971008, 0.180613, -0.1566, 0.124994, 0.237593, -0.656947, 0.715521, -0.002831, 0.026355, -0.731981, -0.680814, -1.3e-05, 0.0, 0.0, 0.0, 1.0], [0.970979, 0.180626, -0.156764, 0.124994, 0.237678, -0.655716, 0.716621, -0.002831, 0.026648, -0.733081, -0.679618, -1.2e-05, 0.0, 0.0, 0.0, 1.0], [0.970953, 0.180637, -0.156909, 0.124994, 0.237753, -0.654634, 0.717585, -0.002831, 0.026905, -0.734045, -0.678567, -1.2e-05, 0.0, 0.0, 0.0, 1.0], [0.970931, 0.180648, -0.157034, 0.124994, 0.237818, -0.653696, 0.718417, -0.002831, 0.027128, -0.734877, -0.677656, -1.3e-05, 0.0, 0.0, 0.0, 1.0], [0.970912, 0.180657, -0.157141, 0.124994, 0.237874, -0.652898, 0.719124, -0.002831, 0.027318, -0.735584, -0.676881, -1.3e-05, 0.0, 0.0, 0.0, 1.0], [0.970896, 0.180665, -0.157229, 0.124994, 0.23792, -0.652235, 0.719711, -0.002831, 0.027476, -0.73617, -0.676237, -1.3e-05, 0.0, 0.0, 0.0, 1.0], [0.970883, 0.180671, -0.1573, 0.124994, 0.237957, -0.651702, 0.720181, -0.002831, 0.027603, -0.736641, -0.67572, -1.3e-05, 0.0, 0.0, 0.0, 1.0], [0.970874, 0.180676, -0.157354, 0.124994, 0.237985, -0.651295, 0.720539, -0.002831, 0.0277, -0.736999, -0.675325, -1.3e-05, 0.0, 0.0, 0.0, 1.0], [0.970867, 0.18068, -0.157392, 0.124994, 0.238005, -0.651011, 0.72079, -0.002831, 0.027768, -0.737249, -0.675049, -1.3e-05, 0.0, 0.0, 0.0, 1.0], [0.970863, 0.180682, -0.157415, 0.124994, 0.238017, -0.650843, 0.720937, -0.002831, 0.027808, -0.737397, -0.674886, -1.3e-05, 0.0, 0.0, 0.0, 1.0], [0.970862, 0.180682, -0.157422, 0.124994, 0.238021, -0.650788, 0.720986, -0.002831, 0.027821, -0.737446, -0.674833, -1.2e-05, 0.0, 0.0, 0.0, 1.0], [0.970862, 0.180682, -0.157422, 0.124994, 0.238021, -0.650788, 0.720986, -0.002831, 0.027821, -0.737445, -0.674833, -1.2e-05, 0.0, 0.0, 0.0, 1.0], [0.970862, 0.180682, -0.157422, 0.124994, 0.238021, -0.650788, 0.720986, -0.002831, 0.027821, -0.737445, -0.674833, -1.2e-05, 0.0, 0.0, 0.0, 1.0], [0.970862, 0.180682, -0.157422, 0.124994, 0.238021, -0.650788, 0.720986, -0.002831, 0.027821, -0.737446, -0.674833, -1.2e-05, 0.0, 0.0, 0.0, 1.0], [0.970862, 0.180682, -0.157422, 0.124994, 0.238021, -0.650788, 0.720986, -0.002831, 0.027821, -0.737446, -0.674833, -1.2e-05, 0.0, 0.0, 0.0, 1.0], [0.970862, 0.180682, -0.157422, 0.124994, 0.238021, -0.650788, 0.720986, -0.002831, 0.027821, -0.737446, -0.674833, -1.2e-05, 0.0, 0.0, 0.0, 1.0], [0.970862, 0.180682, -0.157422, 0.124994, 0.238021, -0.650788, 0.720986, -0.002831, 0.027821, -0.737446, -0.674833, -1.2e-05, 0.0, 0.0, 0.0, 1.0], [0.970862, 0.180682, -0.157422, 0.124994, 0.238021, -0.650788, 0.720986, -0.002831, 0.027821, -0.737446, -0.674833, -1.2e-05, 0.0, 0.0, 0.0, 1.0], [0.970862, 0.180682, -0.157422, 0.124994, 0.238021, -0.650788, 0.720986, -0.002831, 0.027821, -0.737446, -0.674833, -1.2e-05, 0.0, 0.0, 0.0, 1.0], [0.970862, 0.180682, -0.157422, 0.124994, 0.238021, -0.650788, 0.720986, -0.002831, 0.027821, -0.737446, -0.674833, -1.2e-05, 0.0, 0.0, 0.0, 1.0], [0.970862, 0.180682, -0.157422, 0.124994, 0.238021, -0.650788, 0.720986, -0.002831, 0.027821, -0.737446, -0.674833, -1.2e-05, 0.0, 0.0, 0.0, 1.0], [0.970862, 0.180682, -0.157422, 0.124994, 0.238021, -0.650788, 0.720986, -0.002831, 0.027821, -0.737446, -0.674833, -1.2e-05, 0.0, 0.0, 0.0, 1.0], [0.970862, 0.180682, -0.157422, 0.124994, 0.238021, -0.650788, 0.720986, -0.002831, 0.027821, -0.737446, -0.674833, -1.2e-05, 0.0, 0.0, 0.0, 1.0], [0.970862, 0.180682, -0.157422, 0.124994, 0.238021, -0.650788, 0.720986, -0.002831, 0.027821, -0.737446, -0.674833, -1.2e-05, 0.0, 0.0, 0.0, 1.0], [0.970862, 0.180682, -0.157422, 0.124994, 0.238021, -0.650788, 0.720986, -0.002831, 0.027821, -0.737446, -0.674833, -1.2e-05, 0.0, 0.0, 0.0, 1.0], [0.970862, 0.180682, -0.157422, 0.124994, 0.238021, -0.650788, 0.720986, -0.002831, 0.027821, -0.737446, -0.674833, -1.2e-05, 0.0, 0.0, 0.0, 1.0], [0.970862, 0.180682, -0.157422, 0.124994, 0.238021, -0.650788, 0.720986, -0.002831, 0.027821, -0.737446, -0.674833, -1.2e-05, 0.0, 0.0, 0.0, 1.0], [0.970862, 0.180682, -0.157422, 0.124994, 0.238021, -0.650788, 0.720986, -0.002831, 0.027821, -0.737446, -0.674833, -1.2e-05, 0.0, 0.0, 0.0, 1.0], [0.970862, 0.180682, -0.157422, 0.124994, 0.238021, -0.650788, 0.720986, -0.002831, 0.027821, -0.737446, -0.674833, -1.2e-05, 0.0, 0.0, 0.0, 1.0], [0.970862, 0.180682, -0.157422, 0.124994, 0.238021, -0.650788, 0.720986, -0.002831, 0.027821, -0.737446, -0.674833, -1.2e-05, 0.0, 0.0, 0.0, 1.0], [0.970862, 0.180682, -0.157422, 0.124994, 0.238021, -0.650788, 0.720986, -0.002831, 0.027821, -0.737446, -0.674833, -1.2e-05, 0.0, 0.0, 0.0, 1.0], [0.970862, 0.180682, -0.157422, 0.124994, 0.238021, -0.650788, 0.720986, -0.002831, 0.027821, -0.737446, -0.674833, -1.2e-05, 0.0, 0.0, 0.0, 1.0], [0.970862, 0.180682, -0.157422, 0.124994, 0.238021, -0.650788, 0.720986, -0.002831, 0.027821, -0.737446, -0.674833, -1.2e-05, 0.0, 0.0, 0.0, 1.0], [0.970862, 0.180682, -0.157422, 0.124994, 0.238021, -0.650788, 0.720986, -0.002831, 0.027821, -0.737446, -0.674833, -1.2e-05, 0.0, 0.0, 0.0, 1.0], [0.970862, 0.180682, -0.157422, 0.124994, 0.238021, -0.650788, 0.720986, -0.002831, 0.027821, -0.737446, -0.674833, -1.2e-05, 0.0, 0.0, 0.0, 1.0], [0.970862, 0.180682, -0.157422, 0.124994, 0.238021, -0.650788, 0.720986, -0.002831, 0.027821, -0.737446, -0.674833, -1.2e-05, 0.0, 0.0, 0.0, 1.0], [0.970862, 0.180682, -0.157422, 0.124994, 0.238021, -0.650788, 0.720986, -0.002831, 0.027821, -0.737446, -0.674833, -1.2e-05, 0.0, 0.0, 0.0, 1.0], [0.970862, 0.180682, -0.157422, 0.124994, 0.238021, -0.650788, 0.720986, -0.002831, 0.027821, -0.737446, -0.674833, -1.2e-05, 0.0, 0.0, 0.0, 1.0], [0.970862, 0.180682, -0.157422, 0.124994, 0.238021, -0.650788, 0.720986, -0.002831, 0.027821, -0.737446, -0.674833, -1.2e-05, 0.0, 0.0, 0.0, 1.0], [0.970862, 0.180682, -0.157422, 0.124994, 0.238021, -0.650788, 0.720986, -0.002831, 0.027821, -0.737446, -0.674833, -1.2e-05, 0.0, 0.0, 0.0, 1.0], [0.970862, 0.180682, -0.157422, 0.124994, 0.238021, -0.650788, 0.720986, -0.002831, 0.027821, -0.737446, -0.674833, -1.2e-05, 0.0, 0.0, 0.0, 1.0], [0.970862, 0.180682, -0.157422, 0.124994, 0.238021, -0.650788, 0.720986, -0.002831, 0.027821, -0.737446, -0.674833, -1.2e-05, 0.0, 0.0, 0.0, 1.0], [0.970862, 0.180682, -0.157422, 0.124994, 0.238021, -0.650788, 0.720986, -0.002831, 0.027821, -0.737446, -0.674833, -1.2e-05, 0.0, 0.0, 0.0, 1.0], [0.970862, 0.180682, -0.157422, 0.124994, 0.238021, -0.650788, 0.720986, -0.002831, 0.027821, -0.737446, -0.674833, -1.2e-05, 0.0, 0.0, 0.0, 1.0], [0.970862, 0.180682, -0.157422, 0.124994, 0.23802