{"animation": [{"name": "Root", "time": [0.0, 0.1, 0.15, 0.2333, 0.3, 0.4, 1.0], "transform": [[-0.209888, -0.029243, 0.977288, -5e-06, 0.955733, 0.204675, 0.211384, 0.000946, -0.206208, 0.978393, -0.01501, 0.438947, 0.0, 0.0, 0.0, 1.0], [0.657934, -0.027087, 0.752588, -5e-06, 0.75297, 0.040374, -0.656815, 0.666461, -0.012593, 0.998817, 0.046959, 0.484012, 0.0, 0.0, 0.0, 1.0], [0.969373, -0.025954, 0.244217, -5e-06, 0.241923, 0.272167, -0.931342, 1.122065, -0.042296, 0.9619, 0.27011, 0.463965, 0.0, 0.0, 0.0, 1.0], [0.998771, -0.02038, 0.045179, -5e-06, 0.047834, 0.157709, -0.986326, 1.100946, 0.012976, 0.987275, 0.15849, 0.454971, 0.0, 0.0, 0.0, 1.0], [0.765088, -0.017908, -0.643676, -5e-06, -0.636403, 0.131317, -0.760097, 1.200946, 0.098137, 0.991179, 0.089072, 0.473703, 0.0, 0.0, 0.0, 1.0], [0.572423, -0.017908, -0.819763, -5e-06, -0.811446, 0.131317, -0.569484, 1.200946, 0.117847, 0.991179, 0.060638, 0.473703, 0.0, 0.0, 0.0, 1.0], [0.678872, -0.013888, -0.734126, -5e-06, -0.733798, 0.022511, -0.678995, 1.200946, 0.025956, 0.99965, 0.005091, 0.605058, 0.0, 0.0, 0.0, 1.0]]}, {"name": "Thigh_R", "time": [0.0, 0.05, 0.1, 0.15, 0.2333, 0.3, 0.4, 0.6, 1.0], "transform": [[0.430812, 0.880302, 0.198656, 0.124994, 0.719369, -0.467908, 0.513387, -0.002831, 0.54489, -0.078267, -0.834844, -1.2e-05, 0.0, 0.0, 0.0, 1.0], [0.708285, 0.60764, 0.359313, 0.124994, 0.362987, -0.750043, 0.55288, -0.002831, 0.605452, -0.261171, -0.751809, -1.2e-05, 0.0, 0.0, 0.0, 1.0], [0.800555, 0.126215, 0.585823, 0.124994, 0.105292, -0.991989, 0.069836, -0.002831, 0.589943, 0.005776, -0.807429, -1.2e-05, 0.0, 0.0, 0.0, 1.0], [0.9865, 0.031867, 0.160633, 0.120155, 0.070036, -0.968753, -0.237931, -0.008274, 0.148032, 0.245969, -0.957906, 0.018615, 0.0, 0.0, 0.0, 1.0], [0.989135, 0.13685, 0.05374, 0.124994, 0.145362, -0.965089, -0.21789, -0.002831, 0.022045, 0.223333, -0.974494, -1.2e-05, 0.0, 0.0, 0.0, 1.0], [0.84423, 0.535946, 0.006169, 0.124994, 0.512717, -0.810886, 0.282111, -0.002831, 0.156199, -0.235003, -0.959362, -1.2e-05, 0.0, 0.0, 0.0, 1.0], [0.845086, 0.525354, -0.099156, 0.124994, 0.514729, -0.749383, 0.416508, -0.002831, 0.144508, -0.403023, -0.903709, -1.2e-05, 0.0, 0.0, 0.0, 1.0], [0.931094, 0.335824, -0.142433, 0.124994, 0.337151, -0.643192, 0.687484, -0.002831, 0.139262, -0.688133, -0.712095, -1.2e-05, 0.0, 0.0, 0.0, 1.0], [0.919892, 0.391129, -0.028564, 0.124994, 0.373669, -0.85206, 0.366558, -0.002831, 0.119033, -0.347867, -0.929957, -1.2e-05, 0.0, 0.0, 0.0, 1.0]]}, {"name": "Leg_R", "time": [0.0, 0.05, 0.1, 0.15, 0.2333, 0.3, 0.4, 0.6, 1.0], "transform": [[0.984658, 0.16464, -0.057812, 0.0, 0.017186, 0.238196, 0.971065, 0.37472, 0.173647, -0.95716, 0.231712, -0.0, 0.0, 0.0, 0.0, 1.0], [0.99897, 0.010211, -0.044197, -0.0, 0.044738, -0.060836, 0.997146, 0.37472, 0.007493, -0.998096, -0.06123, -0.0, 0.0, 0.0, 0.0, 1.0], [0.997684, -0.03371, -0.059054, 0.0, 0.066802, 0.323731, 0.94379, 0.37472, -0.012697, -0.94555, 0.325233, 0.0, 0.0, 0.0, 0.0, 1.0], [0.99963, -0.026258, -0.00712, -0.0, 0.025366, 0.804926, 0.592835, 0.37472, -0.009836, -0.592796, 0.805293, -0.0, 0.0, 0.0, 0.0, 1.0], [0.999648, -0.001404, -0.026501, 0.0, 0.020084, 0.692742, 0.720907, 0.37472, 0.017346, -0.721184, 0.692527, -0.0, 0.0, 0.0, 0.0, 1.0], [0.993824, 0.049051, -0.099535, 0.0, 0.049815, 0.604308, 0.795191, 0.37472, 0.099155, -0.79524, 0.598131, 0.0, 0.0, 0.0, 0.0, 1.0], [0.993257, 0.058895, -0.099853, -0.0, 0.043733, 0.607338, 0.793239, 0.37472, 0.107363, -0.792257, 0.600668, -0.0, 0.0, 0.0, 0.0, 1.0], [0.993869, -0.072286, -0.083661, -0.0, 0.098063, 0.226791, 0.968994, 0.37472, -0.051071, -0.971257, 0.232489, -0.0, 0.0, 0.0, 0.0, 1.0], [0.998389, -0.054565, 0.015588, 0.0, 0.017426, 0.556202, 0.830865, 0.37472, -0.054006, -0.829253, 0.556257, -0.0, 0.0, 0.0, 0.0, 1.0]]}, {"name": "Knee_R", "time": [0.0, 0.1, 0.15, 0.2333, 0.3, 0.4, 1.0], "transform": [[1.0, 0.0, -1e-06, 0.0, -1e-06, 0.0, -1.0, 0.37472, -0.0, 1.0, 0.0, -0.0, 0.0, 0.0, 0.0, 1.0], [1.0, 0.0, -1e-06, 0.0, -1e-06, 0.0, -1.0, 0.37472, -0.0, 1.0, 0.0, 0.0, 0.0, 0.0, 0.0, 1.0], [1.0, 0.0, -1e-06, -0.0, -1e-06, 0.0, -1.0, 0.37472, -0.0, 1.0, 0.0, -0.0, 0.0, 0.0, 0.0, 1.0], [1.0, 0.0, -1e-06, 0.0, -1e-06, 0.0, -1.0, 0.37472, -0.0, 1.0, 0.0, -0.0, 0.0, 0.0, 0.0, 1.0], [1.0, 0.0, -1e-06, 0.0, -1e-06, 0.0, -1.0, 0.37472, -0.0, 1.0, 0.0, 0.0, 0.0, 0.0, 0.0, 1.0], [1.0, 0.0, -1e-06, -0.0, -1e-06, 0.0, -1.0, 0.37472, -0.0, 1.0, 0.0, -0.0, 0.0, 0.0, 0.0, 1.0], [1.0, 0.0, -1e-06, 0.0, -1e-06, 0.0, -1.0, 0.37472, -0.0, 1.0, 0.0, -0.0, 0.0, 0.0, 0.0, 1.0]]}, {"name": "Thigh_L", "time": [0.0, 0.05, 0.1, 0.15, 0.2333, 0.3, 0.4, 0.7, 0.8, 1.0], "transform": [[0.807194, -0.061695, 0.58705, -0.125006, -0.532486, -0.505296, 0.679066, -0.002831, 0.254739, -0.860735, -0.440724, -1.2e-05, 0.0, 0.0, 0.0, 1.0], [0.902447, 0.1438, 0.406092, -0.125006, -0.329571, -0.37662, 0.865759, -0.002831, 0.277438, -0.915139, -0.292487, -1.2e-05, 0.0, 0.0, 0.0, 1.0], [0.9174, 0.323326, 0.23204, -0.125006, -0.168253, -0.21328, 0.962396, -0.002831, 0.360657, -0.921941, -0.141262, -1.2e-05, 0.0, 0.0, 0.0, 1.0], [0.999367, 0.032728, 0.013737, -0.125006, -0.008906, -0.143418, 0.989621, -0.002831, 0.034358, -0.989119, -0.143037, -1.2e-05, 0.0, 0.0, 0.0, 1.0], [0.992302, -0.036967, 0.118194, -0.132485, -0.12321, -0.198546, 0.972318, -0.0028, -0.012477, -0.979396, -0.201573, 0.002586, 0.0, 0.0, 0.0, 1.0], [0.85943, -0.442347, 0.256338, -0.128745, -0.411655, -0.301399, 0.860057, -0.002815, -0.303184, -0.844682, -0.441125, 0.001287, 0.0, 0.0, 0.0, 1.0], [0.800446, -0.560694, 0.211913, -0.128745, -0.485157, -0.398421, 0.778384, -0.002815, -0.352005, -0.725866, -0.59094, 0.001287, 0.0, 0.0, 0.0, 1.0], [0.832676, -0.547885, 0.080459, -0.126876, -0.432484, -0.552672, 0.712398, -0.002823, -0.345845, -0.627994, -0.697147, 0.000638, 0.0, 0.0, 0.0, 1.0], [0.879385, -0.47597, 0.011696, -0.126253, -0.345849, -0.621707, 0.702758, -0.002825, -0.32722, -0.622039, -0.711333, 0.000421, 0.0, 0.0, 0.0, 1.0], [0.891774, -0.450189, -0.045504, -0.125006, -0.308699, -0.67884, 0.666245, -0.002831, -0.330826, -0.580093, -0.744344, -1.2e-05, 0.0, 0.0, 0.0, 1.0]]}, {"name": "Leg_L", "time": [0.0, 0.05, 0.1, 0.15, 0.2333, 0.3, 0.4, 0.7, 0.8, 1.0], "transform": [[0.987401, 0.144032, 0.065551, 0.0, -0.13209, 0.522035, 0.842634, 0.37472, 0.087147, -0.840675, 0.534482, 0.0, 0.0, 0.0, 0.0, 1.0], [0.973173, 0.183912, 0.138246, -0.0, -0.150937, 0.056832, 0.986909, 0.37472, 0.173648, -0.981298, 0.083067, -0.0, 0.0, 0.0, 0.0, 1.0], [0.979201, 0.202026, 0.018742, 0.0, -0.104939, 0.425234, 0.89898, 0.37472, 0.173648, -0.882248, 0.43759, -0.0, 0.0, 0.0, 0.0, 1.0], [0.996255, 0.0746, -0.043689, 0.0, -0.033427, 0.798452, 0.601126, 0.37472, 0.079728, -0.597416, 0.797956, 0.0, 0.0, 0.0, 0.0, 1.0], [0.999593, 0.026221, 0.011164, 0.0, -0.026353, 0.701261, 0.712415, 0.37472, 0.010851, -0.71242, 0.701667, 0.0, 0.0, 0.0, 0.0, 1.0], [0.991581, -0.105175, 0.075529, -0.0, -0.041834, 0.291801, 0.955563, 0.37472, -0.122541, -0.950678, 0.284945, -0.0, 0.0, 0.0, 0.0, 1.0], [0.986705, -0.146697, 0.069939, 0.0, -0.026796, 0.277604, 0.960322, 0.37472, -0.160292, -0.949428, 0.269983, 0.0, 0.0, 0.0, 0.0, 1.0], [0.992505, -0.083726, 0.089017, 0.0, -0.017324, 0.624672, 0.780694, 0.37472, -0.120971, -0.776385, 0.618539, -0.0, 0.0, 0.0, 0.0, 1.0], [0.997704, -0.034019, 0.058556, 0.0, -0.036445, 0.459059, 0.887657, 0.37472, -0.057077, -0.887754, 0.456765, -0.0, 0.0, 0.0, 0.0, 1.0], [0.999679, -0.003363, 0.025107, -0.0, -0.017449, 0.627074, 0.778764, 0.37472, -0.018363, -0.778953, 0.626814, 0.0, 0.0, 0.0, 0.0, 1.0]]}, {"name": "Knee_L", "time": [0.0, 0.1, 0.15, 0.2333, 0.3, 0.4, 1.0], "transform": [[1.0, -0.0, 0.0, 0.0, 0.0, 0.0, -1.0, 0.37472, 0.0, 1.0, 0.0, 0.0, 0.0, 0.0, 0.0, 1.0], [1.0, -0.0, 0.0, 0.0, 0.0, 0.0, -1.0, 0.37472, 0.0, 1.0, 0.0, -0.0, 0.0, 0.0, 0.0, 1.0], [1.0, -0.0, 0.0, 0.0, 0.0, 0.0, -1.0, 0.37472, 0.0, 1.0, 0.0, 0.0, 0.0, 0.0, 0.0, 1.0], [1.0, -0.0, 0.0, 0.0, 0.0, 0.0, -1.0, 0.37472, 0.0, 1.0, 0.0, 0.0, 0.0, 0.0, 0.0, 1.0], [1.0, -0.0, 0.0, -0.0, 0.0, 0.0, -1.0, 0.37472, 0.0, 1.0, 0.0, -0.0, 0.0, 0.0, 0.0, 1.0], [1.0, -0.0, 0.0, 0.0, 0.0, 0.0, -1.0, 0.37472, 0.0, 1.0, 0.0, 0.0, 0.0, 0.0, 0.0, 1.0], [1.0, -0.0, 0.0, -0.0, 0.0, 0.0, -1.0, 0.37472, 0.0, 1.0, 0.0, 0.0, 0.0, 0.0, 0.0, 1.0]]}, {"name": "Torso", "time": [0.0, 0.1, 0.15, 0.2333, 0.3, 0.4, 1.0], "transform": [[0.866024, 0.487889, -0.109381, 0.0, -0.499999, 0.845049, -0.189453, 0.05, 0.0, 0.218762, 0.975776, -0.0, 0.0, 0.0, 0.0, 1.0], [0.866028, 0.484949, 0.121762, 0.0, -0.500001, 0.839956, 0.210898, 0.05, -0.0, -0.243524, 0.969898, -0.0, 0.0, 0.0, 0.0, 1.0], [0.967873, 0.231996, 0.096958, 0.0, -0.251442, 0.893019, 0.37322, 0.05, -0.0, -0.385609, 0.922662, -0.0, 0.0, 0.0, 0.0, 1.0], [1.0, -0.000778, -0.000449, -0.0, 0.000898, 0.866026, 0.5, 0.05, -0.0, -0.500001, 0.866026, 0.0, 0.0, 0.0, 0.0, 1.0], [0.976501, -0.208069, -0.056151, 0.0, 0.215513, 0.942775, 0.254424, 0.05, 0.0, -0.260547, 0.965461, 0.0, 0.0, 0.0, 0.0, 1.0], [0.981587, -0.18881, -0.028953, 0.0, 0.191017, 0.970246, 0.148783, 0.05, 0.0, -0.151574, 0.988446, 0.0, 0.0, 0.0, 0.0, 1.0], [0.992201, -0.124113, -0.011522, -0.0, 0.124647, 0.987953, 0.091715, 0.05, 0.0, -0.092436, 0.995719, -0.0, 0.0, 0.0, 0.0, 1.0]]}, {"name": "Chest", "time": [0.0, 0.1, 0.15, 0.2333, 0.3, 0.4, 1.0], "transform": [[0.639781, -0.106632, 0.761123, -0.0, -0.30113, 0.876369, 0.375899, 0.3, -0.707107, -0.469691, 0.528574, 0.0, 0.0, 0.0, 0.0, 1.0], [0.800604, -0.256163, 0.541676, 0.0, 0.151083, 0.961101, 0.23121, 0.3, -0.579833, -0.10327, 0.808163, -0.0, 0.0, 0.0, 0.0, 1.0], [0.963309, -0.169116, 0.208411, -0.0, 0.197458, 0.972494, -0.123553, 0.3, -0.181784, 0.160172, 0.970207, 0.0, 0.0, 0.0, 0.0, 1.0], [0.906893, 0.070324, -0.415448, 0.0, -0.088362, 0.995791, -0.024327, 0.3, 0.411988, 0.058772, 0.909292, -0.0, 0.0, 0.0, 0.0, 1.0], [0.815926, 0.107738, -0.568027, 0.0, -0.002196, 0.983054, 0.183301, 0.3, 0.578149, -0.148313, 0.802337, 0.0, 0.0, 0.0, 0.0, 1.0], [0.81525, 0.072238, -0.574584, -0.0, 0.04131, 0.982407, 0.182122, 0.3, 0.577631, -0.172212, 0.797924, 0.0, 0.0, 0.0, 0.0, 1.0], [0.988641, 0.033477, -0.146525, -0.0, -0.00633, 0.983289, 0.181942, 0.3, 0.150167, -0.178948, 0.972331, 0.0, 0.0, 0.0, 0.0, 1.0]]}, {"name": "Head", "time": [0.0, 0.1, 0.15, 0.2333, 0.3, 0.4, 1.0], "transform": [[-0.514313, -0.231394, -0.825797, 0.0, -0.115207, 0.972826, -0.20084, 0.4, 0.84983, -0.008159, -0.526995, 0.0, 0.0, 0.0, 0.0, 1.0], [0.367002, 0.114761, -0.923114, 0.0, -0.149802, 0.9867, 0.063109, 0.4, 0.918079, 0.115123, 0.379312, -0.0, 0.0, 0.0, 0.0, 1.0], [0.945251, -0.067574, -0.319273, 0.0, -0.021186, 0.963558, -0.266661, 0.4, 0.325656, 0.258826, 0.909372, -0.0, 0.0, 0.0, 0.0, 1.0], [0.949271, 0.033186, 0.312703, 0.0, 0.05637, 0.96035, -0.273039, 0.4, -0.309365, 0.276815, 0.909762, -0.0, 0.0, 0.0, 0.0, 1.0], [0.398188, 0.037804, 0.916525, 0.0, 0.162139, 0.980518, -0.110885, 0.4, -0.902861, 0.192758, 0.384301, -0.0, 0.0, 0.0, 0.0, 1.0], [0.223791, 0.037803, 0.973904, 0.0, 0.179689, 0.980518, -0.07935, 0.4, -0.95793, 0.192758, 0.212638, -0.0, 0.0, 0.0, 0.0, 1.0], [0.550908, 0.018584, 0.83435, 0.0, 0.102733, 0.990628, -0.089897, 0.4, -0.828219, 0.13524, 0.543836, 0.0, 0.0, 0.0, 0.0, 1.0]]}, {"name": "Shoulder_R", "time": [0.0, 0.1, 0.15, 0.1833, 0.2167, 0.2333, 0.3, 0.4, 1.0], "transform": [[0.27246, 0.867796, 0.415568, 0.0, -0.072926, -0.412038, 0.90825, 0.4, 0.959399, -0.277766, -0.048979, -0.0, 0.0, 0.0, 0.0, 1.0], [0.482998, 0.845238, 0.228661, 0.0, -0.129279, -0.189443, 0.973343, 0.4, 0.866026, -0.499684, 0.017771, -0.0, 0.0, 0.0, 0.0, 1.0], [0.482999, 0.868765, 0.109362, 0.0, -0.129279, -0.052775, 0.990204, 0.4, 0.866028, -0.492404, 0.086823, -0.0, 0.0, 0.0, 0.0, 1.0], [0.220132, 0.971187, 0.091302, 0.0, -0.05892, -0.08019, 0.995037, 0.4, 0.973692, -0.224419, 0.03957, 0.0, 0.0, 0.0, 0.0, 1.0], [0.228514, 0.969217, 0.09165, 0.0, -0.061163, -0.079662, 0.994944, 0.4, 0.971619, -0.232964, 0.041076, -0.0, 0.0, 0.0, 0.0, 1.0], [0.14793, 0.939793, 0.30807, 0.0, -0.039594, -0.30562, 0.95133, 0.4, 0.988206, -0.152928, -0.008001, -0.0, 0.0, 0.0, 0.0, 1.0], [0.113175, 0.89987, 0.42122, 0.0, -0.030291, -0.420622, 0.90673, 0.4, 0.993115, -0.115378, -0.020346, -0.0, 0.0, 0.0, 0.0, 1.0], [0.113175, 0.89987, 0.42122, 0.0, -0.030291, -0.420623, 0.90673, 0.4, 0.993115, -0.115378, -0.020346, -0.0, 0.0, 0.0, 0.0, 1.0], [0.003846, 0.951291, 0.308268, 0.0, -0.001028, -0.308267, 0.9513, 0.4, 0.999992, -0.003976, -0.000208, 0.0, 0.0, 0.0, 0.0, 1.0]]}, {"name": "Arm_R", "time": [0.0, 0.1, 0.15, 0.1833, 0.2167, 0.2333, 0.3, 0.4, 1.0], "transform": [[-0.258398, -0.820167, -0.51044, -0.0, 0.134334, 0.492748, -0.859733, 0.388385, 0.956654, -0.290725, -0.017149, -0.0, 0.0, 0.0, 0.0, 1.0], [-0.208225, -0.977946, -0.016101, 0.0, -0.566129, 0.133932, -0.813361, 0.388385, 0.797583, -0.160247, -0.581531, 0.0, 0.0, 0.0, 0.0, 1.0], [0.116345, -0.668631, -0.734433, -0.0, -0.478164, 0.610413, -0.631469, 0.388385, 0.870532, 0.424648, -0.248696, -0.0, 0.0, 0.0, 0.0, 1.0], [0.358757, 0.034736, -0.932783, -0.0, -0.370076, 0.922703, -0.107973, 0.388385, 0.856935, 0.383936, 0.343881, 0.0, 0.0, 0.0, 0.0, 1.0], [0.435648, 0.336424, -0.834882, -0.0, -0.227849, 0.938532, 0.2593, 0.388385, 0.870799, 0.077264, 0.485526, 0.0, 0.0, 0.0, 0.0, 1.0], [0.561985, 0.278883, -0.778713, -0.0, -0.233963, 0.956591, 0.173742, 0.388385, 0.793364, 0.084549, 0.602843, -0.0, 0.0, 0.0, 0.0, 1.0], [0.343539, -0.043726, -0.938119, -0.0, -0.016263, 0.998486, -0.052496, 0.388385, 0.938996, 0.033291, 0.342309, 0.0, 0.0, 0.0, 0.0, 1.0], [0.255321, 0.11132, -0.960425, -0.0, -0.044484, 0.993648, 0.103345, 0.388385, 0.96583, 0.016338, 0.258653, -0.0, 0.0, 0.0, 0.0, 1.0], [0.345792, 0.144352, -0.927141, 0.0, 0.719876, 0.592955, 0.360809, 0.388385, 0.601837, -0.79219, 0.101123, -0.0, 0.0, 0.0, 0.0, 1.0]]}, {"name": "Hand_R", "time": [0.0, 0.1, 0.15, 0.2333, 0.3, 0.4, 1.0], "transform": [[0.016161, 0.191676, 0.981318, -0.0, 0.359711, 0.914635, -0.184569, 0.33, -0.932917, 0.355982, -0.054166, -0.0, 0.0, 0.0, 0.0, 1.0], [0.997815, -0.065845, 0.005564, 0.0, 0.064969, 0.962187, -0.264531, 0.33, 0.012064, 0.264315, 0.964359, 0.0, 0.0, 0.0, 0.0, 1.0], [0.999954, -0.00969, 0.000363, 0.0, 0.009505, 0.972127, -0.234261, 0.33, 0.001918, 0.234255, 0.972171, 0.0, 0.0, 0.0, 0.0, 1.0], [0.999391, -0.027514, 0.021484, 0.0, 0.027181, 0.999508, 0.015655, 0.33, -0.021904, -0.015062, 0.999646, 0.0, 0.0, 0.0, 0.0, 1.0], [0.999258, -0.026185, -0.028324, -0.0, 0.017152, 0.959331, -0.281763, 0.33, 0.03455, 0.281068, 0.959063, -0.0, 0.0, 0.0, 0.0, 1.0], [0.998778, -0.040552, -0.028324, -0.0, 0.030946, 0.958986, -0.281763, 0.33, 0.038589, 0.280542, 0.959063, 0.0, 0.0, 0.0, 0.0, 1.0], [0.993917, 0.021295, 0.108059, 0.0, 0.011623, 0.95537, -0.295183, 0.33, -0.109522, 0.294643, 0.949311, -0.0, 0.0, 0.0, 0.0, 1.0]]}, {"name": "Tool_R", "time": [0.0, 0.1, 0.15, 0.1833, 0.2333, 0.3, 0.4, 1.0], "transform": [[1.000002, -0.0, 0.0, 0.0, -0.0, -0.865401, -0.501088, 0.291204, 0.0, 0.501097, -0.865386, 0.0, 0.0, 0.0, 0.0, 1.0], [1.0, -0.0, 0.0, -0.0, -0.0, -0.909609, -0.415475, 0.291203, 0.0, 0.415481, -0.909598, 0.0, 0.0, 0.0, 0.0, 1.0], [1.0, -0.0, 0.0, -0.0, 0.0, -0.923845, -0.382771, 0.291204, 0.0, 0.382772, -0.923843, 0.0, 0.0, 0.0, 0.0, 1.0], [1.000001, -0.0, 0.0, 0.0, -0.0, -0.913354, -0.407167, 0.291204, 0.0, 0.407167, -0.913355, 0.0, 0.0, 0.0, 0.0, 1.0], [1.0, -0.0, 0.0, 0.0, 0.0, -0.927807, -0.373053, 0.291204, 0.0, 0.37305, -0.927815, 0.0, 0.0, 0.0, 0.0, 1.0], [1.000001, -0.0, 0.0, -0.0, -0.0, -0.88422, -0.467069, 0.291204, 0.0, 0.467067, -0.884224, 0.0, 0.0, 0.0, 0.0, 1.0], [1.000001, -0.0, 0.0, 0.0, 0.0, -0.912877, -0.408234, 0.291204, 0.0, 0.408232, -0.91288, 0.0, 0.0, 0.0, 0.0, 1.0], [1.0, -0.0, 0.0, 0.0, 0.0, -0.811623, -0.584182, 0.291203, 0.0, 0.584182, -0.811623, 0.0, 0.0, 0.0, 0.0, 1.0]]}, {"name": "Elbow_R", "time": [0.0, 0.1, 0.15, 0.2333, 0.3, 0.4, 1.0], "transform": [[-1.0, 0.0, 0.0, -0.0, -0.0, 0.021594, -0.999767, 0.33, -0.0, -0.999767, -0.021594, 0.0, 0.0, 0.0, 0.0, 1.0], [-1.0, 0.0, 0.0, 0.0, -0.0, 0.021594, -0.999767, 0.33, -0.0, -0.999767, -0.021594, 0.0, 0.0, 0.0, 0.0, 1.0], [-1.0, 0.0, 0.0, 0.0, -0.0, 0.021594, -0.999767, 0.33, -0.0, -0.999767, -0.021594, 0.0, 0.0, 0.0, 0.0, 1.0], [-1.0, 0.0, 0.0, 0.0, -0.0, 0.021594, -0.999767, 0.33, -0.0, -0.999767, -0.021594, 0.0, 0.0, 0.0, 0.0, 1.0], [-1.0, 0.0, 0.0, -0.0, -0.0, 0.010797, -0.999942, 0.33, -0.0, -0.999942, -0.010797, -0.0, 0.0, 0.0, 0.0, 1.0], [-1.0, 0.0, 0.0, -0.0, -0.0, 0.010797, -0.999942, 0.33, -0.0, -0.999942, -0.010797, 0.0, 0.0, 0.0, 0.0, 1.0], [-1.0, 0.0, 0.0, 0.0, -0.0, 0.015897, -0.999874, 0.33, -0.0, -0.999874, -0.015897, 0.0, 0.0, 0.0, 0.0, 1.0]]}, {"name": "Shoulder_L", "time": [0.0, 0.1, 0.15, 0.2333, 0.3, 0.4, 1.0], "transform": [[0.016518, -0.910697, -0.412742, 0.0, 0.004419, -0.412728, 0.910843, 0.4, -0.999854, -0.016869, -0.002793, 0.0, 0.0, 0.0, 0.0, 1.0], [-0.022974, -0.906143, -0.422347, 0.0, -0.006152, -0.422322, 0.906424, 0.4, -0.999717, 0.023422, 0.004128, -0.0, 0.0, 0.0, 0.0, 1.0], [-0.092437, -0.902047, -0.421625, 0.0, -0.024746, -0.421225, 0.906618, 0.4, -0.995411, 0.094239, 0.016614, -0.0, 0.0, 0.0, 0.0, 1.0], [-0.090201, -0.927693, -0.36228, 0.0, -0.024148, -0.361618, 0.932014, 0.4, -0.99563, 0.092817, 0.010217, -0.0, 0.0, 0.0, 0.0, 1.0], [-0.220087, -0.900211, -0.37574, -0.0, -0.058916, -0.372214, 0.926275, 0.4, -0.973699, 0.225999, 0.028882, -0.0, 0.0, 0.0, 0.0, 1.0], [-0.220087, -0.900211, -0.37574, 0.0, -0.058916, -0.372214, 0.926276, 0.4, -0.973699, 0.225999, 0.028882, -0.0, 0.0, 0.0, 0.0, 1.0], [0.003428, -0.948585, -0.316502, -0.0, 0.000915, -0.316501, 0.948591, 0.4, -0.999993, -0.003541, -0.000217, 0.0, 0.0, 0.0, 0.0, 1.0]]}, {"name": "Arm_L", "time": [0.0, 0.1, 0.15, 0.2333, 0.3, 0.4, 1.0], "transform": [[-0.006425, -0.299401, 0.954105, 0.0, -0.498461, 0.828095, 0.256502, 0.388354, -0.866887, -0.473936, -0.15456, -0.0, 0.0, 0.0, 0.0, 1.0], [0.393397, -0.25935, 0.88203, -0.0, -0.195131, 0.913974, 0.355773, 0.388354, -0.898422, -0.312072, 0.308947, -0.0, 0.0, 0.0, 0.0, 1.0], [0.22888, -0.359179, 0.904767, 0.0, -0.139943, 0.907645, 0.395723, 0.388355, -0.963343, -0.217189, 0.157477, -0.0, 0.0, 0.0, 0.0, 1.0], [0.67675, -0.261801, 0.68809, 0.0, -0.095072, 0.895733, 0.43431, 0.388354, -0.730046, -0.359338, 0.581298, 0.0, 0.0, 0.0, 0.0, 1.0], [0.543252, -0.141714, 0.827521, -0.0, -0.180234, 0.942988, 0.279807, 0.388354, -0.819994, -0.301155, 0.486737, -0.0, 0.0, 0.0, 0.0, 1.0], [0.543252, -0.291684, 0.78727, 0.0, -0.180234, 0.875331, 0.448678, 0.388354, -0.819994, -0.38564, 0.422953, 0.0, 0.0, 0.0, 0.0, 1.0], [0.27227, 0.151969, 0.950144, 0.0, -0.699865, 0.708936, 0.087161, 0.388354, -0.660346, -0.688704, 0.29938, 0.0, 0.0, 0.0, 0.0, 1.0]]}, {"name": "Hand_L", "time": [0.0, 0.1, 0.15, 0.2333, 0.3, 0.4, 1.0], "transform": [[0.477117, 0.337916, -0.811278, -0.0, -0.837459, 0.454743, -0.303103, 0.33, 0.2665, 0.824028, 0.499956, -0.0, 0.0, 0.0, 0.0, 1.0], [0.636862, -0.009616, -0.770918, 0.0, -0.407962, 0.84426, -0.347552, 0.33, 0.654197, 0.535848, 0.533754, -0.0, 0.0, 0.0, 0.0, 1.0], [0.916082, -0.056843, -0.396945, 0.0, -0.272809, 0.637159, -0.720836, 0.33, 0.293892, 0.768634, 0.568181, 0.0, 0.0, 0.0, 0.0, 1.0], [0.663208, 0.15537, -0.732131, 0.0, -0.74718, 0.194133, -0.635639, 0.33, 0.043372, 0.968592, 0.24484, 0.0, 0.0, 0.0, 0.0, 1.0], [0.651931, 0.101682, -0.751838, -0.0, -0.752163, 0.221286, -0.621366, 0.33, 0.103262, 0.969893, 0.220589, 0.0, 0.0, 0.0, 0.0, 1.0], [0.861059, 0.102882, -0.499053, 0.0, -0.505912, 0.050006, -0.861353, 0.33, -0.063707, 0.993435, 0.09504, 0.0, 0.0, 0.0, 0.0, 1.0], [0.998309, -0.058097, -0.00193, -0.0, 0.051808, 0.904325, -0.423688, 0.33, 0.02636, 0.422871, 0.905807, -0.0, 0.0, 0.0, 0.0, 1.0]]}, {"name": "Tool_L", "time": [0.0, 0.1, 0.15, 0.2333, 0.3, 0.4, 1.0], "transform": [[1.0, 0.0, 0.0, 0.0, 0.0, -1.0, 0.0, 0.291204, 0.0, 0.0, -1.0, -0.0, 0.0, 0.0, 0.0, 1.0], [1.0, 0.0, 0.0, 0.0, 0.0, -1.0, 0.0, 0.291204, 0.0, -0.0, -1.0, -0.0, 0.0, 0.0, 0.0, 1.0], [1.0, 0.0, 0.0, -0.0, 0.0, -1.0, 0.0, 0.291204, 0.0, -0.0, -1.0, 0.0, 0.0, 0.0, 0.0, 1.0], [1.0, 0.0, 0.0, 0.0, 0.0, -1.0, 0.0, 0.291204, 0.0, -0.0, -1.0, -0.0, 0.0, 0.0, 0.0, 1.0], [1.0, 0.0, 0.0, 0.0, 0.0, -1.0, 0.0, 0.291204, 0.0, -0.0, -1.0, 0.0, 0.0, 0.0, 0.0, 1.0], [1.0, 0.0, 0.0, 0.0, 0.0, -1.0, -0.0, 0.291204, 0.0, 0.0, -1.0, 0.0, 0.0, 0.0, 0.0, 1.0], [1.0, 0.00026, -0.000665, 0.0, 0.000261, -0.999999, 0.001229, 0.291204, -0.000665, -0.00123, -0.999999, 0.0, 0.0, 0.0, 0.0, 1.0]]}, {"name": "Elbow_L", "time": [0.0, 0.1, 0.15, 0.2333, 0.3, 0.4, 1.0], "transform": [[-1.0, 0.0, -0.0, 0.0, 0.0, -0.0, -1.0, 0.33, -0.0, -1.0, 0.0, 0.0, 0.0, 0.0, 0.0, 1.0], [-1.0, 0.0, -0.0, 0.0, 0.0, -0.0, -1.0, 0.33, -0.0, -1.0, 0.0, 0.0, 0.0, 0.0, 0.0, 1.0], [-1.0, 0.0, -0.0, 0.0, 0.0, -0.0, -1.0, 0.33, -0.0, -1.0, 0.0, 0.0, 0.0, 0.0, 0.0, 1.0], [-1.0, 0.0, -0.0, 0.0, 0.0, -0.0, -1.0, 0.33, -0.0, -1.0, 0.0, 0.0, 0.0, 0.0, 0.0, 1.0], [-1.0, 0.0, -0.0, 0.0, 0.0, -0.0, -1.0, 0.33, -0.0, -1.0, 0.0, 0.0, 0.0, 0.0, 0.0, 1.0], [-1.0, 0.0, -0.0, 0.0, 0.0, -0.0, -1.0, 0.33, -0.0, -1.0, 0.0, 0.0, 0.0, 0.0, 0.0, 1.0], [-1.0, 0.0, -0.0, 0.0, 0.0, -0.0, -1.0, 0.33, -0.0, -1.0, 0.0, 0.0, 0.0, 0.0, 0.0, 1.0]]}]}