{"animation": [{"name": "Root", "time": [0.0, 0.0333, 0.0667, 0.1, 0.2, 0.4, 0.6167], "transform": [[-0.996538, 0.076948, -0.031479, -5e-06, -0.020333, 0.141567, 0.98972, 0.000946, 0.080613, 0.986934, -0.139512, 0.449671, 0.0, 0.0, 0.0, 1.0], [-0.768761, 0.005177, -0.639516, -5e-06, -0.623033, 0.219645, 0.750724, 0.400946, 0.144353, 0.975566, -0.165629, 0.470373, 0.0, 0.0, 0.0, 1.0], [-0.238759, -0.025911, -0.970733, -5e-06, -0.933349, 0.282063, 0.222035, 0.600946, 0.268054, 0.959046, -0.091529, 0.465724, 0.0, 0.0, 0.0, 1.0], [0.275676, -0.076524, -0.9582, -5e-06, -0.906629, 0.310538, -0.285639, 0.600946, 0.319415, 0.947476, 0.016229, 0.461075, 0.0, 0.0, 0.0, 1.0], [0.750163, -0.12175, -0.649948, -5e-06, -0.634745, 0.142921, -0.759389, 0.600946, 0.185347, 0.982217, 0.029934, 0.474557, 0.0, 0.0, 0.0, 1.0], [0.979497, -0.133743, -0.15066, -5e-06, -0.133101, 0.131766, -0.982304, 0.600946, 0.151229, 0.982217, 0.111263, 0.504557, 0.0, 0.0, 0.0, 1.0], [0.979497, -0.133743, -0.15066, -5e-06, -0.133101, 0.131766, -0.982304, 0.600946, 0.151229, 0.982217, 0.111263, 0.604557, 0.0, 0.0, 0.0, 1.0]]}, {"name": "Thigh_R", "time": [0.0, 0.0333, 0.0667, 0.1, 0.2, 0.4, 0.6167], "transform": [[0.917621, 0.391732, 0.067207, 0.124994, 0.352343, -0.879999, 0.318518, -0.002831, 0.183916, -0.268599, -0.94553, -1.2e-05, 0.0, 0.0, 0.0, 1.0], [0.88692, 0.387268, -0.251783, 0.124994, 0.46166, -0.761465, 0.455016, -0.002831, -0.015511, -0.519801, -0.854146, -1.2e-05, 0.0, 0.0, 0.0, 1.0], [0.874901, 0.441738, -0.198533, 0.124994, 0.469617, -0.873994, 0.124874, -0.00283, -0.118355, -0.202487, -0.972106, -1.2e-05, 0.0, 0.0, 0.0, 1.0], [0.845137, 0.239272, -0.478009, 0.124994, 0.486827, -0.713852, 0.503402, -0.00283, -0.220778, -0.658152, -0.719786, -1.2e-05, 0.0, 0.0, 0.0, 1.0], [0.794219, 0.490202, -0.358994, 0.124994, 0.594719, -0.748213, 0.294008, -0.002831, -0.124511, -0.447016, -0.8858, -1.2e-05, 0.0, 0.0, 0.0, 1.0], [0.928141, 0.371666, 0.02032, 0.124994, 0.354386, -0.899046, 0.257139, -0.002831, 0.113839, -0.231461, -0.966158, -1.2e-05, 0.0, 0.0, 0.0, 1.0], [0.987726, 0.106795, -0.113951, 0.124994, 0.146298, -0.888046, 0.435809, -0.002831, -0.054662, -0.447134, -0.892774, -1.2e-05, 0.0, 0.0, 0.0, 1.0]]}, {"name": "Leg_R", "time": [0.0, 0.0333, 0.0667, 0.1, 0.2, 0.4, 0.6167], "transform": [[0.997183, 0.039698, -0.06363, -0.0, 0.061349, 0.056263, 0.996529, 0.37472, 0.043141, -0.997626, 0.053669, 0.0, 0.0, 0.0, 0.0, 1.0], [0.999194, -0.017654, -0.035994, 0.0, 0.039718, 0.557922, 0.828942, 0.37472, 0.005448, -0.829705, 0.558175, 0.0, 0.0, 0.0, 0.0, 1.0], [0.997584, -0.069434, -0.001521, 0.0, 0.049196, 0.691019, 0.72116, 0.37472, -0.049022, -0.719493, 0.692766, 0.0, 0.0, 0.0, 0.0, 1.0], [0.992585, -0.11431, 0.041297, 0.0, 0.067806, 0.802792, 0.59239, 0.37472, -0.100869, -0.585198, 0.804592, 0.0, 0.0, 0.0, 0.0, 1.0], [0.967955, -0.22315, -0.115178, 0.0, 0.21957, 0.529498, 0.819403, 0.37472, -0.121863, -0.818435, 0.561528, 0.0, 0.0, 0.0, 0.0, 1.0], [0.999271, 0.019262, -0.032931, 0.0, 0.015948, 0.573242, 0.819232, 0.37472, 0.034658, -0.81916, 0.572518, -0.0, 0.0, 0.0, 0.0, 1.0], [0.995614, -0.061013, -0.070919, 0.0, 0.092059, 0.50401, 0.858778, 0.37472, -0.016653, -0.86154, 0.507416, 0.0, 0.0, 0.0, 0.0, 1.0]]}, {"name": "Knee_R", "time": [0.0, 0.0333, 0.0667, 0.1, 0.2, 0.4, 0.6167], "transform": [[0.999184, 0.007184, -0.039749, -0.0, -0.033815, 0.687046, -0.725827, 0.37472, 0.022095, 0.726578, 0.686728, 0.0, 0.0, 0.0, 0.0, 1.0], [0.999787, -0.01332, -0.015801, 0.0, -0.007689, 0.46997, -0.882649, 0.37472, 0.019182, 0.882582, 0.469767, 0.0, 0.0, 0.0, 0.0, 1.0], [0.999371, -0.03489, 0.006328, 0.0, 0.019494, 0.391511, -0.919967, 0.37472, 0.02962, 0.919511, 0.391945, 0.0, 0.0, 0.0, 0.0, 1.0], [0.998098, -0.053956, 0.029816, 0.0, 0.045101, 0.309402, -0.949861, 0.37472, 0.042026, 0.949399, 0.311247, 0.0, 0.0, 0.0, 0.0, 1.0], [0.991453, -0.12704, -0.029708, 0.0, 0.033519, 0.468096, -0.883044, 0.37472, 0.126085, 0.874496, 0.468353, 0.0, 0.0, 0.0, 0.0, 1.0], [0.999807, 0.005603, -0.018833, 0.0, -0.019291, 0.461921, -0.886711, 0.37472, 0.003731, 0.886903, 0.46194, -0.0, 0.0, 0.0, 0.0, 1.0], [0.998826, -0.039977, -0.027378, 0.0, -0.003927, 0.496403, -0.868084, 0.37472, 0.048293, 0.867171, 0.495663, 0.0, 0.0, 0.0, 0.0, 1.0]]}, {"name": "Thigh_L", "time": [0.0, 0.0333, 0.0667, 0.1, 0.2, 0.4, 0.6167], "transform": [[0.914552, -0.329092, -0.235146, -0.127812, 0.1049, -0.36849, 0.923694, -0.003773, -0.39063, -0.869433, -0.302482, 0.003304, 0.0, 0.0, 0.0, 1.0], [0.851133, -0.519232, -0.077271, -0.127812, -0.178628, -0.424878, 0.887452, -0.003773, -0.493624, -0.741537, -0.454377, 0.003304, 0.0, 0.0, 0.0, 1.0], [0.759621, -0.648282, 0.052024, -0.127812, -0.457943, -0.476359, 0.750579, -0.003773, -0.461805, -0.59398, -0.658729, 0.003304, 0.0, 0.0, 0.0, 1.0], [0.76765, -0.63962, -0.040004, -0.127812, -0.45933, -0.592654, 0.661648, -0.003773, -0.446911, -0.489539, -0.748747, 0.003304, 0.0, 0.0, 0.0, 1.0], [0.769769, -0.63173, 0.091487, -0.127812, -0.519795, -0.537176, 0.664269, -0.003773, -0.370495, -0.558888, -0.741873, 0.003304, 0.0, 0.0, 0.0, 1.0], [0.846247, -0.398822, 0.353277, -0.127812, -0.503942, -0.383946, 0.773708, -0.003773, -0.172933, -0.83278, -0.525897, 0.003304, 0.0, 0.0, 0.0, 1.0], [0.932512, -0.350129, 0.08849, -0.126409, -0.307547, -0.641482, 0.70279, -0.003302, -0.189302, -0.682575, -0.705872, 0.001646, 0.0, 0.0, 0.0, 1.0]]}, {"name": "Leg_L", "time": [0.0, 0.0333, 0.0667, 0.1, 0.2, 0.4, 0.6167], "transform": [[0.999061, -0.014581, 0.040808, -0.0, -0.039238, 0.095293, 0.994675, 0.37472, -0.018392, -0.995341, 0.094631, -0.0, 0.0, 0.0, 0.0, 1.0], [0.991341, -0.129296, 0.0229, 0.0, -0.047411, -0.189814, 0.980674, 0.37472, -0.122451, -0.973268, -0.1943, -0.0, 0.0, 0.0, 0.0, 1.0], [0.98883, -0.147563, 0.02098, -0.0, -0.051302, -0.204812, 0.977455, 0.37472, -0.13994, -0.967613, -0.210095, 0.0, 0.0, 0.0, 0.0, 1.0], [0.98599, -0.165748, 0.018762, -0.0, -0.055463, -0.219683, 0.973992, 0.37472, -0.157316, -0.961387, -0.225798, -0.0, 0.0, 0.0, 0.0, 1.0], [0.987228, -0.14378, 0.068591, -0.0, -0.069924, -0.004233, 0.997543, 0.37472, -0.143136, -0.989599, -0.014233, -0.0, 0.0, 0.0, 0.0, 1.0], [0.999149, -0.036207, 0.019665, -0.0, -0.014373, 0.141017, 0.989902, 0.37472, -0.038614, -0.989345, 0.140377, -0.0, 0.0, 0.0, 0.0, 1.0], [0.999358, 0.01567, 0.032175, -0.0, -0.035671, 0.508654, 0.860231, 0.37472, -0.002886, -0.860827, 0.508888, -0.0, 0.0, 0.0, 0.0, 1.0]]}, {"name": "Knee_L", "time": [0.0, 0.0333, 0.0667, 0.1, 0.2, 0.4, 0.6167], "transform": [[0.99973, 0.000601, 0.023226, -0.0, 0.016783, 0.672617, -0.7398, 0.37472, -0.016067, 0.73999, 0.672426, -0.0, 0.0, 0.0, 0.0, 1.0], [0.997351, -0.059331, 0.042092, 0.0, 0.072556, 0.769494, -0.63452, 0.37472, 0.005257, 0.635893, 0.771759, -0.0, 0.0, 0.0, 0.0, 1.0], [0.996568, -0.068915, 0.045856, -0.0, 0.082407, 0.773688, -0.628184, 0.37472, 0.007812, 0.629807, 0.776712, 0.0, 0.0, 0.0, 0.0, 1.0], [0.995678, -0.078551, 0.049557, -0.0, 0.092304, 0.777715, -0.621803, 0.37472, 0.010302, 0.62369, 0.781604, -0.0, 0.0, 0.0, 0.0, 1.0], [0.996248, -0.057715, 0.064495, -0.0, 0.086399, 0.706947, -0.70197, 0.37472, -0.00508, 0.704907, 0.709281, -0.0, 0.0, 0.0, 0.0, 1.0], [0.999758, -0.014432, 0.016595, -0.0, 0.021993, 0.655238, -0.755103, 0.37472, 2.4e-05, 0.755285, 0.655397, -0.0, 0.0, 0.0, 0.0, 1.0], [0.999829, 0.012104, 0.01401, -0.0, 0.006172, 0.495515, -0.868578, 0.37472, -0.017455, 0.868515, 0.495354, -0.0, 0.0, 0.0, 0.0, 1.0]]}, {"name": "Torso", "time": [0.0, 0.0333, 0.0667, 0.1, 0.2, 0.4, 0.6167], "transform": [[0.976939, -0.184412, 0.10762, -0.0, 0.196071, 0.974375, -0.110227, 0.05, -0.084535, 0.128787, 0.988063, -0.0, 0.0, 0.0, 0.0, 1.0], [0.966965, -0.236991, 0.093886, -0.0, 0.215133, 0.956275, 0.198133, 0.05, -0.136736, -0.17139, 0.975668, -0.0, 0.0, 0.0, 0.0, 1.0], [0.965498, -0.176828, 0.191171, 0.0, 0.165448, 0.983433, 0.074065, 0.05, -0.201101, -0.039881, 0.978758, 0.0, 0.0, 0.0, 0.0, 1.0], [0.954802, -0.103936, 0.27848, -0.0, 0.124025, 0.990727, -0.05547, 0.05, -0.270133, 0.087502, 0.958839, -0.0, 0.0, 0.0, 0.0, 1.0], [0.991231, -0.086652, 0.099766, -0.0, 0.076776, 0.992131, 0.098903, 0.05, -0.107551, -0.090377, 0.990083, -0.0, 0.0, 0.0, 0.0, 1.0], [0.990316, 0.109708, 0.085082, 0.0, -0.125855, 0.968126, 0.216549, 0.05, -0.058613, -0.22516, 0.972557, -0.0, 0.0, 0.0, 0.0, 1.0], [0.997356, 0.056713, 0.045433, -0.0, -0.062681, 0.98773, 0.143038, 0.05, -0.036764, -0.145508, 0.988674, -0.0, 0.0, 0.0, 0.0, 1.0]]}, {"name": "Chest", "time": [0.0, 0.0333, 0.0667, 0.1, 0.2, 0.4, 0.6167], "transform": [[0.998774, 0.047701, -0.013236, 0.0, -0.031586, 0.819961, 0.571547, 0.3, 0.038116, -0.570428, 0.820461, -0.0, 0.0, 0.0, 0.0, 1.0], [0.956931, -0.072786, 0.281042, 0.0, -0.132209, 0.752595, 0.645074, 0.3, -0.258463, -0.654448, 0.710559, -0.0, 0.0, 0.0, 0.0, 1.0], [0.901987, -0.012759, 0.431574, -0.0, -0.16688, 0.91158, 0.375728, 0.3, -0.398208, -0.410924, 0.820104, 0.0, 0.0, 0.0, 0.0, 1.0], [0.832307, 0.088381, 0.547223, 0.0, -0.153719, 0.985289, 0.074668, 0.3, -0.532574, -0.146265, 0.833648, 0.0, 0.0, 0.0, 0.0, 1.0], [0.770538, -0.063125, 0.634259, -0.0, -0.091536, 0.97381, 0.208122, 0.3, -0.630786, -0.218423, 0.74458, -0.0, 0.0, 0.0, 0.0, 1.0], [0.712867, -0.25613, 0.652853, -0.0, -0.011826, 0.926397, 0.376361, 0.3, -0.701199, -0.276016, 0.657369, 0.0, 0.0, 0.0, 0.0, 1.0], [0.95254, -0.057367, 0.298958, 0.0, -0.021342, 0.967081, 0.253573, 0.3, -0.303663, -0.247919, 0.919959, -0.0, 0.0, 0.0, 0.0, 1.0]]}, {"name": "Head", "time": [0.0, 0.0333, 0.0667, 0.1, 0.2, 0.4, 0.6167], "transform": [[0.75284, 0.022276, 0.657826, 0.0, 0.068039, 0.991438, -0.11144, 0.400001, -0.654678, 0.128654, 0.74488, -0.0, 0.0, 0.0, 0.0, 1.0], [0.387698, 0.020574, 0.921557, 0.0, 0.544886, 0.801268, -0.247121, 0.4, -0.743499, 0.597951, 0.299439, -0.0, 0.0, 0.0, 0.0, 1.0], [0.735502, 0.137972, 0.663326, -0.0, 0.153302, 0.919763, -0.361294, 0.4, -0.659952, 0.367422, 0.655337, -0.0, 0.0, 0.0, 0.0, 1.0], [0.925682, 0.120532, 0.358586, -0.0, -0.056714, 0.981388, -0.18347, 0.4, -0.374027, 0.149497, 0.91529, 0.0, 0.0, 0.0, 0.0, 1.0], [0.996184, 0.059261, -0.064079, 0.0, -0.074374, 0.960574, -0.26789, 0.4, 0.045677, 0.271634, 0.961317, 0.0, 0.0, 0.0, 0.0, 1.0], [0.809414, -0.133431, -0.571878, -0.0, -0.145108, 0.898199, -0.414948, 0.4, 0.569028, 0.418849, 0.707654, 0.0, 0.0, 0.0, 0.0, 1.0], [0.988082, 0.001742, -0.153919, -0.0, -0.072074, 0.888785, -0.45262, 0.4, 0.136013, 0.458319, 0.878319, 0.0, 0.0, 0.0, 0.0, 1.0]]}, {"name": "Shoulder_R", "time": [0.0, 0.0333, 0.0667, 0.1, 0.2, 0.4, 0.6167], "transform": [[-0.112964, 0.931717, 0.345179, 0.0, 0.030247, -0.344017, 0.938477, 0.4, 0.993138, 0.116455, 0.010679, -0.0, 0.0, 0.0, 0.0, 1.0], [-0.169724, 0.925272, 0.339222, 0.0, 0.045447, -0.336501, 0.940587, 0.4, 0.984443, 0.175057, 0.015061, -0.0, 0.0, 0.0, 0.0, 1.0], [-0.197839, 0.920804, 0.336133, 0.0, 0.052976, -0.332367, 0.941663, 0.4, 0.978801, 0.204105, 0.016974, 0.0, 0.0, 0.0, 0.0, 1.0], [-0.225729, 0.915517, 0.332987, -0.0, 0.060445, -0.327989, 0.942747, 0.4, 0.972312, 0.232933, 0.018698, 0.0, 0.0, 0.0, 0.0, 1.0], [-0.250011, 0.891653, 0.377433, -0.0, 0.066947, -0.372961, 0.92543, 0.4, 0.965925, 0.256636, 0.033551, -0.0, 0.0, 0.0, 0.0, 1.0], [-0.250011, 0.891653, 0.377433, -0.0, 0.066947, -0.372961, 0.92543, 0.4, 0.965925, 0.256636, 0.033551, 0.0, 0.0, 0.0, 0.0, 1.0], [-0.058138, 0.904649, 0.422178, -0.0, 0.015566, -0.422021, 0.906453, 0.4, 0.998187, 0.059271, 0.010454, -0.0, 0.0, 0.0, 0.0, 1.0]]}, {"name": "Arm_R", "time": [0.0, 0.0333, 0.0667, 0.1, 0.2, 0.4, 0.6167], "transform": [[0.265003, 0.042029, -0.963323, -0.0, 0.477219, 0.862398, 0.168902, 0.388213, 0.837876, -0.504478, 0.208479, 0.0, 0.0, 0.0, 0.0, 1.0], [0.409467, 0.348526, -0.843121, 0.0, 0.354881, 0.790523, 0.499125, 0.388213, 0.840475, -0.503586, 0.200006, 0.0, 0.0, 0.0, 0.0, 1.0], [0.252936, 0.4155, -0.87371, 0.0, 0.421652, 0.765461, 0.48608, 0.388213, 0.870767, -0.491351, 0.018417, 1e-06, 0.0, 0.0, 0.0, 1.0], [0.096213, 0.478329, -0.872886, -0.0, 0.484134, 0.743748, 0.46092, 0.388213, 0.869689, -0.466943, -0.160016, 1e-06, 0.0, 0.0, 0.0, 1.0], [0.258508, 0.617053, -0.743241, -0.0, 0.467693, 0.593267, 0.655201, 0.388213, 0.845244, -0.516987, -0.135226, 0.0, 0.0, 0.0, 0.0, 1.0], [0.628482, 0.57939, -0.518952, 0.0, 0.43324, 0.293361, 0.852191, 0.388213, 0.645999, -0.760422, -0.066642, 1e-06, 0.0, 0.0, 0.0, 1.0], [0.216033, 0.426393, -0.878357, -0.0, 0.536249, 0.699965, 0.471681, 0.388213, 0.815946, -0.572918, -0.077437, 0.0, 0.0, 0.0, 0.0, 1.0]]}, {"name": "Hand_R", "time": [0.0, 0.0333, 0.0667, 0.1, 0.2, 0.4, 0.6167], "transform": [[0.971213, 0.024972, -0.236883, 0.0, -0.091939, 0.956732, -0.276089, 0.329779, 0.219738, 0.289925, 0.931476, 0.0, 0.0, 0.0, 0.0, 1.0], [0.996643, -0.080231, -0.016045, -0.0, 0.071558, 0.949822, -0.304516, 0.329779, 0.039672, 0.302352, 0.952365, -0.0, 0.0, 0.0, 0.0, 1.0], [0.999215, -0.034816, 0.01872, 0.0, 0.03892, 0.94933, -0.311881, 0.329779, -0.006912, 0.312371, 0.94993, -0.0, 0.0, 0.0, 0.0, 1.0], [0.998626, 0.008939, 0.051557, 0.0, 0.008038, 0.947408, -0.319948, 0.329779, -0.051706, 0.319929, 0.946024, -0.0, 0.0, 0.0, 0.0, 1.0], [0.999996, 0.0, 1e-06, -0.0, -0.0, 0.909246, -0.416273, 0.329779, -1e-06, 0.416279, 0.909232, 0.0, 0.0, 0.0, 0.0, 1.0], [0.996191, -0.087156, 0.0, 0.0, 0.075669, 0.864916, -0.496189, 0.329779, 0.043245, 0.494308, 0.868207, 0.0, 0.0, 0.0, 0.0, 1.0], [0.995521, -0.040811, 0.085254, -0.0, 0.073167, 0.903755, -0.421756, 0.329779, -0.059836, 0.426109, 0.902688, -0.0, 0.0, 0.0, 0.0, 1.0]]}, {"name": "Tool_R", "time": [0.0, 0.0333, 0.0667, 0.1, 0.2, 0.4, 0.6167], "transform": [[0.99974, -0.022817, -4.2e-05, -0.02, -0.022351, -0.978966, -0.202803, 0.291425, 0.004586, 0.202752, -0.979219, 0.0, 0.0, 0.0, 0.0, 1.0], [0.99974, -0.022478, 0.003921, -0.02, -0.021985, -0.99493, -0.098153, 0.291425, 0.006107, 0.098042, -0.995163, 0.0, 0.0, 0.0, 0.0, 1.0], [0.999739, -0.022769, 0.001948, -0.02, -0.021796, -0.975684, -0.218102, 0.291425, 0.006866, 0.218004, -0.975924, -0.0, 0.0, 0.0, 0.0, 1.0], [0.99974, -0.022818, -4.2e-05, -0.02, -0.021517, -0.942124, -0.334578, 0.291425, 0.007595, 0.334492, -0.942368, -0.0, 0.0, 0.0, 0.0, 1.0], [0.99974, -0.021456, 0.007765, -0.02, -0.021585, -0.999624, 0.017019, 0.291425, 0.007397, -0.017182, -0.999825, 0.0, 0.0, 0.0, 0.0, 1.0], [0.99974, -0.021456, 0.007765, -0.02, -0.021585, -0.999624, 0.017019, 0.291425, 0.007397, -0.017182, -0.999825, -0.0, 0.0, 0.0, 0.0, 1.0], [0.99974, -0.021456, 0.007765, -0.02, -0.021585, -0.999624, 0.017019, 0.291425, 0.007397, -0.017182, -0.999825, -0.0, 0.0, 0.0, 0.0, 1.0]]}, {"name": "Elbow_R", "time": [0.0, 0.0333, 0.0667, 0.1, 0.2, 0.4, 0.6167], "transform": [[-1.0, -0.0, -0.0, 0.0, 0.0, 0.160967, -0.98696, 0.329779, 0.0, -0.98696, -0.160967, 0.0, 0.0, 0.0, 0.0, 1.0], [-1.0, -0.0, -1e-06, -0.0, 1e-06, 0.16376, -0.9865, 0.329779, 0.0, -0.9865, -0.16376, -0.0, 0.0, 0.0, 0.0, 1.0], [-1.0, -0.0, -1e-06, 0.0, 1e-06, 0.168832, -0.985645, 0.329779, -0.0, -0.985646, -0.168832, -0.0, 0.0, 0.0, 0.0, 1.0], [-1.0, 0.0, -0.0, 0.0, 0.0, 0.172976, -0.984926, 0.329779, -0.0, -0.984927, -0.172975, -0.0, 0.0, 0.0, 0.0, 1.0], [-1.0, 0.0, -1e-06, -0.0, 1e-06, 0.223565, -0.974689, 0.329779, 0.0, -0.974689, -0.223565, 0.0, 0.0, 0.0, 0.0, 1.0], [-1.0, -1e-06, 0.0, 0.0, -0.0, 0.266325, -0.963883, 0.329779, 1e-06, -0.963883, -0.266326, 0.0, 0.0, 0.0, 0.0, 1.0], [-1.0, -1e-06, -1e-06, -0.0, 1e-06, 0.227869, -0.973691, 0.329779, 1e-06, -0.973692, -0.227869, -0.0, 0.0, 0.0, 0.0, 1.0]]}, {"name": "Shoulder_L", "time": [0.0, 0.0333, 0.0667, 0.1, 0.2, 0.4, 0.6167], "transform": [[0.096846, -0.901578, -0.421637, 0.0, 0.025934, -0.421198, 0.906598, 0.4, -0.994962, -0.098735, -0.01741, -0.0, 0.0, 0.0, 0.0, 1.0], [0.259113, -0.871508, -0.416334, 0.0, 0.069387, -0.413146, 0.908018, 0.4, -0.963351, -0.264168, -0.04658, -0.0, 0.0, 0.0, 0.0, 1.0], [0.150706, -0.894722, -0.420428, 0.0, 0.040357, -0.419362, 0.906922, 0.4, -0.987755, -0.153645, -0.027092, -0.0, 0.0, 0.0, 0.0, 1.0], [0.040648, -0.971052, -0.235384, 0.0, 0.010885, -0.235135, 0.971902, 0.4, -0.999114, -0.042068, 0.001012, 0.0, 0.0, 0.0, 0.0, 1.0], [0.097537, -0.959267, -0.26513, 0.0, 0.026119, -0.263841, 0.964212, 0.4, -0.994889, -0.100972, -0.000679, 0.0, 0.0, 0.0, 0.0, 1.0], [0.129179, -0.944016, -0.303556, 0.0, 0.034592, -0.301644, 0.952793, 0.4, -0.991018, -0.133581, -0.00631, 0.0, 0.0, 0.0, 0.0, 1.0], [-0.020218, -0.924374, -0.38095, 0.0, -0.005414, -0.380922, 0.924591, 0.4, -0.99978, 0.020756, 0.002697, 0.0, 0.0, 0.0, 0.0, 1.0]]}, {"name": "Arm_L", "time": [0.0, 0.0333, 0.0667, 0.1, 0.2, 0.4, 0.6167], "transform": [[0.061554, 0.861129, 0.504646, -0.0, 0.641429, 0.353246, -0.681018, 0.388212, -0.764709, 0.365614, -0.53061, 1e-06, 0.0, 0.0, 0.0, 1.0], [0.520258, 0.840301, -0.1524, 0.0, 0.614257, -0.492173, -0.616809, 0.388212, -0.593313, 0.227286, -0.772218, 1e-06, 0.0, 0.0, 0.0, 1.0], [0.248459, -0.549254, 0.797865, -0.0, 0.708919, 0.664413, 0.236624, 0.388212, -0.660078, 0.50683, 0.554455, 1e-06, 0.0, 0.0, 0.0, 1.0], [0.060932, -0.488227, 0.870587, -0.0, 0.455701, 0.789608, 0.41092, 0.388212, -0.888045, 0.37169, 0.270597, 1e-06, 0.0, 0.0, 0.0, 1.0], [0.428751, -0.38826, 0.815737, 0.0, 0.316822, 0.910215, 0.266706, 0.388212, -0.846048, 0.144093, 0.513265, 1e-06, 0.0, 0.0, 0.0, 1.0], [0.529494, -0.095464, 0.842925, -0.0, 0.153494, 0.988029, 0.015478, 0.388212, -0.834312, 0.121189, 0.537808, 1e-06, 0.0, 0.0, 0.0, 1.0], [0.322158, -0.135784, 0.936896, -0.0, -0.374076, 0.890862, 0.25774, 0.388212, -0.869644, -0.433504, 0.236205, 1e-06, 0.0, 0.0, 0.0, 1.0]]}, {"name": "Hand_L", "time": [0.0, 0.0333, 0.0667, 0.1, 0.2, 0.4, 0.6167], "transform": [[0.997643, -0.014258, -0.067126, 0.0, -0.02185, 0.861267, -0.507683, 0.329779, 0.065052, 0.507953, 0.858925, 0.0, 0.0, 0.0, 0.0, 1.0], [0.998242, 0.021017, -0.055423, -0.0, -0.027228, 0.99313, -0.113806, 0.329779, 0.05265, 0.115115, 0.991956, 0.0, 0.0, 0.0, 0.0, 1.0], [0.998468, 0.026898, -0.048355, 0.0, -0.032968, 0.991034, -0.129482, 0.329779, 0.044439, 0.130877, 0.990402, 0.0, 0.0, 0.0, 0.0, 1.0], [0.998601, 0.032786, -0.041497, 0.0, -0.038482, 0.988698, -0.144897, 0.329779, 0.036277, 0.146291, 0.988576, -0.0, 0.0, 0.0, 0.0, 1.0], [0.998476, 0.048939, -0.025494, -0.0, -0.051654, 0.99145, -0.119827, 0.329779, 0.019412, 0.120961, 0.992467, -0.0, 0.0, 0.0, 0.0, 1.0], [0.998476, 0.046531, -0.029662, 0.0, -0.051654, 0.977234, -0.205782, 0.329779, 0.019412, 0.207001, 0.978148, 0.0, 0.0, 0.0, 0.0, 1.0], [0.971174, 0.237958, -0.014049, 0.0, -0.23335, 0.937028, -0.259862, 0.329779, -0.048672, 0.255649, 0.965543, 0.0, 0.0, 0.0, 0.0, 1.0]]}, {"name": "Tool_L", "time": [0.0, 0.0333, 0.0667, 0.1, 0.2, 0.4, 0.6167], "transform": [[1.0, 1.2e-05, -1.6e-05, 0.02, 7e-06, -0.965514, -0.26035, 0.291426, -1.8e-05, 0.26035, -0.965515, -0.0, 0.0, 0.0, 0.0, 1.0], [1.0, 1.4e-05, -1.4e-05, 0.02, 7e-06, -0.920168, -0.391525, 0.291426, -1.8e-05, 0.391525, -0.920168, -0.0, 0.0, 0.0, 0.0, 1.0], [1.0, 1.4e-05, -1.4e-05, 0.02, 7e-06, -0.929318, -0.369281, 0.291426, -1.8e-05, 0.369281, -0.929318, -0.0, 0.0, 0.0, 0.0, 1.0], [1.0, 1.3e-05, -1.5e-05, 0.02, 7e-06, -0.937818, -0.347127, 0.291426, -1.8e-05, 0.347127, -0.937818, 0.0, 0.0, 0.0, 0.0, 1.0], [1.0, 1.1e-05, -1.6e-05, 0.02, 7e-06, -0.974176, -0.225791, 0.291426, -1.8e-05, 0.225791, -0.974176, -0.0, 0.0, 0.0, 0.0, 1.0], [1.0, 7e-06, -1.8e-05, 0.02, 7e-06, -1.0, 3.4e-05, 0.291426, -1.8e-05, -3.4e-05, -1.0, 0.0, 0.0, 0.0, 0.0, 1.0], [1.0, 4e-06, -9e-06, 0.02, 4e-06, -0.999946, -0.010341, 0.291426, -9e-06, 0.010341, -0.999947, -0.0, 0.0, 0.0, 0.0, 1.0]]}, {"name": "Elbow_L", "time": [0.0, 0.0333, 0.0667, 0.1, 0.2, 0.4, 0.6167], "transform": [[-1.0, 0.0, -0.0, 0.0, 0.0, 0.263867, -0.964559, 0.329779, 0.0, -0.964559, -0.263867, 0.0, 0.0, 0.0, 0.0, 1.0], [-1.0, -0.0, -1e-06, -0.0, 1e-06, 0.057733, -0.998332, 0.329779, -0.0, -0.998332, -0.057733, 0.0, 0.0, 0.0, 0.0, 1.0], [-1.0, 0.0, -0.0, 0.0, 1e-06, 0.065645, -0.997843, 0.329779, 0.0, -0.997843, -0.065645, 0.0, 0.0, 0.0, 0.0, 1.0], [-1.0, -0.0, -0.0, 0.0, -0.0, 0.073391, -0.997303, 0.329779, -0.0, -0.997303, -0.073392, -0.0, 0.0, 0.0, 0.0, 1.0], [-1.0, -0.0, -1e-06, -0.0, 0.0, 0.060604, -0.998162, 0.329779, -0.0, -0.998162, -0.060603, -0.0, 0.0, 0.0, 0.0, 1.0], [-1.0, 0.0, -0.0, 0.0, 0.0, 0.104085, -0.994569, 0.329779, 0.0, -0.994569, -0.104085, 0.0, 0.0, 0.0, 0.0, 1.0], [-1.0, -0.0, -0.0, 0.0, -0.0, 0.129055, -0.991637, 0.329779, 0.0, -0.991637, -0.129055, 0.0, 0.0, 0.0, 0.0, 1.0]]}]}