{"animation": [{"name": "Root", "time": [0.0, 0.1, 0.1833, 0.2167, 0.2667, 0.6167], "transform": [[0.381159, 0.183931, 0.906028, -5e-06, 0.90954, 0.101039, -0.403148, 0.000946, -0.165695, 0.977732, -0.128781, 0.773972, 0.0, 0.0, 0.0, 1.0], [0.133674, 0.183931, 0.973807, -5e-06, 0.990641, 0.002576, -0.136471, 0.000946, -0.02761, 0.982936, -0.181865, 0.599015, 0.0, 0.0, 0.0, 1.0], [0.72049, -0.003669, 0.693455, -5e-06, 0.667563, 0.274419, -0.692137, 0.200946, -0.187758, 0.961603, 0.200165, 0.711493, 0.0, 0.0, 0.0, 1.0], [0.916117, -0.038616, 0.399047, -5e-06, 0.380819, 0.394974, -0.836046, 0.280946, -0.125329, 0.917881, 0.376547, 0.736485, 0.0, 0.0, 0.0, 1.0], [0.981775, -0.045389, -0.184547, -5e-06, -0.126161, 0.570579, -0.811495, 0.400946, 0.142131, 0.819988, 0.554454, 0.773972, 0.0, 0.0, 0.0, 1.0], [0.799902, -0.252867, -0.544256, -5e-06, -0.453045, 0.340329, -0.82397, 0.400946, 0.393581, 0.905668, 0.15767, 0.438972, 0.0, 0.0, 0.0, 1.0]]}, {"name": "Thigh_R", "time": [0.0, 0.1, 0.2667, 0.6167], "transform": [[0.930012, 0.071182, 0.360571, 0.124994, 0.068443, -0.997445, 0.020376, -0.002831, 0.3611, 0.005728, -0.932509, -1.2e-05, 0.0, 0.0, 0.0, 1.0], [0.929086, 0.172194, 0.327331, 0.124994, 0.0773, -0.955869, 0.283435, -0.002831, 0.361692, -0.238032, -0.901398, -1.2e-05, 0.0, 0.0, 0.0, 1.0], [0.996727, 0.059935, -0.054215, 0.128737, 0.057871, -0.06105, 0.996454, -0.003496, 0.056413, -0.996332, -0.064319, 0.00463, 0.0, 0.0, 0.0, 1.0], [0.98309, -0.180022, -0.033528, 0.128737, -0.045826, -0.419135, 0.906765, -0.003496, -0.177291, -0.889896, -0.420298, 0.00463, 0.0, 0.0, 0.0, 1.0]]}, {"name": "Leg_R", "time": [0.0, 0.1, 0.2667, 0.6167], "transform": [[0.999837, -0.01258, -0.012946, -0.0, 0.017451, 0.856975, 0.515063, 0.37472, 0.004615, -0.515205, 0.857054, -0.0, 0.0, 0.0, 0.0, 1.0], [0.999224, -0.025358, -0.03014, -0.0, 0.037354, 0.367307, 0.929349, 0.37472, -0.012496, -0.929754, 0.367969, -0.0, 0.0, 0.0, 0.0, 1.0], [0.997519, -0.045319, -0.053891, -0.0, 0.045271, -0.173432, 0.983804, 0.37472, -0.053932, -0.983804, -0.17095, 0.0, 0.0, 0.0, 0.0, 1.0], [0.990461, -0.137766, -0.002689, -0.0, 0.064127, 0.443593, 0.893931, 0.37472, -0.12196, -0.885576, 0.448196, 0.0, 0.0, 0.0, 0.0, 1.0]]}, {"name": "Knee_R", "time": [0.0, 0.1, 0.2667, 0.6167], "transform": [[0.999958, -0.007171, -0.005619, -0.0, -0.003497, 0.267323, -0.963601, 0.37472, 0.008412, 0.96358, 0.267287, -0.0, 0.0, 0.0, 0.0, 1.0], [0.999788, -0.017319, -0.011171, -0.0, 0.000498, 0.562183, -0.827013, 0.37472, 0.020603, 0.826832, 0.562072, -0.0, 0.0, 0.0, 0.0, 1.0], [0.999245, -0.035235, -0.016393, -0.0, 0.016422, 0.765163, -0.643627, 0.37472, 0.035221, 0.642872, 0.765164, 0.0, 0.0, 0.0, 0.0, 1.0], [0.997421, -0.069416, 0.018271, -0.0, 0.05198, 0.522958, -0.850772, 0.37472, 0.049503, 0.849527, 0.525218, -0.0, 0.0, 0.0, 0.0, 1.0]]}, {"name": "Thigh_L", "time": [0.0, 0.1, 0.2667, 0.6167], "transform": [[0.986625, -0.012278, 0.162541, -0.125006, -0.125059, -0.696587, 0.706488, -0.002831, 0.10455, -0.717366, -0.688806, -1.2e-05, 0.0, 0.0, 0.0, 1.0], [0.987249, -0.014499, 0.158518, -0.125006, -0.116482, -0.74453, 0.657348, -0.002831, 0.108491, -0.667431, -0.736725, -1.2e-05, 0.0, 0.0, 0.0, 1.0], [0.96359, -0.171574, -0.205071, -0.124804, -0.137788, -0.975924, 0.169072, 0.000864, -0.229142, -0.13466, -0.964033, -0.000276, 0.0, 0.0, 0.0, 1.0], [0.839046, -0.500202, -0.214002, -0.124804, -0.385275, -0.824, 0.415433, 0.000864, -0.384139, -0.266118, -0.884091, -0.000276, 0.0, 0.0, 0.0, 1.0]]}, {"name": "Leg_L", "time": [0.0, 0.1, 0.2667, 0.6167], "transform": [[0.995617, 0.079378, 0.049454, -0.0, -0.052441, 0.035995, 0.997977, 0.37472, 0.077437, -0.996195, 0.04, 0.0, 0.0, 0.0, 0.0, 1.0], [0.99626, 0.080103, 0.032409, -0.0, -0.051268, 0.246035, 0.967904, 0.37472, 0.069558, -0.965946, 0.249222, -0.0, 0.0, 0.0, 0.0, 1.0], [0.998542, 0.023186, 0.048744, 0.0, -0.053479, 0.547386, 0.83517, 0.37472, -0.007318, -0.83656, 0.547828, -0.0, 0.0, 0.0, 0.0, 1.0], [0.994788, 0.029151, 0.097712, -0.0, -0.091271, -0.172717, 0.980734, 0.37472, 0.045466, -0.984541, -0.169156, -0.0, 0.0, 0.0, 0.0, 1.0]]}, {"name": "Knee_L", "time": [0.0, 0.1, 0.2667, 0.6167], "transform": [[0.998725, 0.049708, 0.008726, -0.0, -0.028168, 0.692493, -0.720874, 0.37472, -0.041876, 0.71971, 0.693011, 0.0, 0.0, 0.0, 0.0, 1.0], [0.998955, 0.045643, 0.00248, -0.0, -0.026015, 0.612304, -0.790195, 0.37472, -0.037585, 0.789304, 0.612851, -0.0, 0.0, 0.0, 0.0, 1.0], [0.999612, 0.017764, 0.021447, 0.0, 0.010426, 0.475403, -0.879706, 0.37472, -0.025823, 0.879589, 0.475034, -0.0, 0.0, 0.0, 0.0, 1.0], [0.998414, 0.03738, 0.042107, -0.0, -0.00147, 0.764886, -0.644164, 0.37472, -0.056286, 0.64308, 0.763728, -0.0, 0.0, 0.0, 0.0, 1.0]]}, {"name": "Torso", "time": [0.0, 0.1, 0.2667, 0.6167], "transform": [[0.999904, -0.013856, -0.000222, 0.0, 0.013858, 0.999776, 0.015991, 0.05, 0.0, -0.015992, 0.999872, -0.0, 0.0, 0.0, 0.0, 1.0], [1.0, -0.000936, 6.4e-05, 0.0, 0.000938, 0.997637, -0.068696, 0.05, -0.0, 0.068696, 0.997638, -0.0, 0.0, 0.0, 0.0, 1.0], [0.999164, -0.04082, -0.001862, 0.0, 0.040863, 0.998127, 0.04552, 0.05, 0.0, -0.045558, 0.998962, 0.0, 0.0, 0.0, 0.0, 1.0], [0.99665, 0.081347, 0.008372, -0.0, -0.081777, 0.991414, 0.102029, 0.05, 0.0, -0.102372, 0.994746, 0.0, 0.0, 0.0, 0.0, 1.0]]}, {"name": "Chest", "time": [0.0, 0.1, 0.1833, 0.2667, 0.6167], "transform": [[0.988349, -0.088155, 0.124073, -0.0, 0.026701, 0.902973, 0.428868, 0.3, -0.149841, -0.420559, 0.894806, 0.0, 0.0, 0.0, 0.0, 1.0], [0.985619, 0.063219, 0.156709, -0.0, -0.135753, 0.848478, 0.511523, 0.3, -0.100626, -0.525441, 0.844859, 0.0, 0.0, 0.0, 0.0, 1.0], [0.923703, 0.080402, -0.374576, -0.0, 0.045213, 0.948018, 0.314987, 0.3, 0.380431, -0.30789, 0.872053, 0.0, 0.0, 0.0, 0.0, 1.0], [0.897165, 0.098232, -0.430634, -0.0, 0.028361, 0.960132, 0.278104, 0.3, 0.440784, -0.261718, 0.858611, -0.0, 0.0, 0.0, 0.0, 1.0], [0.791387, 0.148817, -0.592925, 0.0, 0.108732, 0.920184, 0.376082, 0.3, 0.601567, -0.362096, 0.712041, 0.0, 0.0, 0.0, 0.0, 1.0]]}, {"name": "Head", "time": [0.0, 0.1, 0.1833, 0.2167, 0.2667, 0.6167], "transform": [[0.452953, -0.028602, -0.891075, 0.0, -0.129087, 0.986849, -0.097293, 0.4, 0.88214, 0.159095, 0.443304, -0.0, 0.0, 0.0, 0.0, 1.0], [0.275485, -0.015505, -0.96118, 0.0, -0.177495, 0.981858, -0.06671, 0.4, 0.944777, 0.188982, 0.267735, 0.0, 0.0, 0.0, 0.0, 1.0], [0.944471, 0.062117, -0.322669, 0.0, -0.136929, 0.967049, -0.21463, 0.4, 0.298705, 0.246895, 0.921856, -0.0, 0.0, 0.0, 0.0, 1.0], [0.995088, 0.091664, 0.037394, 0.0, -0.069853, 0.917777, -0.390905, 0.4, -0.070152, 0.386372, 0.919671, -0.0, 0.0, 0.0, 0.0, 1.0], [0.795175, 0.288795, 0.533193, 0.0, 0.079645, 0.821945, -0.563971, 0.4, -0.601127, 0.490922, 0.630589, 0.0, 0.0, 0.0, 0.0, 1.0], [0.287207, 0.275945, 0.917261, 0.0, 0.198597, 0.919643, -0.338845, 0.4, -0.937055, 0.279484, 0.209326, 0.0, 0.0, 0.0, 0.0, 1.0]]}, {"name": "Shoulder_R", "time": [0.0, 0.1, 0.2667, 0.6167], "transform": [[0.482998, 0.816408, 0.31653, 0.0, -0.129279, -0.291041, 0.947936, 0.4, 0.866026, -0.498771, -0.035028, -0.0, 0.0, 0.0, 0.0, 1.0], [0.482998, 0.816408, 0.31653, 0.0, -0.129279, -0.291041, 0.947935, 0.4, 0.866026, -0.498771, -0.035028, 0.0, 0.0, 0.0, 0.0, 1.0], [-0.021458, 0.923087, 0.383993, 0.0, 0.005745, -0.383961, 0.923331, 0.4, 0.999754, 0.022018, 0.002936, -0.0, 0.0, 0.0, 0.0, 1.0], [-0.021458, 0.923086, 0.383993, 0.0, 0.005745, -0.383961, 0.923332, 0.4, 0.999754, 0.022018, 0.002936, 0.0, 0.0, 0.0, 0.0, 1.0]]}, {"name": "Arm_R", "time": [0.0, 0.1, 0.15, 0.1833, 0.2167, 0.2667, 0.6167], "transform": [[-0.32659, -0.938462, 0.112372, 0.0, -0.318273, -0.002753, -0.947995, 0.388385, 0.889967, -0.345371, -0.297788, 0.0, 0.0, 0.0, 0.0, 1.0], [-0.32659, -0.938462, 0.112372, 0.0, -0.318273, -0.002753, -0.947995, 0.388385, 0.889967, -0.345371, -0.297788, 0.0, 0.0, 0.0, 0.0, 1.0], [-0.100939, -0.918631, -0.382004, 0.0, -0.634385, 0.35521, -0.686572, 0.388385, 0.766397, 0.173036, -0.618622, 0.0, 0.0, 0.0, 0.0, 1.0], [0.235357, -0.383602, -0.893004, 0.0, -0.645431, 0.625268, -0.4387, 0.388385, 0.726653, 0.679624, -0.100428, -0.0, 0.0, 0.0, 0.0, 1.0], [0.403992, 0.275987, -0.872136, -0.0, -0.624167, 0.780147, -0.042251, 0.388385, 0.668733, 0.561428, 0.487436, 0.0, 0.0, 0.0, 0.0, 1.0], [0.571693, 0.276364, -0.772522, 0.0, -0.201549, 0.960015, 0.194286, 0.388385, 0.795324, 0.044629, 0.604538, -0.0, 0.0, 0.0, 0.0, 1.0], [0.470217, 0.197797, -0.860101, -0.0, -0.217561, 0.970463, 0.104238, 0.388385, 0.855315, 0.13811, 0.499362, 0.0, 0.0, 0.0, 0.0, 1.0]]}, {"name": "Hand_R", "time": [0.0, 0.1, 0.15, 0.2667, 0.6167], "transform": [[1.0, -0.0, 0.0, 0.0, 0.0, 0.832469, -0.554072, 0.33, 0.0, 0.554072, 0.832469, -0.0, 0.0, 0.0, 0.0, 1.0], [1.0, -0.0, 0.0, 0.0, 0.0, 0.832469, -0.554072, 0.33, 0.0, 0.554072, 0.832469, 0.0, 0.0, 0.0, 0.0, 1.0], [0.999816, -0.018237, 0.00598, 0.0, 0.01881, 0.993022, -0.116413, 0.33, -0.003815, 0.116504, 0.993183, 0.0, 0.0, 0.0, 0.0, 1.0], [0.997902, -0.053765, 0.036065, -0.0, 0.060706, 0.970662, -0.232652, 0.33, -0.022499, 0.234352, 0.971892, -0.0, 0.0, 0.0, 0.0, 1.0], [0.997902, -0.023576, 0.060295, -0.0, 0.060705, 0.6644, -0.744907, 0.33, -0.022499, 0.747002, 0.664439, -0.0, 0.0, 0.0, 0.0, 1.0]]}, {"name": "Tool_R", "time": [0.0, 0.1, 0.15, 0.2667, 0.6167], "transform": [[1.0, -0.0, 0.0, -0.0, -0.0, -0.882481, -0.470349, 0.291204, 0.0, 0.470349, -0.882481, 0.0, 0.0, 0.0, 0.0, 1.0], [1.0, -0.0, 0.0, -0.0, 0.0, -0.882481, -0.470349, 0.291204, 0.0, 0.470348, -0.882481, 0.0, 0.0, 0.0, 0.0, 1.0], [1.0, -0.0, 0.0, 0.0, -0.0, -0.897677, -0.440653, 0.291204, 0.0, 0.440652, -0.897678, 0.0, 0.0, 0.0, 0.0, 1.0], [1.0, -0.0, 0.0, 0.0, 0.0, -0.983294, -0.182009, 0.291204, 0.0, 0.182008, -0.983299, 0.0, 0.0, 0.0, 0.0, 1.0], [1.0, -0.0, 0.0, -0.0, 0.0, -0.976845, -0.213939, 0.291204, 0.0, 0.213938, -0.97685, 0.0, 0.0, 0.0, 0.0, 1.0]]}, {"name": "Elbow_R", "time": [0.0, 0.1, 0.2667, 0.6167], "transform": [[-1.0, 0.0, 0.0, 0.0, -0.0, 0.0, -1.0, 0.33, -0.0, -1.0, -0.0, 0.0, 0.0, 0.0, 0.0, 1.0], [-1.0, 0.0, 0.0, 0.0, -0.0, 0.0, -1.0, 0.33, -0.0, -1.0, -0.0, 0.0, 0.0, 0.0, 0.0, 1.0], [-1.0, 0.0, 0.0, -0.0, -0.0, -0.0, -1.0, 0.33, -0.0, -1.0, -0.0, 0.0, 0.0, 0.0, 0.0, 1.0], [-1.0, 0.0, 0.0, -0.0, -0.0, 0.0, -1.0, 0.33, -0.0, -1.0, -0.0, 0.0, 0.0, 0.0, 0.0, 1.0]]}, {"name": "Shoulder_L", "time": [0.0, 0.1, 0.2667, 0.6167], "transform": [[0.014558, -0.942326, -0.33438, -0.0, 0.003894, -0.334359, 0.942437, 0.4, -0.999886, -0.015022, -0.001198, -0.0, 0.0, 0.0, 0.0, 1.0], [0.014558, -0.942326, -0.33438, -0.0, 0.003894, -0.334359, 0.942437, 0.4, -0.999886, -0.015022, -0.001198, -0.0, 0.0, 0.0, 0.0, 1.0], [0.027553, -0.906024, -0.422326, -0.0, 0.007373, -0.42229, 0.906431, 0.4, -0.999592, -0.028089, -0.004955, -0.0, 0.0, 0.0, 0.0, 1.0], [0.027553, -0.906024, -0.422326, 0.0, 0.007373, -0.42229, 0.906431, 0.4, -0.999592, -0.028089, -0.004955, 0.0, 0.0, 0.0, 0.0, 1.0]]}, {"name": "Arm_L", "time": [0.0, 0.1, 0.1833, 0.2167, 0.2667, 0.6167], "transform": [[-0.558834, -0.22512, -0.798138, 0.0, -0.074201, 0.972162, -0.222251, 0.388354, 0.825953, -0.064979, -0.559981, 0.0, 0.0, 0.0, 0.0, 1.0], [-0.559387, -0.169832, -0.811322, -0.0, -0.078607, 0.985244, -0.152041, 0.388354, 0.825171, -0.021274, -0.564482, -0.0, 0.0, 0.0, 0.0, 1.0], [-0.531151, 0.005546, -0.847258, -0.0, -0.656477, 0.629488, 0.41567, 0.388354, 0.535644, 0.77699, -0.330712, 0.0, 0.0, 0.0, 0.0, 1.0], [-0.468049, 0.567561, -0.677351, 0.0, -0.830111, -0.019513, 0.557255, 0.388354, 0.303059, 0.8231, 0.480272, -0.0, 0.0, 0.0, 0.0, 1.0], [-0.334954, 0.935438, 0.112969, -0.0, -0.906924, -0.352591, 0.23058, 0.388354, 0.255524, -0.025221, 0.966473, 0.0, 0.0, 0.0, 0.0, 1.0], [-0.001303, 0.770085, 0.63794, -0.0, -0.852217, -0.334616, 0.402188, 0.388354, 0.523183, -0.543141, 0.656716, -0.0, 0.0, 0.0, 0.0, 1.0]]}, {"name": "Hand_L", "time": [0.0, 0.1, 0.1833, 0.2167, 0.2667, 0.6167], "transform": [[0.925878, 0.353375, -0.133704, -0.0, -0.375902, 0.825913, -0.420198, 0.33, -0.038059, 0.439311, 0.897529, 0.0, 0.0, 0.0, 0.0, 1.0], [0.953153, 0.243995, -0.17879, 0.0, -0.302488, 0.769568, -0.562375, 0.33, 0.000374, 0.590112, 0.807322, -0.0, 0.0, 0.0, 0.0, 1.0], [0.985052, 0.177764, -0.004286, 0.0, -0.161839, 0.884507, -0.437683, 0.33, -0.074082, 0.431397, 0.899162, -0.0, 0.0, 0.0, 0.0, 1.0], [0.999981, 0.023524, -0.04783, 0.0, -0.035355, 0.964206, -0.262945, 0.33, 0.039985, 0.264256, 0.96368, 0.0, 0.0, 0.0, 0.0, 1.0], [1.001272, 0.01892, -0.033306, 0.0, -0.019526, 0.999725, -0.016808, 0.33, 0.03304, 0.017444, 0.999381, -0.0, 0.0, 0.0, 0.0, 1.0], [1.001267, 0.006623, -0.037803, 0.0, -0.019205, 0.939529, -0.342118, 0.33, 0.033313, 0.342587, 0.938974, -0.0, 0.0, 0.0, 0.0, 1.0]]}, {"name": "Tool_L", "time": [0.0, 0.1, 0.2667, 0.6167], "transform": [[-0.999475, 0.009594, -0.030946, 0.0, 0.009477, 0.999947, 0.003904, 0.291204, 0.030982, 0.003609, -0.999513, 0.0, 0.0, 0.0, 0.0, 1.0], [-0.999475, 0.009594, -0.030946, -0.0, 0.009477, 0.999947, 0.003904, 0.291204, 0.030982, 0.003609, -0.999514, 0.0, 0.0, 0.0, 0.0, 1.0], [-0.999475, -0.008045, -0.031384, -0.0, 0.009511, 0.853148, -0.521582, 0.291204, 0.030971, -0.521606, -0.852624, 0.0, 0.0, 0.0, 0.0, 1.0], [-0.999475, 0.001672, -0.032356, 0.0, 0.009493, 0.969952, -0.243112, 0.291204, 0.030978, -0.243291, -0.969459, -0.0, 0.0, 0.0, 0.0, 1.0]]}, {"name": "Elbow_L", "time": [0.0, 0.1, 0.2667, 0.6167], "transform": [[-0.98106, 0.175609, 0.081743, 0.0, -0.041118, 0.223586, -0.973817, 0.33, -0.189288, -0.958734, -0.21213, 0.0, 0.0, 0.0, 0.0, 1.0], [-0.987922, 0.13806, 0.070349, 0.0, -0.024306, 0.310308, -0.950325, 0.33, -0.153031, -0.940557, -0.303204, 0.0, 0.0, 0.0, 0.0, 1.0], [-0.999817, 0.009964, -0.016359, 0.0, 0.016447, 0.008804, -0.999826, 0.33, -0.009818, -0.999912, -0.008967, -0.0, 0.0, 0.0, 0.0, 1.0], [-0.999814, 0.013625, -0.01362, 0.0, 0.015785, 0.174066, -0.984607, 0.33, -0.011045, -0.98464, -0.174249, 0.0, 0.0, 0.0, 0.0, 1.0]]}]}