{
    "animation": [
        {
            "name": "Root",
            "time": [0.0, 0.0167, 0.0333, 0.05, 0.0667, 0.0833, 0.1, 0.1167, 0.1333, 0.15, 0.1667, 0.1833, 0.2, 0.2167, 0.2333, 0.25, 0.2667, 0.2833, 0.3, 0.3167, 0.3333, 0.35, 0.3667, 0.3833, 0.4, 0.4167, 0.4333, 0.45, 0.4667, 0.4833, 0.5, 0.5167, 0.5333, 0.55, 0.5667, 0.5833, 0.6, 0.6167, 0.6333, 0.65, 0.6667, 0.6833, 0.7, 0.7167, 0.7333, 0.75, 0.7667, 0.7833, 0.8, 0.8167, 0.8333, 0.85, 0.8667, 0.8833, 0.9, 0.9167, 0.9333, 0.95, 0.9667, 0.9833, 1.0, 1.0167, 1.0333, 1.05, 1.0667, 1.0833, 1.1, 1.1167, 1.1333, 1.15, 1.1667, 1.1833, 1.2, 1.2167, 1.2333, 1.25, 1.2667, 1.2833, 1.3, 1.3167, 1.3333, 1.35, 1.3667, 1.3833, 1.4, 1.4167, 1.4333, 1.45, 1.4667, 1.4833, 1.5, 1.5167, 1.5333, 1.55, 1.5667, 1.5833, 1.6, 1.6167, 1.6333, 1.65, 1.6667, 1.6833, 1.7, 1.7167, 1.7333, 1.75, 1.7667, 1.7833, 1.8, 1.8167, 1.8333, 1.85, 1.8667, 1.8833, 1.9, 1.9167, 1.9333, 1.95, 1.9667, 1.9833, 2.0, 2.0167, 2.0333, 2.05, 2.0667, 2.0833, 2.1, 2.1167, 2.1333, 2.15, 2.1667, 2.1833, 2.2, 2.2167],
            "transform": [
                [0.596835, 0.298313, -0.744847, -5e-06, -0.801227, 0.172189, -0.57305, 0.011508, -0.042694, 0.938808, 0.341785, 0.662639, 0.0, 0.0, 0.0, 1.0],
                [0.596835, 0.298313, -0.744847, -5e-06, -0.801227, 0.172189, -0.57305, 0.011508, -0.042694, 0.938808, 0.341785, 0.662639, 0.0, 0.0, 0.0, 1.0],
                [0.52414, 0.326133, -0.786711, 0.012619, -0.85032, 0.149152, -0.504688, 0.025435, -0.047256, 0.933483, 0.355494, 0.659733, 0.0, 0.0, 0.0, 1.0],
                [0.442063, 0.351609, -0.825198, 0.033658, -0.895616, 0.122215, -0.427711, 0.048647, -0.049535, 0.928135, 0.368934, 0.656827, 0.0, 0.0, 0.0, 1.0],
                [0.356102, 0.374397, -0.856165, 0.05049, -0.933084, 0.093, -0.347426, 0.067217, -0.050452, 0.922593, 0.382462, 0.653922, 0.0, 0.0, 0.0, 1.0],
                [0.272742, 0.394759, -0.87737, 0.067321, -0.960735, 0.063412, -0.270126, 0.085787, -0.050999, 0.916594, 0.396554, 0.651016, 0.0, 0.0, 0.0, 1.0],
                [0.198933, 0.413589, -0.888465, 0.086857, -0.97862, 0.035511, -0.202589, 0.10611, -0.052238, 0.909771, 0.41181, 0.64811, 0.0, 0.0, 0.0, 1.0],
                [0.141587, 0.432285, -0.890552, 0.100984, -0.988378, 0.011442, -0.151586, 0.122926, -0.055338, 0.901665, 0.428881, 0.645204, 0.0, 0.0, 0.0, 1.0],
                [0.088685, 0.451864, -0.887668, 0.103951, -0.993984, -0.017361, -0.108145, 0.129798, -0.064278, 0.891918, 0.447606, 0.644227, 0.0, 0.0, 0.0, 1.0],
                [0.027149, 0.470915, -0.881761, 0.104993, -0.996439, -0.057693, -0.061492, 0.131999, -0.079829, 0.88029, 0.467671, 0.64493, 0.0, 0.0, 0.0, 1.0],
                [-0.037705, 0.487977, -0.872042, 0.107299, -0.994412, -0.104436, -0.015445, 0.132868, -0.098609, 0.866586, 0.489188, 0.646592, 0.0, 0.0, 0.0, 1.0],
                [-0.10034, 0.502612, -0.858669, 0.109646, -0.987991, -0.152249, 0.026335, 0.133474, -0.117495, 0.851, 0.511853, 0.648495, 0.0, 0.0, 0.0, 1.0],
                [-0.155219, 0.515533, -0.842694, 0.111912, -0.978784, -0.195746, 0.060535, 0.134923, -0.133746, 0.834212, 0.534979, 0.649917, 0.0, 0.0, 0.0, 1.0],
                [-0.196957, 0.52845, -0.825801, 0.113977, -0.969619, -0.229631, 0.084312, 0.138747, -0.145075, 0.817319, 0.557623, 0.65014, 0.0, 0.0, 0.0, 1.0],
                [-0.220334, 0.543602, -0.809907, 0.11572, -0.963881, -0.248702, 0.095296, 0.146371, -0.149622, 0.801651, 0.578765, 0.648443, 0.0, 0.0, 0.0, 1.0],
                [-0.220054, 0.562988, -0.796631, 0.117022, -0.964528, -0.247645, 0.091419, 0.15922, -0.145814, 0.78849, 0.597514, 0.644107, 0.0, 0.0, 0.0, 1.0],
                [-0.190387, 0.587291, -0.786665, 0.117659, -0.97278, -0.220691, 0.070671, 0.178617, -0.132105, 0.778707, 0.613322, 0.636411, 0.0, 0.0, 0.0, 1.0],
                [-0.124923, 0.614368, -0.779068, 0.117817, -0.986404, -0.16141, 0.030883, 0.206289, -0.106776, 0.772334, 0.626179, 0.624636, 0.0, 0.0, 0.0, 1.0],
                [0.0085, 0.635762, -0.771839, 0.116795, -0.998832, -0.031326, -0.036803, 0.243853, -0.047577, 0.77125, 0.634753, 0.603134, 0.0, 0.0, 0.0, 1.0],
                [0.223319, 0.620949, -0.751366, 0.114348, -0.973423, 0.182205, -0.138739, 0.292963, 0.050752, 0.76238, 0.645136, 0.570028, 0.0, 0.0, 0.0, 1.0],
                [0.482755, 0.533495, -0.6945, 0.110829, -0.861161, 0.433362, -0.265707, 0.355363, 0.159216, 0.726348, 0.668632, 0.530256, 0.0, 0.0, 0.0, 1.0],
                [0.73023, 0.358135, -0.581811, 0.106414, -0.638522, 0.66066, -0.394737, 0.43241, 0.24301, 0.659748, 0.711111, 0.488758, 0.0, 0.0, 0.0, 1.0],
                [0.905917, 0.115029, -0.407533, 0.1017, -0.324714, 0.806431, -0.494196, 0.519276, 0.2718, 0.580032, 0.767911, 0.450472, 0.0, 0.0, 0.0, 1.0],
                [0.972216, -0.144587, -0.184093, 0.095774, 0.023672, 0.843131, -0.537187, 0.636267, 0.232885, 0.517904, 0.823128, 0.420335, 0.0, 0.0, 0.0, 1.0],
                [0.90584, -0.402167, 0.133098, 0.087375, 0.409915, 0.752873, -0.514929, 0.814904, 0.106882, 0.521002, 0.846837, 0.400361, 0.0, 0.0, 0.0, 1.0],
                [0.629139, -0.590435, 0.50554, 0.078137, 0.774856, 0.52785, -0.347811, 1.016719, -0.061489, 0.610542, 0.789593, 0.388166, 0.0, 0.0, 0.0, 1.0],
                [0.195625, -0.629715, 0.751791, 0.068725, 0.964865, 0.260702, -0.0327, 1.221344, -0.175401, 0.731774, 0.65859, 0.382092, 0.0, 0.0, 0.0, 1.0],
                [-0.210737, -0.578303, 0.788134, 0.06078, 0.9533, 0.056862, 0.296624, 1.405998, -0.216353, 0.813838, 0.539313, 0.380483, 0.0, 0.0, 0.0, 1.0],
                [-0.495742, -0.539019, 0.680955, 0.05684, 0.831381, -0.067851, 0.551545, 1.529742, -0.25109, 0.839556, 0.481767, 0.379388, 0.0, 0.0, 0.0, 1.0],
                [-0.68456, -0.523042, 0.507745, 0.054885, 0.660908, -0.151475, 0.735021, 1.626685, -0.307536, 0.838738, 0.449377, 0.376986, 0.0, 0.0, 0.0, 1.0],
                [-0.795819, -0.513599, 0.320761, 0.054105, 0.482056, -0.216774, 0.8489, 1.717223, -0.366462, 0.830196, 0.420096, 0.374813, 0.0, 0.0, 0.0, 1.0],
                [-0.861261, -0.483034, 0.157822, 0.053398, 0.318023, -0.270112, 0.908791, 1.801554, -0.396348, 0.832897, 0.386252, 0.374406, 0.0, 0.0, 0.0, 1.0],
                [-0.900736, -0.431856, 0.046628, 0.051733, 0.196858, -0.310172, 0.930076, 1.884932, -0.387196, 0.846932, 0.364397, 0.377304, 0.0, 0.0, 0.0, 1.0],
                [-0.92356, -0.383015, -0.018339, 0.048081, 0.122064, -0.338996, 0.932836, 1.972605, -0.363507, 0.859291, 0.359835, 0.385043, 0.0, 0.0, 0.0, 1.0],
                [-0.938934, -0.338247, -0.06319, 0.044489, 0.065255, -0.355338, 0.932457, 2.060676, -0.337854, 0.871392, 0.355711, 0.39916, 0.0, 0.0, 0.0, 1.0],
                [-0.94742, -0.298011, -0.116558, 0.030694, -0.003429, -0.354776, 0.934945, 2.181835, -0.319976, 0.886185, 0.3351, 0.421193, 0.0, 0.0, 0.0, 1.0],
                [-0.945055, -0.29451, -0.141901, -0.026205, -0.04682, -0.307655, 0.950346, 2.396734, -0.323543, 0.904772, 0.276962, 0.513422, 0.0, 0.0, 0.0, 1.0],
                [-0.928934, -0.279594, -0.242712, -0.070064, -0.180674, -0.229877, 0.956302, 2.617596, -0.32317, 0.932193, 0.163026, 0.645511, 0.0, 0.0, 0.0, 1.0],
                [-0.853668, -0.226468, -0.469003, -0.057323, -0.448279, -0.13893, 0.883032, 2.759345, -0.265137, 0.96406, 0.017079, 0.82631, 0.0, 0.0, 0.0, 1.0],
                [-0.700864, -0.18894, -0.687817, -0.031845, -0.697049, -0.02321, 0.716648, 2.874537, -0.151368, 0.981714, -0.115434, 1.026747, 0.0, 0.0, 0.0, 1.0],
                [-0.474178, -0.181346, -0.86155, -0.000999, -0.880402, 0.10535, 0.462378, 2.988404, 0.006914, 0.97776, -0.209612, 1.161779, 0.0, 0.0, 0.0, 1.0],
                [-0.198625, -0.211071, -0.957078, 0.031833, -0.962172, 0.227799, 0.149443, 3.097834, 0.186479, 0.950556, -0.248333, 1.278217, 0.0, 0.0, 0.0, 1.0],
                [0.086208, -0.275697, -0.957371, 0.06131, -0.929303, 0.324129, -0.177021, 3.208198, 0.359115, 0.904948, -0.228264, 1.376905, 0.0, 0.0, 0.0, 1.0],
                [0.339163, -0.36379, -0.86754, 0.085934, -0.796264, 0.380049, -0.470666, 3.319297, 0.500931, 0.850423, -0.160774, 1.451982, 0.0, 0.0, 0.0, 1.0],
                [0.530704, -0.459103, -0.712445, 0.101285, -0.599098, 0.391399, -0.69849, 3.43368, 0.59953, 0.797515, -0.067331, 1.503822, 0.0, 0.0, 0.0, 1.0],
                [0.650496, -0.54616, -0.527792, 0.110787, -0.382735, 0.364509, -0.84891, 3.548485, 0.656025, 0.754217, 0.028077, 1.528915, 0.0, 0.0, 0.0, 1.0],
                [0.708239, -0.614962, -0.346726, 0.116455, -0.191326, 0.305556, -0.932754, 3.661303, 0.679552, 0.726951, 0.098749, 1.52766, 0.0, 0.0, 0.0, 1.0],
                [0.72695, -0.66203, -0.182373, 0.118101, -0.041111, 0.223148, -0.973917, 3.773332, 0.685459, 0.715486, 0.135, 1.502903, 0.0, 0.0, 0.0, 1.0],
                [0.724439, -0.688436, -0.03526, 0.117967, 0.074798, 0.129352, -0.988773, 3.885027, 0.685268, 0.713669, 0.145202, 1.453038, 0.0, 0.0, 0.0, 1.0],
                [0.71011, -0.697148, 0.098629, 0.117026, 0.168831, 0.032602, -0.985106, 3.996225, 0.683549, 0.716185, 0.140851, 1.387589, 0.0, 0.0, 0.0, 1.0],
                [0.686531, -0.691507, 0.224707, 0.114224, 0.254991, -0.060441, -0.965053, 4.107181, 0.680923, 0.719836, 0.134833, 1.310558, 0.0, 0.0, 0.0, 1.0],
                [0.650681, -0.674751, 0.348317, 0.109937, 0.346899, -0.143903, -0.926797, 4.217092, 0.675482, 0.72388, 0.140436, 1.22236, 0.0, 0.0, 0.0, 1.0],
                [0.681695, -0.648373, 0.338975, 0.104872, 0.344593, -0.124173, -0.930504, 4.324551, 0.645405, 0.751128, 0.138776, 1.124994, 0.0, 0.0, 0.0, 1.0],
                [0.622123, -0.612384, 0.4878, 0.098702, 0.457685, -0.221035, -0.861202, 4.431614, 0.635207, 0.759032, 0.142768, 1.017728, 0.0, 0.0, 0.0, 1.0],
                [-0.049862, -0.23886, 0.969773, 0.091267, 0.742489, -0.658288, -0.123964, 4.540095, 0.668, 0.713865, 0.210174, 0.890595, 0.0, 0.0, 0.0, 1.0],
                [-0.682257, 0.284667, 0.673417, 0.082781, 0.362518, -0.668162, 0.649723, 4.649329, 0.634907, 0.687403, 0.352661, 0.762235, 0.0, 0.0, 0.0, 1.0],
                [-0.832608, 0.431349, 0.347422, 0.073171, 0.020441, -0.602913, 0.797545, 4.760443, 0.553485, 0.671144, 0.493173, 0.653513, 0.0, 0.0, 0.0, 1.0],
                [-0.857533, 0.513442, 0.031859, 0.063149, -0.296109, -0.543297, 0.785588, 4.869866, 0.420663, 0.664233, 0.61793, 0.565015, 0.0, 0.0, 0.0, 1.0],
                [-0.796369, 0.559342, -0.230071, 0.053234, -0.546823, -0.50335, 0.669047, 4.975201, 0.25842, 0.658616, 0.706714, 0.491382, 0.0, 0.0, 0.0, 1.0],
                [-0.68505, 0.591147, -0.425738, 0.043943, -0.722409, -0.47585, 0.501689, 5.074048, 0.093984, 0.651239, 0.753031, 0.421888, 0.0, 0.0, 0.0, 1.0],
                [-0.549192, 0.620538, -0.55975, 0.035847, -0.834463, -0.443565, 0.326989, 5.164551, -0.045376, 0.64667, 0.761419, 0.359501, 0.0, 0.0, 0.0, 1.0],
                [-0.402642, 0.649152, -0.645354, 0.029299, -0.905252, -0.386866, 0.175652, 5.242696, -0.135641, 0.654932, 0.743415, 0.307193, 0.0, 0.0, 0.0, 1.0],
                [-0.265321, 0.678339, -0.685172, 0.024982, -0.950631, -0.302678, 0.068455, 5.302559, -0.160951, 0.669509, 0.725157, 0.267572, 0.0, 0.0, 0.0, 1.0],
                [-0.155877, 0.709039, -0.687725, 0.022477, -0.978367, -0.206696, 0.008651, 5.348031, -0.136016, 0.674196, 0.72592, 0.23959, 0.0, 0.0, 0.0, 1.0],
                [-0.072526, 0.73704, -0.671946, 0.02146, -0.993909, -0.10946, -0.012787, 5.378785, -0.082976, 0.666926, 0.740489, 0.220724, 0.0, 0.0, 0.0, 1.0],
                [-0.011223, 0.759316, -0.650625, 0.021314, -0.999704, -0.022577, -0.009103, 5.401556, -0.021602, 0.65033, 0.759344, 0.208454, 0.0, 0.0, 0.0, 1.0],
                [0.031313, 0.773415, -0.633126, 0.021495, -0.99907, 0.043001, 0.003118, 5.422835, 0.029636, 0.63244, 0.774042, 0.200257, 0.0, 0.0, 0.0, 1.0],
                [0.05735, 0.776783, -0.627151, 0.021818, -0.996943, 0.07794, 0.00537, 5.443028, 0.053052, 0.624926, 0.778879, 0.193612, 0.0, 0.0, 0.0, 1.0],
                [0.073545, 0.773561, -0.62944, 0.022061, -0.995715, 0.092431, -0.002746, 5.465683, 0.056056, 0.626945, 0.777044, 0.188486, 0.0, 0.0, 0.0, 1.0],
                [0.085358, 0.770174, -0.632096, 0.022451, -0.994676, 0.102639, -0.009261, 5.487871, 0.057745, 0.629521, 0.774835, 0.186276, 0.0, 0.0, 0.0, 1.0],
                [0.093254, 0.76673, -0.635161, 0.023179, -0.993939, 0.108993, -0.01436, 5.507579, 0.058218, 0.63265, 0.772247, 0.186608, 0.0, 0.0, 0.0, 1.0],
                [0.097689, 0.76327, -0.638652, 0.024128, -0.993551, 0.111916, -0.018221, 5.525629, 0.057568, 0.636313, 0.76928, 0.189106, 0.0, 0.0, 0.0, 1.0],
                [0.099119, 0.75979, -0.642568, 0.025257, -0.993505, 0.111828, -0.021024, 5.542136, 0.055883, 0.640479, 0.76594, 0.193395, 0.0, 0.0, 0.0, 1.0],
                [0.097995, 0.756257, -0.646895, 0.026528, -0.993761, 0.109142, -0.022947, 5.557216, 0.053249, 0.645108, 0.762234, 0.199101, 0.0, 0.0, 0.0, 1.0],
                [0.09477, 0.752612, -0.651609, 0.027921, -0.994255, 0.104272, -0.02417, 5.570985, 0.049754, 0.650156, 0.75817, 0.205849, 0.0, 0.0, 0.0, 1.0],
                [0.089895, 0.748793, -0.65668, 0.02933, -0.994912, 0.097629, -0.024873, 5.583552, 0.045486, 0.655575, 0.753759, 0.213264, 0.0, 0.0, 0.0, 1.0],
                [0.083819, 0.744735, -0.662076, 0.030631, -0.995656, 0.089622, -0.025238, 5.595025, 0.040541, 0.661316, 0.749011, 0.221144, 0.0, 0.0, 0.0, 1.0],
                [0.07699, 0.740377, -0.667768, 0.031852, -0.996417, 0.080657, -0.025454, 5.605519, 0.035015, 0.667335, 0.743934, 0.229549, 0.0, 0.0, 0.0, 1.0],
                [0.06986, 0.735673, -0.673725, 0.032943, -0.997135, 0.071141, -0.025713, 5.615148, 0.029013, 0.673591, 0.738535, 0.238495, 0.0, 0.0, 0.0, 1.0],
                [0.06288, 0.730586, -0.67992, 0.034017, -0.997764, 0.06148, -0.026214, 5.624036, 0.02265, 0.680048, 0.732818, 0.247998, 0.0, 0.0, 0.0, 1.0],
                [0.056501, 0.725094, -0.686328, 0.035147, -0.998274, 0.052076, -0.027165, 5.632308, 0.016044, 0.686678, 0.726785, 0.258076, 0.0, 0.0, 0.0, 1.0],
                [0.051171, 0.719193, -0.692923, 0.036408, -0.998646, 0.043328, -0.028777, 5.640084, 0.009326, 0.693458, 0.720437, 0.268744, 0.0, 0.0, 0.0, 1.0],
                [0.04733, 0.712882, -0.699685, 0.037871, -0.998876, 0.035627, -0.03127, 5.647488, 0.002636, 0.700378, 0.713767, 0.280019, 0.0, 0.0, 0.0, 1.0],
                [0.045431, 0.706172, -0.706582, 0.039609, -0.99896, 0.029369, -0.034879, 5.654642, -0.003879, 0.707431, 0.706771, 0.291918, 0.0, 0.0, 0.0, 1.0],
                [0.045911, 0.699071, -0.713576, 0.041696, -0.998895, 0.024935, -0.03984, 5.661667, -0.010058, 0.714617, 0.699443, 0.304456, 0.0, 0.0, 0.0, 1.0],
                [0.049195, 0.691586, -0.720617, 0.044205, -0.998665, 0.022697, -0.046394, 5.668687, -0.015729, 0.721938, 0.691779, 0.317652, 0.0, 0.0, 0.0, 1.0],
                [0.055729, 0.683698, -0.727634, 0.047229, -0.998231, 0.023036, -0.054809, 5.675876, -0.020711, 0.729401, 0.683773, 0.33152, 0.0, 0.0, 0.0, 1.0],
                [0.065933, 0.675364, -0.734531, 0.05078, -0.997516, 0.026312, -0.065346, 5.683202, -0.024805, 0.737015, 0.675422, 0.346078, 0.0, 0.0, 0.0, 1.0],
                [0.080283, 0.666018, -0.741603, 0.054941, -0.996374, 0.032592, -0.078593, 5.690731, -0.028174, 0.745223, 0.666219, 0.361744, 0.0, 0.0, 0.0, 1.0],
                [0.098643, 0.65515, -0.749031, 0.0596, -0.994638, 0.041417, -0.094762, 5.698339, -0.03106, 0.754363, 0.655723, 0.378773, 0.0, 0.0, 0.0, 1.0],
                [0.120485, 0.6428, -0.7565, 0.064698, -0.992153, 0.052333, -0.113549, 5.705923, -0.0334, 0.764244, 0.644061, 0.396933, 0.0, 0.0, 0.0, 1.0],
                [0.145243, 0.62901, -0.763708, 0.070159, -0.988772, 0.064872, -0.134616, 5.713486, -0.035132, 0.774685, 0.63137, 0.415993, 0.0, 0.0, 0.0, 1.0],
                [0.17238, 0.613846, -0.770375, 0.075911, -0.984365, 0.078598, -0.157635, 5.721006, -0.036213, 0.785503, 0.617797, 0.435722, 0.0, 0.0, 0.0, 1.0],
                [0.201332, 0.597405, -0.776255, 0.081883, -0.978838, 0.093077, -0.182243, 5.728463, -0.036621, 0.79652, 0.603502, 0.455888, 0.0, 0.0, 0.0, 1.0],
                [0.231523, 0.579828, -0.78115, 0.088004, -0.972149, 0.107883, -0.208054, 5.735833, -0.036363, 0.807564, 0.588657, 0.476259, 0.0, 0.0, 0.0, 1.0],
                [0.262399, 0.561297, -0.784916, 0.094202, -0.964307, 0.122623, -0.234681, 5.743093, -0.035478, 0.81848, 0.573439, 0.496605, 0.0, 0.0, 0.0, 1.0],
                [0.293413, 0.542039, -0.787466, 0.100405, -0.95538, 0.136935, -0.261722, 5.750224, -0.034031, 0.829121, 0.558032, 0.516694, 0.0, 0.0, 0.0, 1.0],
                [0.324029, 0.522331, -0.788781, 0.106542, -0.945502, 0.150485, -0.288758, 5.7572, -0.032127, 0.839359, 0.542627, 0.536295, 0.0, 0.0, 0.0, 1.0],
                [0.353744, 0.502487, -0.788906, 0.11254, -0.934864, 0.162981, -0.315382, 5.764001, -0.029899, 0.849084, 0.527411, 0.555176, 0.0, 0.0, 0.0, 1.0],
                [0.382076, 0.482859, -0.78795, 0.11833, -0.923721, 0.174165, -0.341183, 5.770604, -0.02751, 0.858204, 0.512572, 0.573106, 0.0, 0.0, 0.0, 1.0],
                [0.408579, 0.463831, -0.786081, 0.123838, -0.912376, 0.18382, -0.36576, 5.776988, -0.025153, 0.866644, 0.498293, 0.589854, 0.0, 0.0, 0.0, 1.0],
                [0.432844, 0.445805, -0.783521, 0.128993, -0.901175, 0.191767, -0.388729, 5.783131, -0.023044, 0.874348, 0.484753, 0.605188, 0.0, 0.0, 0.0, 1.0],
                [0.454487, 0.4292, -0.780531, 0.133705, -0.890496, 0.197858, -0.409718, 5.789021, -0.021416, 0.881272, 0.472125, 0.618877, 0.0, 0.0, 0.0, 1.0],
                [0.473153, 0.414437, -0.777411, 0.13796, -0.880741, 0.201971, -0.428372, 5.7946, -0.020518, 0.887384, 0.460575, 0.63069, 0.0, 0.0, 0.0, 1.0],
                [0.489062, 0.401808, -0.774189, 0.141694, -0.871999, 0.203994, -0.444976, 5.799807, -0.020865, 0.892713, 0.450142, 0.640015, 0.0, 0.0, 0.0, 1.0],
                [0.502847, 0.391202, -0.770783, 0.144982, -0.864078, 0.204131, -0.460108, 5.804641, -0.022654, 0.89738, 0.440676, 0.646651, 0.0, 0.0, 0.0, 1.0],
                [0.514768, 0.382413, -0.767316, 0.147869, -0.856946, 0.20273, -0.473861, 5.809068, -0.025653, 0.901477, 0.432067, 0.650974, 0.0, 0.0, 0.0, 1.0],
                [0.525066, 0.375211, -0.763886, 0.150389, -0.850546, 0.200118, -0.486337, 5.81313, -0.029612, 0.905079, 0.42421, 0.653366, 0.0, 0.0, 0.0, 1.0],
                [0.53397, 0.369348, -0.760565, 0.152579, -0.844809, 0.196606, -0.497639, 5.816855, -0.034271, 0.908256, 0.41701, 0.654203, 0.0, 0.0, 0.0, 1.0],
                [0.541693, 0.364564, -0.757404, 0.154475, -0.839654, 0.192488, -0.507868, 5.820267, -0.039359, 0.911066, 0.410377, 0.653866, 0.0, 0.0, 0.0, 1.0],
                [0.548445, 0.36059, -0.754442, 0.156116, -0.834996, 0.188048, -0.517126, 5.82339, -0.044599, 0.913572, 0.404225, 0.652734, 0.0, 0.0, 0.0, 1.0],
                [0.554429, 0.357147, -0.751701, 0.157537, -0.830745, 0.18356, -0.525517, 5.82625, -0.049705, 0.915834, 0.39847, 0.651184, 0.0, 0.0, 0.0, 1.0],
                [0.559845, 0.353958, -0.749191, 0.158776, -0.82681, 0.179293, -0.53314, 5.828872, -0.054384, 0.917915, 0.393033, 0.649597, 0.0, 0.0, 0.0, 1.0],
                [0.564893, 0.35074, -0.746912, 0.159869, -0.823099, 0.175509, -0.540097, 5.83128, -0.058344, 0.91988, 0.387837, 0.64835, 0.0, 0.0, 0.0, 1.0],
                [0.569764, 0.347207, -0.74486, 0.160894, -0.819521, 0.172462, -0.546483, 5.833537, -0.061283, 0.921794, 0.382806, 0.647824, 0.0, 0.0, 0.0, 1.0],
                [0.57465, 0.343074, -0.743019, 0.161765, -0.815979, 0.170404, -0.552396, 5.835554, -0.062899, 0.923722, 0.377864, 0.648396, 0.0, 0.0, 0.0, 1.0],
                [0.579098, 0.338723, -0.74156, 0.162503, -0.812791, 0.169168, -0.557453, 5.83727, -0.063374, 0.925553, 0.373276, 0.649619, 0.0, 0.0, 0.0, 1.0],
                [0.582617, 0.334707, -0.740627, 0.162872, -0.810288, 0.168384, -0.56132, 5.838668, -0.063168, 0.927156, 0.369312, 0.650792, 0.0, 0.0, 0.0, 1.0],
                [0.585335, 0.330984, -0.740158, 0.162879, -0.808388, 0.167993, -0.564169, 5.839671, -0.062389, 0.928562, 0.365895, 0.651918, 0.0, 0.0, 0.0, 1.0],
                [0.587379, 0.327515, -0.740081, 0.16288, -0.806999, 0.167937, -0.566171, 5.840382, -0.061142, 0.929801, 0.362947, 0.653003, 0.0, 0.0, 0.0, 1.0],
                [0.588875, 0.324263, -0.740324, 0.162633, -0.806029, 0.168153, -0.567488, 5.840853, -0.059528, 0.930902, 0.360386, 0.654051, 0.0, 0.0, 0.0, 1.0],
                [0.589948, 0.321191, -0.740809, 0.162159, -0.805381, 0.168575, -0.568282, 5.841142, -0.057645, 0.93189, 0.358131, 0.655064, 0.0, 0.0, 0.0, 1.0],
                [0.590724, 0.31826, -0.741455, 0.161639, -0.804956, 0.169136, -0.568716, 5.841303, -0.055593, 0.932793, 0.356098, 0.656047, 0.0, 0.0, 0.0, 1.0],
                [0.591325, 0.315437, -0.742183, 0.161075, -0.804659, 0.16977, -0.568948, 5.841393, -0.053467, 0.933637, 0.354208, 0.657005, 0.0, 0.0, 0.0, 1.0],
                [0.591875, 0.312681, -0.74291, 0.160512, -0.804392, 0.170405, -0.569137, 5.841467, -0.051363, 0.934448, 0.352376, 0.657941, 0.0, 0.0, 0.0, 1.0],
                [0.592502, 0.309956, -0.743551, 0.159997, -0.804054, 0.170971, -0.569443, 5.841584, -0.049376, 0.935252, 0.350522, 0.658859, 0.0, 0.0, 0.0, 1.0],
                [0.593329, 0.307223, -0.744026, 0.159599, -0.803551, 0.171398, -0.570025, 5.841851, -0.0476, 0.936075, 0.348565, 0.659762, 0.0, 0.0, 0.0, 1.0],
                [0.594484, 0.304445, -0.744246, 0.15929, -0.802784, 0.171612, -0.571041, 5.842157, -0.046129, 0.936943, 0.346424, 0.660656, 0.0, 0.0, 0.0, 1.0],
                [0.595505, 0.302193, -0.744348, 0.159086, -0.802089, 0.171722, -0.571984, 5.842429, -0.045028, 0.937652, 0.344646, 0.661374, 0.0, 0.0, 0.0, 1.0],
                [0.596046, 0.300739, -0.744503, 0.158927, -0.801733, 0.17187, -0.572437, 5.842657, -0.044197, 0.938092, 0.343555, 0.661845, 0.0, 0.0, 0.0, 1.0],
                [0.596393, 0.299608, -0.744681, 0.158713, -0.801514, 0.172034, -0.572695, 5.842813, -0.043473, 0.938424, 0.34274, 0.662217, 0.0, 0.0, 0.0, 1.0],
                [0.596836, 0.298314, -0.744846, 0.158586, -0.801227, 0.172189, -0.57305, 5.842878, -0.042694, 0.938807, 0.341786, 0.662639, 0.0, 0.0, 0.0, 1.0],
                [0.596836, 0.298313, -0.744846, 0.158586, -0.801227, 0.172189, -0.573051, 5.842878, -0.042694, 0.938808, 0.341786, 0.662639, 0.0, 0.0, 0.0, 1.0],
                [0.596836, 0.298313, -0.744846, 0.158586, -0.801226, 0.172189, -0.57305, 5.842878, -0.042694, 0.938808, 0.341785, 0.662639, 0.0, 0.0, 0.0, 1.0]
            ]
        },
        {
            "name": "Thigh_R",
            "time": [0.0, 0.0167, 0.0333, 0.05, 0.0667, 0.0833, 0.1, 0.1167, 0.1333, 0.15, 0.1667, 0.1833, 0.2, 0.2167, 0.2333, 0.25, 0.2667, 0.2833, 0.3, 0.3167, 0.3333, 0.35, 0.3667, 0.3833, 0.4, 0.4167, 0.4333, 0.45, 0.4667, 0.4833, 0.5, 0.5167, 0.5333, 0.55, 0.5667, 0.5833, 0.6, 0.6167, 0.6333, 0.65, 0.6667, 0.6833, 0.7, 0.7167, 0.7333, 0.75, 0.7667, 0.7833, 0.8, 0.8167, 0.8333, 0.85, 0.8667, 0.8833, 0.9, 0.9167, 0.9333, 0.95, 0.9667, 0.9833, 1.0, 1.0167, 1.0333, 1.05, 1.0667, 1.0833, 1.1, 1.1167, 1.1333, 1.15, 1.1667, 1.1833, 1.2, 1.2167, 1.2333, 1.25, 1.2667, 1.2833, 1.3, 1.3167, 1.3333, 1.35, 1.3667, 1.3833, 1.4, 1.4167, 1.4333, 1.45, 1.4667, 1.4833, 1.5, 1.5167, 1.5333, 1.55, 1.5667, 1.5833, 1.6, 1.6167, 1.6333, 1.65, 1.6667, 1.6833, 1.7, 1.7167, 1.7333, 1.75, 1.7667, 1.7833, 1.8, 1.8167, 1.8333, 1.85, 1.8667, 1.8833, 1.9, 1.9167, 1.9333, 1.95, 1.9667, 1.9833, 2.0, 2.0167, 2.0333, 2.05, 2.0667, 2.0833, 2.1, 2.1167, 2.1333, 2.15, 2.1667, 2.1833, 2.2, 2.2167],
            "transform": [
                [0.904618, 0.352069, -0.240235, 0.124994, 0.426222, -0.746759, 0.510574, -0.002831, 0.00036, -0.564268, -0.825592, -1.2e-05, 0.0, 0.0, 0.0, 1.0],
                [0.904618, 0.352069, -0.240235, 0.124994, 0.426222, -0.746759, 0.510574, -0.002831, 0.00036, -0.564268, -0.825592, -1.2e-05, 0.0, 0.0, 0.0, 1.0],
                [0.90378, 0.349346, -0.247263, 0.124994, 0.427726, -0.716672, 0.550846, -0.002831, 0.015229, -0.603604, -0.797138, -1.2e-05, 0.0, 0.0, 0.0, 1.0],
                [0.904079, 0.345127, -0.252047, 0.124994, 0.426388, -0.688572, 0.586568, -0.002831, 0.028888, -0.637773, -0.769682, -1.2e-05, 0.0, 0.0, 0.0, 1.0],
                [0.905148, 0.340597, -0.254362, 0.124994, 0.423049, -0.663083, 0.617536, -0.002831, 0.041668, -0.666569, -0.744278, -1.2e-05, 0.0, 0.0, 0.0, 1.0],
                [0.906417, 0.337408, -0.254093, 0.124994, 0.41887, -0.640611, 0.643557, -0.002831, 0.054366, -0.689763, -0.721991, -1.2e-05, 0.0, 0.0, 0.0, 1.0],
                [0.907159, 0.337545, -0.251248, 0.124994, 0.415218, -0.621237, 0.664574, -0.002831, 0.068239, -0.707197, -0.703715, -1.2e-05, 0.0, 0.0, 0.0, 1.0],
                [0.906532, 0.34316, -0.245848, 0.124994, 0.413519, -0.604803, 0.680599, -0.002831, 0.084865, -0.718647, -0.690176, -1.2e-05, 0.0, 0.0, 0.0, 1.0],
                [0.906809, 0.338093, -0.251775, 0.124994, 0.410292, -0.570824, 0.711211, -0.002831, 0.096736, -0.748233, -0.656345, -1.2e-05, 0.0, 0.0, 0.0, 1.0],
                [0.906534, 0.331123, -0.26183, 0.124994, 0.408068, -0.528612, 0.744345, -0.002831, 0.108063, -0.781618, -0.614325, -1.2e-05, 0.0, 0.0, 0.0, 1.0],
                [0.90637, 0.321882, -0.273652, 0.124994, 0.405489, -0.480895, 0.77738, -0.002831, 0.118627, -0.815556, -0.566388, -1.2e-05, 0.0, 0.0, 0.0, 1.0],
                [0.906654, 0.310818, -0.285254, 0.124994, 0.401812, -0.430181, 0.808388, -0.002831, 0.128551, -0.847547, -0.514916, -1.2e-05, 0.0, 0.0, 0.0, 1.0],
                [0.907382, 0.29918, -0.295209, 0.124994, 0.396853, -0.378506, 0.836206, -0.002831, 0.138438, -0.875913, -0.46218, -1.2e-05, 0.0, 0.0, 0.0, 1.0],
                [0.90826, 0.288915, -0.302642, 0.124994, 0.390804, -0.327421, 0.860272, -0.002831, 0.149454, -0.899624, -0.410292, -1.2e-05, 0.0, 0.0, 0.0, 1.0],
                [0.908762, 0.282591, -0.307072, 0.124994, 0.384035, -0.278366, 0.880358, -0.002831, 0.163303, -0.917962, -0.361493, -1.2e-05, 0.0, 0.0, 0.0, 1.0],
                [0.908159, 0.283367, -0.308138, 0.124994, 0.376954, -0.233394, 0.896344, -0.002831, 0.182077, -0.930177, -0.318775, -1.2e-05, 0.0, 0.0, 0.0, 1.0],
                [0.905481, 0.29493, -0.305156, 0.124994, 0.369968, -0.196303, 0.908069, -0.002831, 0.207914, -0.935137, -0.286864, -1.2e-05, 0.0, 0.0, 0.0, 1.0],
                [0.899509, 0.321097, -0.296276, 0.124994, 0.3636, -0.174189, 0.915125, -0.002831, 0.242236, -0.930889, -0.273435, -1.2e-05, 0.0, 0.0, 0.0, 1.0],
                [0.89761, 0.359719, -0.254752, 0.124994, 0.343235, -0.207787, 0.915977, -0.002831, 0.27656, -0.90963, -0.30998, -1.2e-05, 0.0, 0.0, 0.0, 1.0],
                [0.901473, 0.397135, -0.172135, 0.124994, 0.305448, -0.301918, 0.903076, -0.002831, 0.306673, -0.866677, -0.393475, -1.2e-05, 0.0, 0.0, 0.0, 1.0],
                [0.911136, 0.404246, -0.080106, 0.124994, 0.253185, -0.395725, 0.882779, -0.002831, 0.32516, -0.824613, -0.462909, -1.2e-05, 0.0, 0.0, 0.0, 1.0],
                [0.929795, 0.364472, 0.051398, 0.124994, 0.160552, -0.527249, 0.834405, -0.002831, 0.331216, -0.767573, -0.548751, -1.2e-05, 0.0, 0.0, 0.0, 1.0],
                [0.934879, 0.248175, 0.253794, 0.124994, 0.021715, -0.753623, 0.656948, -0.002831, 0.354303, -0.608655, -0.709935, -1.2e-05, 0.0, 0.0, 0.0, 1.0],
                [0.897764, -0.024009, 0.439821, 0.124994, -0.153314, -0.95311, 0.260915, -0.002831, 0.412933, -0.301671, -0.859349, -1.2e-05, 0.0, 0.0, 0.0, 1.0],
                [0.840592, 0.023447, 0.541161, 0.124994, -0.272098, -0.845586, 0.459289, -0.002831, 0.468367, -0.533323, -0.704413, -1.2e-05, 0.0, 0.0, 0.0, 1.0],
                [0.798577, -0.035296, 0.600857, 0.124994, -0.385765, -0.796302, 0.465928, -0.002831, 0.462018, -0.603869, -0.649524, -1.2e-05, 0.0, 0.0, 0.0, 1.0],
                [0.880431, -0.054208, 0.471065, 0.124994, -0.418334, -0.556517, 0.717834, -0.002831, 0.223243, -0.829065, -0.512653, -1.2e-05, 0.0, 0.0, 0.0, 1.0],
                [0.979817, 0.017179, 0.199156, 0.124994, -0.169631, -0.455624, 0.873861, -0.002831, 0.105752, -0.890007, -0.443514, -1.2e-05, 0.0, 0.0, 0.0, 1.0],
                [0.887286, 0.461216, -0.002026, 0.124994, 0.241437, -0.460725, 0.854073, -0.002831, 0.392978, -0.758295, -0.52015, -1.2e-05, 0.0, 0.0, 0.0, 1.0],
                [0.567683, 0.821822, 0.048412, 0.124994, 0.463488, -0.367653, 0.806232, -0.002831, 0.680379, -0.435246, -0.589615, -1.1e-05, 0.0, 0.0, 0.0, 1.0],
                [0.658899, 0.746189, 0.095147, 0.124994, 0.4229, -0.472059, 0.773509, -0.002831, 0.622099, -0.469426, -0.626603, -1.2e-05, 0.0, 0.0, 0.0, 1.0],
                [0.753839, 0.649878, 0.096872, 0.124994, 0.362302, -0.534118, 0.763842, -0.002831, 0.548146, -0.540717, -0.638092, -1.2e-05, 0.0, 0.0, 0.0, 1.0],
                [0.839404, 0.540414, 0.057906, 0.124994, 0.293827, -0.54084, 0.788136, -0.002831, 0.457238, -0.64455, -0.612771, -1.2e-05, 0.0, 0.0, 0.0, 1.0],
                [0.904577, 0.425349, -0.028599, 0.124994, 0.249016, -0.472741, 0.845285, -0.002831, 0.346021, -0.771747, -0.53355, -1.2e-05, 0.0, 0.0, 0.0, 1.0],
                [0.943178, 0.303411, -0.13549, 0.124994, 0.241495, -0.345817, 0.906693, -0.002831, 0.228246, -0.887892, -0.399439, -1.2e-05, 0.0, 0.0, 0.0, 1.0],
                [0.951883, 0.194301, -0.236994, 0.124994, 0.274843, -0.199137, 0.940641, -0.002831, 0.135573, -0.960516, -0.242957, -1.2e-05, 0.0, 0.0, 0.0, 1.0],
                [0.971115, 0.102165, -0.215634, 0.124994, 0.226681, -0.112828, 0.967412, -0.002831, 0.074506, -0.988348, -0.132727, -1.2e-05, 0.0, 0.0, 0.0, 1.0],
                [0.975795, 0.1966, -0.095774, 0.124994, 0.179335, -0.468744, 0.864938, -0.002831, 0.125154, -0.861178, -0.492655, -1.2e-05, 0.0, 0.0, 0.0, 1.0],
                [0.950716, 0.301997, 0.070263, 0.124994, 0.189459, -0.745189, 0.639373, -0.002831, 0.245448, -0.59455, -0.76568, -1.2e-05, 0.0, 0.0, 0.0, 1.0],
                [0.920718, 0.374458, 0.109815, 0.124994, 0.220452, -0.731327, 0.645416, -0.002831, 0.321992, -0.570037, -0.755896, -1.2e-05, 0.0, 0.0, 0.0, 1.0],
                [0.90409, 0.401731, 0.145716, 0.124994, 0.284298, -0.819997, 0.496769, -0.002831, 0.319054, -0.407697, -0.855563, -1.2e-05, 0.0, 0.0, 0.0, 1.0],
                [0.910432, 0.371378, 0.182186, 0.124994, 0.304019, -0.899393, 0.314109, -0.002831, 0.28051, -0.230587, -0.931742, -1.2e-05, 0.0, 0.0, 0.0, 1.0],
                [0.934571, 0.278082, 0.221916, 0.124994, 0.252748, -0.957931, 0.135962, -0.002831, 0.250389, -0.070977, -0.96554, -1.2e-05, 0.0, 0.0, 0.0, 1.0],
                [0.95179, 0.155711, 0.264292, 0.124994, 0.156417, -0.987517, 0.018506, -0.002831, 0.263875, 0.023726, -0.964265, -1.2e-05, 0.0, 0.0, 0.0, 1.0],
                [0.94772, 0.061997, 0.313024, 0.124994, 0.070618, -0.997371, -0.016269, -0.002831, 0.311192, 0.037524, -0.949606, -1.2e-05, 0.0, 0.0, 0.0, 1.0],
                [0.934185, 0.027173, 0.355753, 0.124994, 0.033365, -0.999379, -0.011281, -0.002831, 0.355226, 0.022408, -0.934512, -1.2e-05, 0.0, 0.0, 0.0, 1.0],
                [0.925023, 0.043164, 0.377452, 0.124994, 0.048723, -0.998799, -0.005187, -0.002831, 0.376775, 0.023189, -0.926015, -1.2e-05, 0.0, 0.0, 0.0, 1.0],
                [0.92579, 0.088143, 0.367618, 0.124994, 0.08998, -0.995869, 0.012178, -0.002831, 0.367173, 0.021804, -0.929897, -1.2e-05, 0.0, 0.0, 0.0, 1.0],
                [0.933083, 0.120002, 0.339051, 0.124994, 0.114882, -0.992755, 0.035209, -0.002831, 0.34082, 0.006098, -0.940109, -1.2e-05, 0.0, 0.0, 0.0, 1.0],
                [0.942295, 0.115672, 0.314166, 0.124994, 0.11112, -0.993278, 0.032423, -0.002831, 0.315805, 0.004359, -0.948814, -1.2e-05, 0.0, 0.0, 0.0, 1.0],
                [0.953446, 0.102783, 0.283509, 0.124994, 0.096985, -0.994689, 0.034451, -0.002831, 0.285544, -0.005351, -0.958351, -1.2e-05, 0.0, 0.0, 0.0, 1.0],
                [0.967735, 0.136277, 0.211938, 0.124994, 0.124564, -0.989897, 0.067735, -0.002831, 0.219028, -0.03915, -0.974933, -1.2e-05, 0.0, 0.0, 0.0, 1.0],
                [0.889399, 0.335735, -0.310244, 0.124994, 0.456591, -0.685444, 0.567179, -0.002831, -0.022233, -0.646103, -0.762927, -1.2e-05, 0.0, 0.0, 0.0, 1.0],
                [0.64834, 0.120912, -0.751688, 0.124994, 0.759274, -0.029814, 0.650087, -0.002831, 0.056193, -0.992215, -0.111135, -1.2e-05, 0.0, 0.0, 0.0, 1.0],
                [0.748703, 0.119286, -0.652085, 0.124993, 0.646574, 0.085596, 0.758034, -0.002831, 0.146238, -0.989163, -0.013041, -1.2e-05, 0.0, 0.0, 0.0, 1.0],
                [0.859316, 0.205035, -0.468547, 0.124994, 0.46751, 0.056586, 0.882175, -0.002831, 0.20739, -0.977117, -0.047231, -1.2e-05, 0.0, 0.0, 0.0, 1.0],
                [0.866294, 0.214776, -0.451006, 0.124994, 0.422475, 0.166754, 0.890903, -0.00283, 0.266551, -0.962322, 0.05372, -1.2e-05, 0.0, 0.0, 0.0, 1.0],
                [0.863217, 0.216933, -0.455846, 0.124994, 0.386601, 0.296614, 0.873247, -0.002831, 0.324646, -0.930032, 0.172176, -1.2e-05, 0.0, 0.0, 0.0, 1.0],
                [0.854373, 0.211371, -0.47473, 0.124994, 0.356059, 0.42729, 0.83105, -0.002831, 0.378507, -0.879059, 0.289805, -1.2e-05, 0.0, 0.0, 0.0, 1.0],
                [0.843043, 0.200409, -0.499114, 0.124994, 0.329159, 0.541665, 0.773469, -0.002831, 0.425363, -0.816355, 0.390681, -1.1e-05, 0.0, 0.0, 0.0, 1.0],
                [0.8319, 0.189493, -0.52157, 0.124994, 0.306317, 0.626917, 0.716341, -0.002831, 0.462723, -0.75569, 0.463487, -1.2e-05, 0.0, 0.0, 0.0, 1.0],
                [0.823302, 0.186451, -0.536106, 0.124995, 0.289322, 0.674742, 0.678981, -0.002831, 0.48833, -0.714114, 0.501573, -1.2e-05, 0.0, 0.0, 0.0, 1.0],
                [0.695331, 0.31014, -0.648327, 0.124994, 0.310772, 0.683646, 0.66034, -0.002831, 0.648024, -0.660637, 0.378978, -1.2e-05, 0.0, 0.0, 0.0, 1.0],
                [0.628268, 0.384585, -0.676294, 0.124995, 0.322083, 0.662713, 0.676073, -0.002831, 0.708196, -0.642578, 0.292493, -1.2e-05, 0.0, 0.0, 0.0, 1.0],
                [0.620749, 0.418566, -0.662928, 0.124994, 0.324173, 0.632865, 0.703132, -0.002831, 0.713851, -0.651371, 0.257162, -1.2e-05, 0.0, 0.0, 0.0, 1.0],
                [0.648093, 0.420977, -0.634629, 0.124995, 0.314552, 0.610951, 0.726496, -0.002831, 0.693565, -0.670461, 0.263534, -1.2e-05, 0.0, 0.0, 0.0, 1.0],
                [0.6814, 0.405176, -0.609529, 0.124995, 0.299787, 0.605224, 0.737449, -0.002831, 0.667699, -0.685227, 0.290934, -1.2e-05, 0.0, 0.0, 0.0, 1.0],
                [0.695449, 0.388536, -0.604475, 0.124995, 0.292263, 0.615549, 0.731903, -0.002831, 0.656455, -0.685667, 0.314529, -1.2e-05, 0.0, 0.0, 0.0, 1.0],
                [0.695039, 0.374611, -0.613667, 0.124995, 0.29257, 0.632303, 0.717353, -0.002831, 0.656752, -0.678129, 0.329875, -1.2e-05, 0.0, 0.0, 0.0, 1.0],
                [0.699041, 0.356321, -0.619981, 0.124994, 0.294057, 0.647068, 0.703444, -0.002831, 0.651822, -0.674046, 0.347548, -1.2e-05, 0.0, 0.0, 0.0, 1.0],
                [0.705787, 0.336364, -0.623477, 0.124994, 0.297289, 0.658217, 0.691643, -0.002831, 0.643027, -0.673505, 0.364564, -1.2e-05, 0.0, 0.0, 0.0, 1.0],
                [0.713389, 0.317728, -0.6246, 0.124995, 0.302515, 0.664349, 0.683466, -0.002831, 0.632109, -0.676527, 0.377822, -1.2e-05, 0.0, 0.0, 0.0, 1.0],
                [0.719926, 0.303566, -0.624142, 0.124995, 0.309622, 0.664358, 0.680266, -0.002831, 0.62116, -0.68299, 0.384299, -1.2e-05, 0.0, 0.0, 0.0, 1.0],
                [0.723621, 0.297026, -0.623015, 0.124995, 0.318262, 0.657372, 0.683061, -0.002831, 0.612439, -0.692559, 0.381156, -1.2e-05, 0.0, 0.0, 0.0, 1.0],
                [0.715362, 0.313856, -0.624301, 0.124994, 0.330777, 0.634897, 0.698207, -0.002831, 0.615503, -0.705975, 0.350365, -1.2e-05, 0.0, 0.0, 0.0, 1.0],
                [0.709334, 0.327026, -0.624419, 0.124994, 0.344403, 0.612122, 0.711824, -0.002831, 0.615005, -0.719973, 0.32157, -1.2e-05, 0.0, 0.0, 0.0, 1.0],
                [0.704925, 0.336986, -0.624117, 0.124994, 0.359118, 0.589234, 0.723766, -0.002831, 0.61165, -0.734333, 0.294348, -1.2e-05, 0.0, 0.0, 0.0, 1.0],
                [0.70185, 0.344318, -0.623579, 0.124994, 0.374782, 0.565955, 0.734325, -0.002831, 0.605759, -0.749092, 0.268172, -1.2e-05, 0.0, 0.0, 0.0, 1.0],
                [0.699782, 0.349748, -0.622882, 0.124995, 0.391269, 0.541868, 0.743833, -0.002831, 0.597674, -0.764235, 0.242344, -1.2e-05, 0.0, 0.0, 0.0, 1.0],
                [0.698441, 0.353965, -0.622004, 0.124994, 0.408435, 0.516539, 0.752574, -0.002831, 0.587674, -0.779677, 0.216201, -1.2e-05, 0.0, 0.0, 0.0, 1.0],
                [0.697599, 0.357628, -0.620853, 0.124993, 0.426124, 0.489525, 0.760778, -0.002831, 0.575999, -0.795278, 0.189098, -1.2e-05, 0.0, 0.0, 0.0, 1.0],
                [0.697083, 0.361358, -0.619271, 0.124994, 0.444161, 0.460384, 0.768614, -0.002831, 0.562847, -0.810844, 0.160425, -1.2e-05, 0.0, 0.0, 0.0, 1.0],
                [0.696782, 0.365729, -0.617039, 0.124994, 0.462357, 0.42867, 0.776188, -0.002831, 0.548381, -0.826126, 0.129592, -1.2e-05, 0.0, 0.0, 0.0, 1.0],
                [0.696666, 0.371167, -0.613915, 0.124994, 0.480501, 0.394026, 0.783494, -0.002831, 0.532706, -0.840819, 0.096158, -1.2e-05, 0.0, 0.0, 0.0, 1.0],
                [0.696692, 0.378324, -0.6095, 0.124994, 0.498384, 0.35585, 0.79056, -0.002831, 0.515978, -0.854542, 0.059367, -1.2e-05, 0.0, 0.0, 0.0, 1.0],
                [0.696949, 0.38755, -0.603379, 0.124995, 0.51576, 0.313703, 0.797234, -0.002831, 0.49825, -0.866831, 0.018753, -1.2e-05, 0.0, 0.0, 0.0, 1.0],
                [0.69758, 0.39914, -0.595038, 0.124994, 0.532358, 0.267113, 0.803272, -0.002831, 0.47956, -0.877119, -0.026153, -1.2e-05, 0.0, 0.0, 0.0, 1.0],
                [0.698806, 0.413229, -0.583876, 0.124994, 0.54786, 0.215622, 0.808305, -0.002831, 0.459911, -0.884731, -0.075714, -1.2e-05, 0.0, 0.0, 0.0, 1.0],
                [0.700674, 0.428448, -0.570516, 0.124994, 0.564243, 0.15665, 0.810611, -0.002831, 0.436676, -0.889883, -0.131989, -1.2e-05, 0.0, 0.0, 0.0, 1.0],
                [0.703278, 0.44448, -0.554831, 0.124994, 0.582161, 0.087867, 0.808312, -0.002831, 0.40803, -0.891469, -0.196963, -1.2e-05, 0.0, 0.0, 0.0, 1.0],
                [0.707087, 0.462293, -0.535082, 0.124994, 0.599335, 0.009773, 0.800438, -0.002831, 0.375266, -0.886673, -0.270158, -1.2e-05, 0.0, 0.0, 0.0, 1.0],
                [0.712589, 0.481848, -0.50994, 0.124993, 0.613733, -0.075961, 0.785851, -0.002831, 0.339926, -0.872955, -0.349855, -1.2e-05, 0.0, 0.0, 0.0, 1.0],
                [0.720052, 0.501866, -0.479224, 0.124994, 0.623854, -0.165775, 0.763757, -0.002831, 0.303861, -0.848911, -0.432458, -1.2e-05, 0.0, 0.0, 0.0, 1.0],
                [0.729265, 0.519736, -0.445025, 0.124993, 0.629099, -0.253528, 0.734819, -0.002831, 0.269085, -0.815842, -0.511854, -1.2e-05, 0.0, 0.0, 0.0, 1.0],
                [0.739372, 0.529194, -0.416271, 0.124995, 0.630217, -0.326346, 0.704504, -0.002831, 0.236971, -0.783232, -0.574798, -1.2e-05, 0.0, 0.0, 0.0, 1.0],
                [0.74983, 0.530189, -0.395797, 0.124993, 0.627742, -0.381092, 0.678755, -0.002831, 0.209033, -0.757409, -0.618576, -1.2e-05, 0.0, 0.0, 0.0, 1.0],
                [0.767342, 0.515558, -0.381295, 0.124994, 0.614703, -0.422131, 0.666293, -0.002831, 0.182556, -0.745658, -0.640833, -1.2e-05, 0.0, 0.0, 0.0, 1.0],
                [0.785848, 0.491842, -0.374879, 0.124994, 0.597413, -0.447121, 0.665717, -0.002831, 0.159811, -0.74711, -0.645203, -1.2e-05, 0.0, 0.0, 0.0, 1.0],
                [0.804451, 0.462021, -0.373357, 0.124993, 0.577469, -0.460927, 0.673852, -0.002831, 0.139243, -0.757682, -0.637596, -1.2e-05, 0.0, 0.0, 0.0, 1.0],
                [0.822477, 0.429185, -0.373272, 0.124993, 0.556064, -0.468609, 0.686439, -0.002831, 0.119691, -0.772143, -0.624074, -1.2e-05, 0.0, 0.0, 0.0, 1.0],
                [0.839343, 0.396743, -0.371614, 0.124995, 0.534225, -0.475601, 0.698861, -0.002831, 0.100528, -0.78511, -0.611143, -1.2e-05, 0.0, 0.0, 0.0, 1.0],
