{"animation": [{"name": "Root", "time": [0.0, 0.1, 0.1333, 0.2, 0.3, 0.4, 0.7, 0.8, 0.9, 1.0], "transform": [[0.425125, -0.026857, -0.904736, -5e-06, -0.898554, 0.107795, -0.425419, 0.000946, 0.108952, 0.99381, 0.021694, 0.481069, 0.0, 0.0, 0.0, 1.0], [0.92942, -0.017114, -0.368626, -5e-06, -0.364638, 0.110943, -0.924516, 0.985207, 0.056718, 0.993679, 0.096872, 0.47009, 0.0, 0.0, 0.0, 1.0], [0.917145, -0.175021, 0.358069, -5e-06, 0.380186, 0.114587, -0.917784, 1.33084, 0.119601, 0.977874, 0.171634, 0.47778, 0.0, 0.0, 0.0, 1.0], [0.616634, 0.004782, 0.787235, -5e-06, 0.784772, 0.075533, -0.615164, 1.300946, -0.062404, 0.997132, 0.042824, 0.521415, 0.0, 0.0, 0.0, 1.0], [-0.045063, 0.06656, 0.996764, -5e-06, 0.998589, 0.031058, 0.043072, 1.400946, -0.028091, 0.997299, -0.067866, 0.648832, 0.0, 0.0, 0.0, 1.0], [-0.301509, 0.06656, 0.951137, -5e-06, 0.953415, 0.031058, 0.300058, 1.400946, -0.009568, 0.997299, -0.072823, 0.668832, 0.0, 0.0, 0.0, 1.0], [0.961773, 0.0097, 0.273675, -5e-06, 0.272679, 0.058273, -0.960339, 1.400946, -0.025263, 0.998254, 0.0534, 0.590154, 0.0, 0.0, 0.0, 1.0], [0.9778, 0.00421, -0.2095, -5e-06, -0.209506, 0.038327, -0.977056, 1.400946, 0.003916, 0.999256, 0.038359, 0.608631, 0.0, 0.0, 0.0, 1.0], [0.825989, -0.006078, -0.563654, -5e-06, -0.56332, 0.027163, -0.825792, 1.400946, 0.02033, 0.999613, 0.019013, 0.62459, 0.0, 0.0, 0.0, 1.0], [0.678872, -0.013888, -0.734126, -5e-06, -0.733798, 0.022511, -0.678995, 1.400946, 0.025956, 0.99965, 0.005091, 0.635058, 0.0, 0.0, 0.0, 1.0]]}, {"name": "Thigh_R", "time": [0.0, 0.05, 0.1, 0.1333, 0.2, 0.3, 0.4, 0.7, 0.8, 0.9, 1.0], "transform": [[0.824168, 0.556391, -0.105716, 0.124994, 0.482968, -0.592992, 0.644284, -0.002831, 0.295786, -0.582056, -0.757444, -1.2e-05, 0.0, 0.0, 0.0, 1.0], [0.9649, 0.236683, -0.113794, 0.131232, 0.230249, -0.55403, 0.800022, -0.00394, 0.126307, -0.798143, -0.589079, 0.007725, 0.0, 0.0, 0.0, 1.0], [0.982478, 0.044739, -0.180924, 0.13747, 0.184292, -0.377886, 0.907324, -0.00505, -0.027776, -0.92477, -0.37951, 0.015462, 0.0, 0.0, 0.0, 1.0], [0.910193, 0.413951, 0.013893, 0.124994, 0.126804, -0.310435, 0.942099, -0.002831, 0.394296, -0.85573, -0.335046, -1.2e-05, 0.0, 0.0, 0.0, 1.0], [0.733925, 0.678537, 0.030669, 0.13492, 0.39974, -0.467994, 0.788154, -0.001956, 0.549146, -0.566187, -0.614711, 0.000824, 0.0, 0.0, 0.0, 1.0], [0.642768, 0.442334, 0.625451, 0.139884, 0.462196, -0.875032, 0.143851, -0.001518, 0.610919, 0.196619, -0.766888, 0.001242, 0.0, 0.0, 0.0, 1.0], [0.644147, 0.300463, 0.703416, 0.139884, 0.460138, -0.886826, -0.042561, -0.001518, 0.611021, 0.351084, -0.709502, 0.001242, 0.0, 0.0, 0.0, 1.0], [0.941728, 0.328591, 0.071932, 0.124994, 0.133821, -0.56218, 0.816114, -0.002831, 0.308608, -0.758932, -0.573393, -1.2e-05, 0.0, 0.0, 0.0, 1.0], [0.993328, 0.08297, -0.080074, 0.124994, 0.115307, -0.711911, 0.692739, -0.002831, 0.000471, -0.697352, -0.716729, -1.2e-05, 0.0, 0.0, 0.0, 1.0], [0.945786, 0.324351, -0.016868, 0.124994, 0.320068, -0.921958, 0.218059, -0.002831, 0.055176, -0.211636, -0.975789, -1.2e-05, 0.0, 0.0, 0.0, 1.0], [0.919892, 0.391129, -0.028564, 0.124994, 0.373669, -0.85206, 0.366558, -0.002831, 0.119033, -0.347867, -0.929957, -1.2e-05, 0.0, 0.0, 0.0, 1.0]]}, {"name": "Leg_R", "time": [0.0, 0.05, 0.1, 0.1333, 0.2, 0.3, 0.4, 0.7, 0.8, 0.9, 1.0], "transform": [[0.999318, -0.015434, -0.033536, 0.0, 0.036876, 0.460424, 0.886934, 0.37472, 0.001752, -0.887565, 0.460679, -0.0, 0.0, 0.0, 0.0, 1.0], [0.980524, -0.176387, -0.086377, -0.0, 0.091756, 0.022555, 0.995526, 0.37472, -0.173649, -0.984063, 0.038301, -0.0, 0.0, 0.0, 0.0, 1.0], [0.979755, -0.194826, -0.046118, -0.0, 0.09965, 0.274747, 0.95634, 0.37472, -0.17365, -0.941572, 0.288598, -0.0, 0.0, 0.0, 0.0, 1.0], [0.98681, -0.075606, -0.143137, -0.0, 0.160009, 0.321591, 0.933262, 0.37472, -0.024529, -0.943856, 0.329447, 0.0, 0.0, 0.0, 0.0, 1.0], [0.999675, -0.025179, -0.003515, 0.0, 0.017448, 0.578945, 0.81518, 0.37472, -0.01849, -0.814978, 0.579197, -0.0, 0.0, 0.0, 0.0, 1.0], [0.998261, -0.045384, 0.037582, 0.0, 0.017424, 0.836626, 0.547495, 0.37472, -0.05629, -0.545889, 0.835963, -0.0, 0.0, 0.0, 0.0, 1.0], [0.997543, -0.063534, 0.029485, -0.0, 0.044964, 0.903638, 0.425929, 0.37472, -0.053705, -0.423557, 0.904275, 0.0, 0.0, 0.0, 0.0, 1.0], [0.998573, -0.051715, 0.013282, -0.0, 0.017429, 0.550852, 0.834421, 0.37472, -0.050469, -0.832999, 0.550967, -0.0, 0.0, 0.0, 0.0, 1.0], [0.991234, -0.126951, 0.036627, -0.0, 0.02856, 0.476512, 0.878705, 0.37472, -0.129005, -0.869955, 0.47596, -0.0, 0.0, 0.0, 0.0, 1.0], [0.999618, -0.027556, 0.002088, 0.0, 0.017447, 0.687897, 0.725598, 0.37472, -0.021431, -0.725285, 0.688115, -0.0, 0.0, 0.0, 0.0, 1.0], [0.998389, -0.054565, 0.015588, 0.0, 0.017426, 0.556202, 0.830865, 0.37472, -0.054006, -0.829253, 0.556257, 0.0, 0.0, 0.0, 0.0, 1.0]]}, {"name": "Knee_R", "time": [0.0, 0.1, 0.1333, 0.2, 0.3, 0.4, 0.7, 0.8, 0.9, 1.0], "transform": [[1.0, 0.0, -1e-06, 0.0, -1e-06, 1e-06, -1.0, 0.37472, -0.0, 1.0, 0.0, -0.0, 0.0, 0.0, 0.0, 1.0], [1.0, 0.0, -1e-06, -0.0, -1e-06, 0.0, -1.0, 0.37472, -0.0, 1.0, 0.0, -0.0, 0.0, 0.0, 0.0, 1.0], [1.0, 0.0, -1e-06, -0.0, -1e-06, 0.0, -1.0, 0.37472, -0.0, 1.0, 0.0, 0.0, 0.0, 0.0, 0.0, 1.0], [1.0, 0.0, -1e-06, 0.0, -1e-06, 0.0, -1.0, 0.37472, -0.0, 1.0, 0.0, -0.0, 0.0, 0.0, 0.0, 1.0], [1.0, 0.0, -1e-06, 0.0, -1e-06, 0.0, -1.0, 0.37472, -0.0, 1.0, 0.0, -0.0, 0.0, 0.0, 0.0, 1.0], [1.0, 0.0, -1e-06, -0.0, -1e-06, 0.0, -1.0, 0.37472, -0.0, 1.0, 0.0, 0.0, 0.0, 0.0, 0.0, 1.0], [1.0, 0.0, -1e-06, -0.0, -1e-06, 0.0, -1.0, 0.37472, -0.0, 1.0, 0.0, -0.0, 0.0, 0.0, 0.0, 1.0], [1.0, 0.0, -1e-06, -0.0, -1e-06, 0.0, -1.0, 0.37472, -0.0, 1.0, 0.0, -0.0, 0.0, 0.0, 0.0, 1.0], [1.0, 0.0, -1e-06, 0.0, -1e-06, 0.0, -1.0, 0.37472, -0.0, 1.0, 0.0, -0.0, 0.0, 0.0, 0.0, 1.0], [1.0, 0.0, -1e-06, 0.0, -1e-06, 0.0, -1.0, 0.37472, -0.0, 1.0, 0.0, 0.0, 0.0, 0.0, 0.0, 1.0]]}, {"name": "Thigh_L", "time": [0.0, 0.05, 0.1, 0.1333, 0.2, 0.3, 0.4, 0.7, 0.8, 0.9, 1.0], "transform": [[0.673234, -0.724252, 0.149049, -0.125006, -0.631939, -0.458892, 0.624557, -0.002831, -0.383939, -0.514663, -0.766624, -1.2e-05, 0.0, 0.0, 0.0, 1.0], [0.944619, -0.326077, 0.036987, -0.125006, -0.272185, -0.71552, 0.643386, -0.002831, -0.183329, -0.617823, -0.764647, -1.2e-05, 0.0, 0.0, 0.0, 1.0], [0.993084, 0.051802, -0.105354, -0.125006, 0.026859, -0.973838, -0.225654, -0.002831, -0.114287, 0.221264, -0.968494, -1.2e-05, 0.0, 0.0, 0.0, 1.0], [0.906509, -0.420051, 0.042417, -0.125006, -0.418967, -0.907428, -0.03227, -0.002831, 0.052045, 0.011482, -0.998582, -1.2e-05, 0.0, 0.0, 0.0, 1.0], [0.907001, -0.316985, 0.277253, -0.115636, -0.373944, -0.909007, 0.184041, -0.010476, 0.193687, -0.270603, -0.943005, -0.000142, 0.0, 0.0, 0.0, 1.0], [0.941141, -0.161237, 0.297078, -0.096897, -0.300477, -0.801619, 0.516838, -0.025768, 0.15481, -0.575683, -0.802885, -0.000403, 0.0, 0.0, 0.0, 1.0], [0.954671, -0.088232, 0.284287, -0.096897, -0.237023, -0.803076, 0.546706, -0.025768, 0.180067, -0.589307, -0.787586, -0.000403, 0.0, 0.0, 0.0, 1.0], [0.964196, -0.248576, -0.092387, -0.125006, -0.104516, -0.676382, 0.729097, -0.002831, -0.243725, -0.693336, -0.678145, -1.2e-05, 0.0, 0.0, 0.0, 1.0], [0.956552, -0.28688, -0.052043, -0.125006, -0.133889, -0.590769, 0.795655, -0.002831, -0.259003, -0.754118, -0.603511, -1.2e-05, 0.0, 0.0, 0.0, 1.0], [0.928274, -0.36912, -0.045368, -0.125006, -0.233724, -0.673919, 0.700862, -0.002831, -0.289276, -0.639988, -0.711854, -1.2e-05, 0.0, 0.0, 0.0, 1.0], [0.891774, -0.450189, -0.045504, -0.125006, -0.308699, -0.67884, 0.666245, -0.002831, -0.330826, -0.580093, -0.744344, -1.2e-05, 0.0, 0.0, 0.0, 1.0]]}, {"name": "Leg_L", "time": [0.0, 0.05, 0.1, 0.1333, 0.2, 0.3, 0.4, 0.7, 0.8, 0.9, 1.0], "transform": [[0.984657, -0.126008, 0.120711, -0.0, -0.017187, 0.618366, 0.785702, 0.37472, -0.173649, -0.775722, 0.606713, 0.0, 0.0, 0.0, 0.0, 1.0], [0.998364, -0.016527, 0.054746, -0.0, -0.055896, -0.079854, 0.995238, 0.37472, -0.012077, -0.996669, -0.080647, 0.0, 0.0, 0.0, 0.0, 1.0], [0.999456, 0.021719, 0.024818, -0.0, -0.032977, 0.648964, 0.760103, 0.37472, 0.000403, -0.76051, 0.649326, 0.0, 0.0, 0.0, 0.0, 1.0], [0.985477, -0.138941, 0.097623, -0.0, -0.017201, 0.490262, 0.871404, 0.37472, -0.168935, -0.860426, 0.480753, 0.0, 0.0, 0.0, 0.0, 1.0], [0.984658, -0.136047, 0.109272, 0.0, -0.017187, 0.547555, 0.836591, 0.37472, -0.173649, -0.825636, 0.536815, -0.0, 0.0, 0.0, 0.0, 1.0], [0.997853, 0.057972, 0.030439, -0.0, -0.064892, 0.81355, 0.577864, 0.37472, 0.008736, -0.578599, 0.815565, -0.0, 0.0, 0.0, 0.0, 1.0], [0.995935, 0.086527, 0.024995, 0.0, -0.087426, 0.862107, 0.499128, 0.37472, 0.02164, -0.499285, 0.866168, 0.0, 0.0, 0.0, 0.0, 1.0], [0.98784, 0.152406, -0.030751, 0.0, -0.017243, 0.303951, 0.952532, 0.37472, 0.154519, -0.940418, 0.302883, -0.0, 0.0, 0.0, 0.0, 1.0], [0.992215, 0.120489, -0.031483, 0.0, -0.017319, 0.383853, 0.923232, 0.37472, 0.123324, -0.915499, 0.382952, -0.0, 0.0, 0.0, 0.0, 1.0], [0.999086, 0.041807, -0.008911, 0.0, -0.022108, 0.683787, 0.729347, 0.37472, 0.036586, -0.728484, 0.684086, -0.0, 0.0, 0.0, 0.0, 1.0], [0.999679, -0.003363, 0.025107, -0.0, -0.017449, 0.627074, 0.778764, 0.37472, -0.018363, -0.778953, 0.626814, 0.0, 0.0, 0.0, 0.0, 1.0]]}, {"name": "Knee_L", "time": [0.0, 0.1, 0.1333, 0.2, 0.3, 0.4, 0.7, 0.8, 0.9, 1.0], "transform": [[1.0, -0.0, 0.0, -0.0, 0.0, 0.0, -1.0, 0.37472, 0.0, 1.0, 0.0, 0.0, 0.0, 0.0, 0.0, 1.0], [1.0, -0.0, 0.0, -0.0, 0.0, 0.0, -1.0, 0.37472, 0.0, 1.0, 0.0, 0.0, 0.0, 0.0, 0.0, 1.0], [1.0, -0.0, 0.0, -0.0, 0.0, 0.0, -1.0, 0.37472, 0.0, 1.0, 0.0, 0.0, 0.0, 0.0, 0.0, 1.0], [1.0, -0.0, 0.0, 0.0, 0.0, 0.0, -1.0, 0.37472, 0.0, 1.0, 0.0, -0.0, 0.0, 0.0, 0.0, 1.0], [1.0, -0.0, 0.0, -0.0, 0.0, 0.0, -1.0, 0.37472, 0.0, 1.0, 0.0, -0.0, 0.0, 0.0, 0.0, 1.0], [1.0, -0.0, 0.0, 0.0, 0.0, 0.0, -1.0, 0.37472, 0.0, 1.0, 0.0, 0.0, 0.0, 0.0, 0.0, 1.0], [1.0, -0.0, 0.0, 0.0, 0.0, 0.0, -1.0, 0.37472, 0.0, 1.0, 0.0, -0.0, 0.0, 0.0, 0.0, 1.0], [1.0, -0.0, 0.0, 0.0, 0.0, 0.0, -1.0, 0.37472, 0.0, 1.0, 0.0, -0.0, 0.0, 0.0, 0.0, 1.0], [1.0, -0.0, 0.0, 0.0, 0.0, 0.0, -1.0, 0.37472, 0.0, 1.0, 0.0, -0.0, 0.0, 0.0, 0.0, 1.0], [1.0, -0.0, 0.0, -0.0, 0.0, 0.0, -1.0, 0.37472, 0.0, 1.0, 0.0, 0.0, 0.0, 0.0, 0.0, 1.0]]}, {"name": "Torso", "time": [0.0, 0.1, 0.1333, 0.1667, 0.1833, 0.2, 0.3, 0.4, 0.7, 0.8, 0.9, 1.0], "transform": [[0.980972, -0.19265, -0.024089, 0.0, 0.19415, 0.973393, 0.121711, 0.05, 0.0, -0.124072, 0.992273, 0.0, 0.0, 0.0, 0.0, 1.0], [0.991466, -0.125901, -0.033838, -0.0, 0.130369, 0.957486, 0.257338, 0.05, -0.0, -0.259553, 0.965729, 0.0, 0.0, 0.0, 0.0, 1.0], [0.971342, 0.219223, 0.09184, 0.0, -0.237683, 0.895902, 0.375323, 0.05, 0.0, -0.386397, 0.922333, -0.0, 0.0, 0.0, 0.0, 1.0], [0.986528, 0.151421, 0.061905, -0.0, -0.163586, 0.913164, 0.373326, 0.05, -0.0, -0.378424, 0.925633, 0.0, 0.0, 0.0, 0.0, 1.0], [0.990924, 0.125348, 0.048553, -0.0, -0.134423, 0.924028, 0.357916, 0.05, -0.0, -0.361194, 0.932491, -0.0, 0.0, 0.0, 0.0, 1.0], [0.971499, 0.230282, 0.056198, -0.0, -0.23704, 0.943803, 0.230323, 0.05, -0.0, -0.237081, 0.97149, -0.0, 0.0, 0.0, 0.0, 1.0], [0.999982, -0.005917, 0.000292, 0.0, 0.005924, 0.998768, -0.049273, 0.05, 0.0, 0.049273, 0.998784, 0.0, 0.0, 0.0, 0.0, 1.0], [0.996842, -0.079379, 0.002092, 0.0, 0.079407, 0.996496, -0.026268, 0.05, -0.0, 0.026351, 0.999651, 0.0, 0.0, 0.0, 0.0, 1.0], [0.997938, -0.064154, -0.002037, 0.0, 0.064186, 0.997435, 0.031671, 0.05, 0.0, -0.031736, 0.999496, 0.0, 0.0, 0.0, 0.0, 1.0], [0.997052, -0.076648, -0.003346, -0.0, 0.076722, 0.996104, 0.043486, 0.05, -0.0, -0.043615, 0.999048, 0.0, 0.0, 0.0, 0.0, 1.0], [0.992227, -0.12414, -0.008609, -0.0, 0.124438, 0.98985, 0.068649, 0.05, 0.0, -0.069186, 0.997604, -0.0, 0.0, 0.0, 0.0, 1.0], [0.992201, -0.124113, -0.011522, -0.0, 0.124647, 0.987953, 0.091715, 0.05, -0.0, -0.092436, 0.995719, -0.0, 0.0, 0.0, 0.0, 1.0]]}, {"name": "Chest", "time": [0.0, 0.1, 0.1333, 0.1833, 0.2, 0.3, 0.4, 0.7, 0.8, 0.9, 1.0], "transform": [[0.664889, 0.08858, -0.741669, -0.0, 0.240669, 0.914583, 0.324985, 0.3, 0.707105, -0.394578, 0.586777, 0.0, 0.0, 0.0, 0.0, 1.0], [0.706971, 0.226229, -0.670085, 0.0, 0.013888, 0.942834, 0.332967, 0.3, 0.707107, -0.244703, 0.663417, 0.0, 0.0, 0.0, 0.0, 1.0], [0.863167, 0.244723, -0.441648, 0.0, -0.187618, 0.96752, 0.169429, 0.3, 0.468766, -0.063384, 0.881046, 0.0, 0.0, 0.0, 0.0, 1.0], [0.887376, 0.125645, 0.443595, 0.0, -0.111656, 0.992074, -0.057639, 0.3, -0.447321, 0.001618, 0.894372, -0.0, 0.0, 0.0, 0.0, 1.0], [0.822832, -0.0, 0.568284, -0.0, 0.0, 1.0, 0.0, 0.3, -0.568284, -0.0, 0.822832, -0.0, 0.0, 0.0, 0.0, 1.0], [0.699501, -0.22964, 0.676729, 0.0, 0.1532, 0.973135, 0.171867, 0.3, -0.698017, -0.016546, 0.715889, 0.0, 0.0, 0.0, 0.0, 1.0], [0.705647, -0.203676, 0.678658, 0.0, 0.140298, 0.978995, 0.147934, 0.3, -0.694535, -0.009175, 0.719399, 0.0, 0.0, 0.0, 0.0, 1.0], [0.747622, -0.054239, 0.661905, -0.0, -0.118124, 0.969908, 0.212899, 0.3, -0.653534, -0.237355, 0.718718, 0.0, 0.0, 0.0, 0.0, 1.0], [0.951659, -0.030281, 0.305661, 0.0, -0.026779, 0.98316, 0.180773, 0.3, -0.305988, -0.180219, 0.934822, -0.0, 0.0, 0.0, 0.0, 1.0], [0.921854, 0.010586, 0.387394, -0.0, -0.079272, 0.983641, 0.161758, 0.3, -0.379345, -0.179827, 0.907612, 0.0, 0.0, 0.0, 0.0, 1.0], [0.988641, 0.033477, -0.146525, 0.0, -0.00633, 0.983289, 0.181942, 0.3, 0.150167, -0.178948, 0.972331, -0.0, 0.0, 0.0, 0.0, 1.0]]}, {"name": "Head", "time": [0.0, 0.1, 0.2, 0.3, 0.4, 0.7, 0.8, 0.9, 1.0], "transform": [[-0.105967, 0.130428, 0.985778, 0.0, 0.176186, 0.978137, -0.110478, 0.4, -0.978637, 0.161973, -0.126629, 0.0, 0.0, 0.0, 0.0, 1.0], [0.523901, 0.155863, 0.837398, 0.0, 0.171634, 0.943634, -0.283017, 0.4, -0.834307, 0.291998, 0.467619, -0.0, 0.0, 0.0, 0.0, 1.0], [0.345733, -0.052093, -0.936886, 0.0, -0.111898, 0.989044, -0.096287, 0.4, 0.931637, 0.138126, 0.336116, 0.0, 0.0, 0.0, 0.0, 1.0], [-0.421437, 0.049706, -0.905493, 0.0, -0.117513, 0.987085, 0.108878, 0.4, 0.899214, 0.152293, -0.410152, -0.0, 0.0, 0.0, 0.0, 1.0], [-0.591001, 0.049706, -0.805136, 0.0, -0.093851, 0.987085, 0.129829, 0.4, 0.801195, 0.152293, -0.578703, -0.0, 0.0, 0.0, 0.0, 1.0], [0.561864, -0.110652, -0.819796, 0.0, -0.084131, 0.978231, -0.189697, 0.4, 0.82294, 0.175555, 0.540323, -0.0, 0.0, 0.0, 0.0, 1.0], [0.997866, 0.021019, -0.061823, 0.0, -0.026579, 0.995539, -0.090526, 0.4, 0.059645, 0.091976, 0.993973, -0.0, 0.0, 0.0, 0.0, 1.0], [0.977281, -0.0451, 0.20709, 0.0, 0.071539, 0.989931, -0.122005, 0.4, -0.199508, 0.134048, 0.970667, 0.0, 0.0, 0.0, 0.0, 1.0], [0.550916, 0.018584, 0.834345, 0.0, 0.102733, 0.990628, -0.089898, 0.4, -0.828214, 0.13524, 0.543843, 0.0, 0.0, 0.0, 0.0, 1.0]]}, {"name": "Shoulder_R", "time": [0.0, 0.1, 0.1333, 0.1667, 0.2, 0.3, 0.4, 0.7, 0.8, 0.9, 1.0], "transform": [[-0.096067, 0.901706, 0.421544, 0.0, 0.025715, -0.421114, 0.906644, 0.4, 0.995044, 0.097938, 0.017268, 0.0, 0.0, 0.0, 0.0, 1.0], [0.024012, 0.90613, 0.422323, 0.0, -0.006425, -0.422298, 0.906433, 0.4, 0.999692, -0.024479, -0.004318, 0.0, 0.0, 0.0, 0.0, 1.0], [-0.095605, 0.901748, 0.421553, 0.0, 0.025591, -0.421124, 0.906643, 0.4, 0.995091, 0.097467, 0.017184, -0.0, 0.0, 0.0, 0.0, 1.0], [0.03262, 0.915586, 0.400793, 0.0, -0.00873, -0.400729, 0.916156, 0.4, 0.999431, -0.033384, -0.005079, -0.0, 0.0, 0.0, 0.0, 1.0], [0.154323, 0.983999, 0.089043, 0.0, -0.041305, -0.083619, 0.995642, 0.4, 0.987157, -0.157329, 0.02774, 0.0, 0.0, 0.0, 0.0, 1.0], [0.178892, 0.979763, 0.08979, 0.0, -0.047881, -0.082485, 0.995441, 0.4, 0.982702, -0.182377, 0.032156, -0.0, 0.0, 0.0, 0.0, 1.0], [0.178893, 0.979763, 0.08979, 0.0, -0.047881, -0.082485, 0.995441, 0.4, 0.982703, -0.182377, 0.032156, -0.0, 0.0, 0.0, 0.0, 1.0], [0.118561, 0.940718, 0.317794, 0.0, -0.031733, -0.316299, 0.948129, 0.4, 0.992441, -0.122495, -0.007649, -0.0, 0.0, 0.0, 0.0, 1.0], [0.23224, 0.924843, 0.301213, 0.0, -0.06216, -0.294935, 0.953494, 0.4, 0.970671, -0.240163, -0.011007, -0.0, 0.0, 0.0, 0.0, 1.0], [0.02398, 0.955376, 0.294417, 0.0, -0.006417, -0.294349, 0.955677, 0.4, 0.999692, -0.024806, -0.000928, 0.0, 0.0, 0.0, 0.0, 1.0], [0.003846, 0.951291, 0.308268, 0.0, -0.001028, -0.308267, 0.9513, 0.4, 0.999992, -0.003976, -0.000208, 0.0, 0.0, 0.0, 0.0, 1.0]]}, {"name": "Arm_R", "time": [0.0, 0.1, 0.1333, 0.1667, 0.1833, 0.2, 0.3, 0.4, 0.7, 0.8, 0.9, 1.0], "transform": [[0.667285, 0.064582, -0.741999, -0.0, 0.068195, 0.986746, 0.147214, 0.388385, 0.741675, -0.148833, 0.654041, 0.0, 0.0, 0.0, 0.0, 1.0], [0.789765, 0.00749, -0.613371, -0.0, 0.357218, 0.807261, 0.469806, 0.388385, 0.498673, -0.590134, 0.634875, 0.0, 0.0, 0.0, 0.0, 1.0], [0.836301, -0.54508, 0.059023, -0.0, 0.39415, 0.672562, 0.626344, 0.388385, -0.381102, -0.500549, 0.77731, 0.0, 0.0, 0.0, 0.0, 1.0], [0.279263, -0.778982, 0.561427, -0.0, 0.739455, 0.547458, 0.391782, 0.388385, -0.612547, 0.305741, 0.728908, -0.0, 0.0, 0.0, 0.0, 1.0], [0.356543, -0.401411, 0.84365, -0.0, 0.669386, 0.739698, 0.069055, 0.388386, -0.651765, 0.540107, 0.532433, 0.0, 0.0, 0.0, 0.0, 1.0], [0.46561, -0.563581, 0.682337, 0.0, 0.861318, 0.465712, -0.203083, 0.388386, -0.20332, 0.682266, 0.702262, 0.0, 0.0, 0.0, 0.0, 1.0], [0.684231, 0.476122, 0.552392, 0.0, -0.018318, 0.768444, -0.639653, 0.388385, -0.729038, 0.427551, 0.534514, -0.0, 0.0, 0.0, 0.0, 1.0], [0.862584, 0.288658, 0.415485, -0.0, 0.146925, 0.642928, -0.751701, 0.388385, -0.484113, 0.709449, 0.512167, 0.0, 0.0, 0.0, 0.0, 1.0], [0.384967, -0.763153, -0.519035, 0.0, -0.10614, 0.522037, -0.846293, 0.388386, 0.916807, 0.380885, 0.119966, 0.0, 0.0, 0.0, 0.0, 1.0], [0.444375, -0.686646, -0.575368, 0.0, 0.177652, 0.697055, -0.694661, 0.388385, 0.878049, 0.206475, 0.431738, -0.0, 0.0, 0.0, 0.0, 1.0], [0.432565, 0.493053, -0.754842, -0.0, 0.44469, 0.611629, 0.65434, 0.388385, 0.784307, -0.618715, 0.045314, 0.0, 0.0, 0.0, 0.0, 1.0], [0.345792, 0.144352, -0.927141, -0.0, 0.719876, 0.592955, 0.360809, 0.388385, 0.601837, -0.79219, 0.101123, 0.0, 0.0, 0.0, 0.0, 1.0]]}, {"name": "Hand_R", "time": [0.0, 0.1, 0.1333, 0.2, 0.3, 0.4, 0.7, 0.8, 0.9, 1.0], "transform": [[0.660981, -0.734554, 0.153424, 0.0, 0.682995, 0.504195, -0.528495, 0.33, 0.310855, 0.454114, 0.834951, 0.0, 0.0, 0.0, 0.0, 1.0], [0.0735, 0.086391, 0.993554, -0.0, 0.432011, 0.895148, -0.109797, 0.33, -0.898873, 0.437285, 0.028472, -0.0, 0.0, 0.0, 0.0, 1.0], [0.018999, 0.142748, 0.989575, -0.0, 0.124042, 0.981774, -0.144003, 0.33, -0.992096, 0.125486, 0.000946, -0.0, 0.0, 0.0, 0.0, 1.0], [0.063442, 0.002474, 0.997983, 0.0, 0.159855, 0.98706, -0.012609, 0.33, -0.9851, 0.160332, 0.062225, -0.0, 0.0, 0.0, 0.0, 1.0], [-0.016695, -0.284854, 0.958426, 0.0, 0.09804, 0.953473, 0.28509, 0.33, -0.995043, 0.098723, 0.012009, 0.0, 0.0, 0.0, 0.0, 1.0], [-0.016695, -0.284854, 0.958426, 0.0, 0.09804, 0.953473, 0.285091, 0.33, -0.995043, 0.098723, 0.012009, -0.0, 0.0, 0.0, 0.0, 1.0], [-0.000179, 0.313279, 0.949661, 0.0, 0.758262, 0.619173, -0.204113, 0.33, -0.651949, 0.720056, -0.237658, 0.0, 0.0, 0.0, 0.0, 1.0], [0.945678, -0.144966, 0.290995, -0.0, 0.154923, 0.987861, -0.011346, 0.33, -0.285818, 0.055812, 0.956657, 0.0, 0.0, 0.0, 0.0, 1.0], [0.985072, -0.124179, -0.11922, 0.0, 0.081604, 0.94665, -0.311761, 0.33, 0.151573, 0.297378, 0.942652, -0.0, 0.0, 0.0, 0.0, 1.0], [0.993917, 0.021296, 0.108059, -0.0, 0.011623, 0.95537, -0.295183, 0.33, -0.109522, 0.294643, 0.949311, 0.0, 0.0, 0.0, 0.0, 1.0]]}, {"name": "Tool_R", "time": [0.0, 0.1, 0.1333, 0.1667, 0.2, 0.3, 0.4, 0.7, 0.8, 0.9, 1.0], "transform": [[1.000001, -0.0, 0.0, -0.0, -0.0, -0.980303, -0.197501, 0.291204, 0.0, 0.197501, -0.980303, 0.0, 0.0, 0.0, 0.0, 1.0], [1.0, -0.0, 0.0, -0.0, 0.0, -0.972957, -0.230948, 0.291204, 0.0, 0.230944, -0.972977, 0.0, 0.0, 0.0, 0.0, 1.0], [1.0, -0.0, 0.0, 0.0, -0.0, -0.895263, -0.445537, 0.291204, 0.0, 0.445537, -0.895263, 0.0, 0.0, 0.0, 0.0, 1.0], [1.0, -0.0, 0.0, -0.0, -0.0, -0.95555, -0.29483, 0.291204, 0.0, 0.294829, -0.95555, 0.0, 0.0, 0.0, 0.0, 1.0], [1.0, -0.0, 0.0, -0.0, 0.0, -0.754309, -0.65652, 0.291204, 0.0, 0.656519, -0.75431, 0.0, 0.0, 0.0, 0.0, 1.0], [1.000001, -0.0, 0.0, -0.0, -0.0, -0.786916, -0.617061, 0.291204, 0.0, 0.617059, -0.786918, 0.0, 0.0, 0.0, 0.0, 1.0], [1.000001, -0.0, 0.0, 0.0, 0.0, -0.873091, -0.487558, 0.291203, 0.0, 0.487556, -0.873093, 0.0, 0.0, 0.0, 0.0, 1.0], [1.0, -0.0, 0.0, 0.0, -0.0, -0.967992, -0.25098, 0.291204, 0.0, 0.25098, -0.967992, 0.0, 0.0, 0.0, 0.0, 1.0], [1.0, -0.0, 0.0, -0.0, 0.0, -0.975187, -0.221384, 0.291204, 0.0, 0.221384, -0.975187, 0.0, 0.0, 0.0, 0.0, 1.0], [1.0, -0.0, 0.0, 0.0, 0.0, -0.964364, -0.264581, 0.291204, 0.0, 0.264581, -0.964364, -0.0, 0.0, 0.0, 0.0, 1.0], [1.0, -0.0, 0.0, 0.0, -0.0, -0.811623, -0.584182, 0.291204, 0.0, 0.584182, -0.811623, 0.0, 0.0, 0.0, 0.0, 1.0]]}, {"name": "Elbow_R", "time": [0.0, 0.1, 0.1333, 0.2, 0.3, 0.4, 0.7, 0.8, 0.9, 1.0], "transform": [[-1.0, 0.0, 0.0, 0.0, -0.0, -0.0, -1.0, 0.33, -0.0, -1.0, 0.0, 0.0, 0.0, 0.0, 0.0, 1.0], [-1.0, 0.0, 0.0, -0.0, -0.0, 0.0, -1.0, 0.33, -0.0, -1.0, -0.0, 0.0, 0.0, 0.0, 0.0, 1.0], [-1.0, 0.0, 0.0, -0.0, -0.0, 0.0, -1.0, 0.33, -0.0, -1.0, -0.0, 0.0, 0.0, 0.0, 0.0, 1.0], [-1.0, 0.0, 0.0, 0.0, -0.0, 0.0, -1.0, 0.33, -0.0, -1.0, -0.0, 0.0, 0.0, 0.0, 0.0, 1.0], [-1.0, 0.0, 0.0, 0.0, -0.0, 0.0, -1.0, 0.33, -0.0, -1.0, -0.0, 0.0, 0.0, 0.0, 0.0, 1.0], [-1.0, 0.0, 0.0, 0.0, -0.0, 0.0, -1.0, 0.33, -0.0, -1.0, 0.0, 0.0, 0.0, 0.0, 0.0, 1.0], [-1.0, 0.0, 0.0, 0.0, -0.0, 0.007636, -0.999971, 0.33, -0.0, -0.999971, -0.007637, 0.0, 0.0, 0.0, 0.0, 1.0], [-1.0, 0.0, 0.0, -0.0, -0.0, 0.011036, -0.999939, 0.33, -0.0, -0.999939, -0.011036, 0.0, 0.0, 0.0, 0.0, 1.0], [-1.0, 0.0, 0.0, 0.0, -0.0, 0.013972, -0.999902, 0.33, -0.0, -0.999902, -0.013972, 0.0, 0.0, 0.0, 0.0, 1.0], [-1.0, 0.0, 0.0, -0.0, -0.0, 0.015897, -0.999874, 0.33, -0.0, -0.999874, -0.015897, 0.0, 0.0, 0.0, 0.0, 1.0]]}, {"name": "Shoulder_L", "time": [0.0, 0.1, 0.1333, 0.2, 0.3, 0.4, 0.7, 0.8, 0.9, 1.0], "transform": [[-0.24179, -0.906626, -0.345783, -0.0, -0.064726, -0.340493, 0.938017, 0.4, -0.968167, 0.249184, 0.023646, 0.0, 0.0, 0.0, 0.0, 1.0], [-0.078779, -0.956969, -0.279287, -0.0, -0.02109, -0.278495, 0.960206, 0.4, -0.996668, 0.081534, 0.001757, 0.0, 0.0, 0.0, 0.0, 1.0], [-0.015491, -0.910523, -0.413167, 0.0, -0.004149, -0.413154, 0.910652, 0.4, -0.999871, 0.015822, 0.002622, -0.0, 0.0, 0.0, 0.0, 1.0], [-0.006565, -0.925933, -0.377629, -0.0, -0.00176, -0.377626, 0.925956, 0.4, -0.999977, 0.006744, 0.00085, 0.0, 0.0, 0.0, 0.0, 1.0], [0.012001, -0.95238, -0.304675, 0.0, 0.00321, -0.304659, 0.952456, 0.4, -0.999923, -0.012409, -0.000599, -0.0, 0.0, 0.0, 0.0, 1.0], [0.012001, -0.95238, -0.304675, 0.0, 0.00321, -0.304659, 0.952456, 0.4, -0.999923, -0.012409, -0.000599, -0.0, 0.0, 0.0, 0.0, 1.0], [0.001877, -0.958045, -0.286612, -0.0, 0.0005, -0.286611, 0.958047, 0.4, -0.999998, -0.001942, -5.9e-05, -0.0, 0.0, 0.0, 0.0, 1.0], [-0.001565, -0.95258, -0.304283, 0.0, -0.000421, -0.304282, 0.952581, 0.4, -0.999998, 0.001619, 7.5e-05, -0.0, 0.0, 0.0, 0.0, 1.0], [0.003176, -0.950873, -0.309562, -0.0, 0.000848, -0.309561, 0.950879, 0.4, -0.999994, -0.003283, -0.000177, 0.0, 0.0, 0.0, 0.0, 1.0], [0.003428, -0.948585, -0.316502, 0.0, 0.000915, -0.3165, 0.948592, 0.4, -0.999993, -0.003541, -0.000217, 0.0, 0.0, 0.0, 0.0, 1.0]]}, {"name": "Arm_L", "time": [0.0, 0.1, 0.1333, 0.2, 0.3, 0.4, 0.7, 0.8, 0.9, 1.0], "transform": [[0.385836, -0.169971, 0.906775, -0.0, 0.172196, 0.978878, 0.110217, 0.388355, -0.906355, 0.113617, 0.406954, 0.0, 0.0, 0.0, 0.0, 1.0], [-0.034915, 0.3864, 0.921669, -0.0, -0.263895, 0.885933, -0.381416, 0.388354, -0.96392, -0.256541, 0.071037, -0.0, 0.0, 0.0, 0.0, 1.0], [0.125058, 0.369245, 0.920879, 0.0, -0.329651, 0.8909, -0.312455, 0.388354, -0.935782, -0.264494, 0.233136, -0.0, 0.0, 0.0, 0.0, 1.0], [0.046894, 0.33517, 0.940989, -0.0, -0.410131, 0.865422, -0.287815, 0.388354, -0.910819, -0.372433, 0.178047, 0.0, 0.0, 0.0, 0.0, 1.0], [-0.098518, 0.24057, 0.965619, 0.0, -0.563417, 0.786354, -0.253392, 0.388354, -0.820277, -0.56901, 0.058071, 0.0, 0.0, 0.0, 0.0, 1.0], [-0.08751, 0.102012, 0.990926, -0.0, -0.619395, 0.773502, -0.134329, 0.388354, -0.780187, -0.62553, -0.004504, -0.0, 0.0, 0.0, 0.0, 1.0], [0.056197, -0.07552, 0.995559, 0.0, -0.696423, 0.711542, 0.093287, 0.388354, -0.715427, -0.698573, -0.012608, -0.0, 0.0, 0.0, 0.0, 1.0], [0.077942, -0.156548, 0.984589, -0.0, -0.756137, 0.634369, 0.160721, 0.388355, -0.649754, -0.757012, -0.068928, -0.0, 0.0, 0.0, 0.0, 1.0], [0.211984, 0.124647, 0.969291, 0.0, -0.774489, 0.626317, 0.088839, 0.388354, -0.59601, -0.769538, 0.229307, 0.0, 0.0, 0.0, 0.0, 1.0], [0.27227, 0.151969, 0.950144, -0.0, -0.699865, 0.708936, 0.087161, 0.388354, -0.660346, -0.688704, 0.29938, 0.0, 0.0, 0.0, 0.0, 1.0]]}, {"name": "Hand_L", "time": [0.0, 0.1, 0.1333, 0.2, 0.3, 0.4, 0.7, 0.8, 0.9, 1.0], "transform": [[0.444464, 0.249514, -0.860676, 0.0, -0.892952, 0.027393, -0.451864, 0.33, -0.089299, 0.967984, 0.234641, -0.0, 0.0, 0.0, 0.0, 1.0], [0.70623, 0.022121, -0.711174, -0.0, -0.691367, 0.276511, -0.671091, 0.33, 0.182717, 0.960769, 0.209515, 0.0, 0.0, 0.0, 0.0, 1.0], [0.580424, 0.015891, -0.819442, -0.0, -0.679511, 0.583628, -0.457673, 0.33, 0.477121, 0.811866, 0.345048, -0.0, 0.0, 0.0, 0.0, 1.0], [0.576632, 0.023549, -0.822379, 0.0, -0.677716, 0.596524, -0.444743, 0.33, 0.486993, 0.80226, 0.354831, -0.0, 0.0, 0.0, 0.0, 1.0], [0.949141, -0.085386, -0.348954, 0.0, -0.307691, 0.337018, -0.891574, 0.33, 0.197027, 0.937645, 0.288682, -0.0, 0.0, 0.0, 0.0, 1.0], [0.949141, -0.085386, -0.348954, 0.0, -0.307691, 0.337018, -0.891574, 0.33, 0.197027, 0.937645, 0.288682, 0.0, 0.0, 0.0, 0.0, 1.0], [0.714993, -0.05513, -0.703319, -0.0, -0.617144, 0.448531, -0.651608, 0.33, 0.354488, 0.892065, 0.284164, 0.0, 0.0, 0.0, 0.0, 1.0], [0.988059, 0.062531, -0.171955, 0.0, -0.17528, 0.036106, -0.984028, 0.33, -0.055592, 0.997549, 0.046395, 0.0, 0.0, 0.0, 0.0, 1.0], [0.986718, 0.153575, -0.082465, 0.0, -0.156504, 0.567191, -0.808642, 0.33, -0.077574, 0.809141, 0.582493, 0.0, 0.0, 0.0, 0.0, 1.0], [0.998309, -0.058097, -0.00193, 0.0, 0.051808, 0.904325, -0.423688, 0.33, 0.02636, 0.422871, 0.905807, 0.0, 0.0, 0.0, 0.0, 1.0]]}, {"name": "Tool_L", "time": [0.0, 0.1, 0.1333, 0.2, 0.3, 0.4, 0.7, 0.8, 0.9, 1.0], "transform": [[1.0, 0.0, 0.0, 0.0, 0.0, -1.0, 0.0, 0.291204, 0.0, -0.0, -1.0, 0.0, 0.0, 0.0, 0.0, 1.0], [1.0, 0.0, 0.0, -0.0, 0.0, -1.0, 0.0, 0.291204, 0.0, 0.0, -1.0, 0.0, 0.0, 0.0, 0.0, 1.0], [1.0, 0.0, -0.0, 0.0, 0.0, -1.0, 1e-06, 0.291204, -0.0, -1e-06, -1.0, -0.0, 0.0, 0.0, 0.0, 1.0], [1.0, 4.6e-05, -0.000116, 0.0, 4.6e-05, -1.0, 0.000215, 0.291204, -0.000116, -0.000215, -1.0, 0.0, 0.0, 0.0, 0.0, 1.0], [1.0, 0.000136, -0.000348, -0.0, 0.000136, -1.0, 0.000643, 0.291204, -0.000348, -0.000644, -1.0, 0.0, 0.0, 0.0, 0.0, 1.0], [1.0, 0.000136, -0.000348, -0.0, 0.000136, -1.0, 0.000643, 0.291204, -0.000348, -0.000644, -1.0, 0.0, 0.0, 0.0, 0.0, 1.0], [1.0, 0.000169, -0.000431, 0.0, 0.000169, -1.0, 0.000797, 0.291204, -0.000431, -0.000798, -1.0, 0.0, 0.0, 0.0, 0.0, 1.0], [1.0, 0.000209, -0.000535, 0.0, 0.00021, -0.999999, 0.000989, 0.291204, -0.000535, -0.000989, -0.999999, 0.0, 0.0, 0.0, 0.0, 1.0], [1.0, 0.00024, -0.000613, 0.0, 0.00024, -0.999999, 0.001132, 0.291204, -0.000612, -0.001132, -0.999999, 0.0, 0.0, 0.0, 0.0, 1.0], [1.0, 0.00026, -0.000665, -0.0, 0.000261, -0.999999, 0.001229, 0.291204, -0.000665, -0.00123, -0.999999, -0.0, 0.0, 0.0, 0.0, 1.0]]}, {"name": "Elbow_L", "time": [0.0, 0.1, 0.1333, 0.2, 0.3, 0.4, 0.7, 0.8, 0.9, 1.0], "transform": [[-1.0, 0.0, -0.0, 0.0, 0.0, -0.0, -1.0, 0.33, -0.0, -1.0, 0.0, 0.0, 0.0, 0.0, 0.0, 1.0], [-1.0, 0.0, -0.0, 0.0, 0.0, -0.0, -1.0, 0.33, -0.0, -1.0, 0.0, 0.0, 0.0, 0.0, 0.0, 1.0], [-1.0, 0.0, -0.0, 0.0, 0.0, -0.0, -1.0, 0.33, -0.0, -1.0, 0.0, 0.0, 0.0, 0.0, 0.0, 1.0], [-1.0, 0.0, -0.0, 0.0, 0.0, -0.0, -1.0, 0.33, -0.0, -1.0, 0.0, 0.0, 0.0, 0.0, 0.0, 1.0], [-1.0, 0.0, -0.0, 0.0, 0.0, -0.0, -1.0, 0.33, -0.0, -1.0, 0.0, -0.0, 0.0, 0.0, 0.0, 1.0], [-1.0, 0.0, -0.0, 0.0, 0.0, -0.0, -1.0, 0.33, -0.0, -1.0, 0.0, 0.0, 0.0, 0.0, 0.0, 1.0], [-1.0, 0.0, -0.0, 0.0, 0.0, -0.0, -1.0, 0.33, -0.0, -1.0, 0.0, 0.0, 0.0, 0.0, 0.0, 1.0], [-1.0, 0.0, -0.0, 0.0, 0.0, -0.0, -1.0, 0.33, -0.0, -1.0, 0.0, 0.0, 0.0, 0.0, 0.0, 1.0], [-1.0, 0.0, -0.0, 0.0, 0.0, -0.0, -1.0, 0.33, -0.0, -1.0, 0.0, 0.0, 0.0, 0.0, 0.0, 1.0], [-1.0, 0.0, -0.0, 0.0, 0.0, -0.0, -1.0, 0.33, -0.0, -1.0, 0.0, 0.0, 0.0, 0.0, 0.0, 1.0]]}]}