{"animation": [{"name": "Root", "time": [0.0, 0.1, 0.1333, 0.2, 0.3, 0.4, 1.0], "transform": [[0.419759, -0.002968, -0.907631, -5e-06, -0.90659, 0.046609, -0.41943, 0.000946, 0.043548, 0.998909, 0.016874, 0.452838, 0.0, 0.0, 0.0, 1.0], [0.937058, -0.082407, -0.339309, -5e-06, -0.339874, 0.007504, -0.940441, 0.80755, 0.080045, 0.99657, -0.020976, 0.609424, 0.0, 0.0, 0.0, 1.0], [0.978505, -0.006482, 0.206122, -5e-06, 0.20182, 0.235557, -0.950674, 1.163106, -0.042391, 0.971839, 0.231802, 0.533838, 0.0, 0.0, 0.0, 1.0], [0.360704, 0.010761, 0.932618, -5e-06, 0.910646, 0.212004, -0.354652, 1.300946, -0.201535, 0.977209, 0.066672, 0.476267, 0.0, 0.0, 0.0, 1.0], [-0.102249, -0.029083, 0.994334, -5e-06, 0.986104, 0.128604, 0.105164, 1.400946, -0.130934, 0.991269, 0.015529, 0.448947, 0.0, 0.0, 0.0, 1.0], [-0.27336, -0.029083, 0.961472, 0.003209, 0.952862, 0.128604, 0.274802, 1.400946, -0.131641, 0.991269, -0.007444, 0.40806, 0.0, 0.0, 0.0, 1.0], [0.678872, -0.013888, -0.734126, -0.010005, -0.733798, 0.022511, -0.678995, 1.400946, 0.025956, 0.99965, 0.005091, 0.605058, 0.0, 0.0, 0.0, 1.0]]}, {"name": "Thigh_R", "time": [0.0, 0.1, 0.1333, 0.2, 0.3, 0.4, 0.6, 0.7, 0.8, 0.9, 1.0], "transform": [[0.846744, 0.423407, -0.322103, 0.124994, 0.516392, -0.508556, 0.688993, -0.002831, 0.127917, -0.749732, -0.649261, -1.2e-05, 0.0, 0.0, 0.0, 1.0], [0.988657, 0.006253, 0.150058, 0.124994, -0.130565, -0.457997, 0.879313, -0.00283, 0.074225, -0.888932, -0.451985, -1.2e-05, 0.0, 0.0, 0.0, 1.0], [0.951432, 0.299187, -0.072565, 0.135085, 0.170239, -0.314898, 0.933733, 0.008947, 0.256511, -0.900736, -0.350537, -0.047546, 0.0, 0.0, 0.0, 1.0], [0.527792, 0.844858, -0.087453, 0.124994, 0.503888, -0.22856, 0.832979, -0.002831, 0.683761, -0.483707, -0.546346, -1.2e-05, 0.0, 0.0, 0.0, 1.0], [0.449666, 0.872628, 0.190582, 0.124994, 0.618383, -0.458112, 0.638542, -0.002831, 0.644517, -0.169278, -0.745615, -1.2e-05, 0.0, 0.0, 0.0, 1.0], [0.405593, 0.871466, 0.275752, 0.124994, 0.672353, -0.488815, 0.555878, -0.002831, 0.619221, -0.040057, -0.784193, -1.2e-05, 0.0, 0.0, 0.0, 1.0], [0.702897, 0.698971, -0.131812, 0.124994, 0.467768, -0.314638, 0.825951, -0.002831, 0.535844, -0.642215, -0.548115, -1.2e-05, 0.0, 0.0, 0.0, 1.0], [0.862409, 0.506208, 0.001635, 0.124994, 0.188079, -0.323418, 0.927376, -0.002831, 0.469975, -0.79947, -0.374126, -1.2e-05, 0.0, 0.0, 0.0, 1.0], [0.963478, 0.247545, 0.102131, 0.124994, 0.0251, -0.463194, 0.8859, -0.002831, 0.266607, -0.850982, -0.45249, -1.2e-05, 0.0, 0.0, 0.0, 1.0], [0.941328, 0.322697, 0.098842, 0.124994, 0.239293, -0.844687, 0.478794, -0.002831, 0.237996, -0.427049, -0.872346, -1.2e-05, 0.0, 0.0, 0.0, 1.0], [0.926147, 0.37713, -0.004838, 0.124994, 0.357502, -0.873713, 0.329876, -0.002831, 0.12018, -0.307243, -0.944012, -1.2e-05, 0.0, 0.0, 0.0, 1.0]]}, {"name": "Leg_R", "time": [0.0, 0.1, 0.1333, 0.2, 0.3, 0.4, 0.6, 0.7, 0.8, 0.9, 1.0], "transform": [[0.993791, 0.093958, -0.059603, 0.0, 0.017346, 0.398302, 0.917091, 0.37472, 0.109908, -0.912429, 0.394199, -0.0, 0.0, 0.0, 0.0, 1.0], [0.984035, -0.176244, 0.0248, -0.0, 0.083254, 0.578964, 0.811091, 0.37472, -0.157308, -0.796078, 0.584393, -0.0, 0.0, 0.0, 0.0, 1.0], [0.998777, -0.048212, 0.010947, -0.0, 0.033157, 0.817461, 0.575027, 0.37472, -0.036672, -0.57396, 0.818061, -0.0, 0.0, 0.0, 0.0, 1.0], [0.984657, 0.140984, -0.102821, -0.0, 0.017186, 0.50803, 0.861168, 0.37472, 0.173647, -0.849724, 0.497812, 0.0, 0.0, 0.0, 0.0, 1.0], [0.988399, 0.14122, -0.0559, -0.0, 0.024138, 0.217316, 0.975803, 0.37472, 0.149951, -0.965831, 0.211386, 0.0, 0.0, 0.0, 0.0, 1.0], [0.985155, 0.164837, -0.047958, 0.0, 0.017781, 0.179882, 0.983527, 0.37472, 0.170749, -0.969779, 0.17428, -0.0, 0.0, 0.0, 0.0, 1.0], [0.999206, 0.031976, -0.023767, 0.0, 0.01744, 0.185312, 0.982523, 0.37472, 0.035821, -0.982159, 0.184607, 0.0, 0.0, 0.0, 0.0, 1.0], [0.997395, -0.072035, 0.003496, -0.0, 0.026924, 0.416884, 0.908562, 0.37472, -0.066906, -0.906101, 0.417738, 0.0, 0.0, 0.0, 0.0, 1.0], [0.978028, -0.20802, 0.013779, 0.0, 0.129241, 0.656846, 0.742866, 0.37472, -0.163581, -0.724762, 0.669299, 0.0, 0.0, 0.0, 0.0, 1.0], [0.993331, -0.111187, 0.030516, 0.0, 0.024466, 0.461905, 0.886593, 0.37472, -0.112672, -0.879933, 0.461545, 0.0, 0.0, 0.0, 0.0, 1.0], [0.997977, -0.06085, 0.018475, -0.0, 0.021535, 0.596734, 0.802151, 0.37472, -0.059835, -0.800129, 0.596837, 0.0, 0.0, 0.0, 0.0, 1.0]]}, {"name": "Knee_R", "time": [0.0, 0.1, 0.1333, 0.2, 0.3, 0.4, 1.0], "transform": [[1.0, 0.0, -1e-06, 0.0, -1e-06, 0.0, -1.0, 0.37472, -0.0, 1.0, 0.0, -0.0, 0.0, 0.0, 0.0, 1.0], [1.0, 0.0, -1e-06, -0.0, -1e-06, 0.0, -1.0, 0.37472, -0.0, 1.0, 0.0, -0.0, 0.0, 0.0, 0.0, 1.0], [1.0, 0.0, -1e-06, -0.0, -1e-06, 0.0, -1.0, 0.37472, -0.0, 1.0, 0.0, -0.0, 0.0, 0.0, 0.0, 1.0], [1.0, 0.0, -1e-06, -0.0, -1e-06, 0.0, -1.0, 0.37472, -0.0, 1.0, 0.0, 0.0, 0.0, 0.0, 0.0, 1.0], [1.0, 0.0, -1e-06, -0.0, -1e-06, 0.0, -1.0, 0.37472, -0.0, 1.0, 0.0, 0.0, 0.0, 0.0, 0.0, 1.0], [1.0, 0.0, -1e-06, 0.0, -1e-06, 0.0, -1.0, 0.37472, -0.0, 1.0, 0.0, -0.0, 0.0, 0.0, 0.0, 1.0], [1.0, 0.0, -1e-06, -0.0, -1e-06, 0.0, -1.0, 0.37472, -0.0, 1.0, 0.0, 0.0, 0.0, 0.0, 0.0, 1.0]]}, {"name": "Thigh_L", "time": [0.0, 0.05, 0.1, 0.1333, 0.2, 0.3, 0.4, 0.6, 0.7, 0.8, 0.9, 1.0], "transform": [[0.674637, -0.72698, 0.127924, -0.124338, -0.620503, -0.464667, 0.631711, -0.014799, -0.399799, -0.505553, -0.764576, 0.002249, 0.0, 0.0, 0.0, 1.0], [0.888219, -0.459275, -0.011577, -0.124003, -0.378228, -0.745317, 0.549042, -0.020783, -0.26079, -0.483291, -0.835715, 0.00338, 0.0, 0.0, 0.0, 1.0], [0.958504, -0.197319, -0.205762, -0.123669, -0.217715, -0.972605, -0.081481, -0.026767, -0.184048, 0.122897, -0.975203, 0.00451, 0.0, 0.0, 0.0, 1.0], [0.981517, -0.183055, -0.055838, -0.131061, -0.189271, -0.971673, -0.141512, -0.009897, -0.028352, 0.149464, -0.988362, 0.028508, 0.0, 0.0, 0.0, 1.0], [0.807055, -0.18684, 0.560134, -0.137632, -0.453064, -0.804294, 0.384502, -0.007071, 0.378673, -0.564092, -0.73376, 0.014908, 0.0, 0.0, 0.0, 1.0], [0.726881, -0.087474, 0.681168, -0.125006, -0.598269, -0.56768, 0.56552, -0.002831, 0.337217, -0.818588, -0.464969, -1.2e-05, 0.0, 0.0, 0.0, 1.0], [0.750101, 0.208257, 0.627674, -0.125006, -0.541603, -0.351187, 0.763761, -0.002831, 0.379491, -0.912849, -0.150633, -1.2e-05, 0.0, 0.0, 0.0, 1.0], [0.915324, 0.077139, 0.395256, -0.125006, -0.318074, -0.463487, 0.827046, -0.002831, 0.246994, -0.882737, -0.399706, -1.2e-05, 0.0, 0.0, 0.0, 1.0], [0.947393, 0.071075, 0.312076, -0.125006, -0.261283, -0.391413, 0.88234, -0.002831, 0.184863, -0.917465, -0.352251, -1.2e-05, 0.0, 0.0, 0.0, 1.0], [0.983729, -0.165312, 0.070355, -0.125006, -0.14251, -0.479533, 0.865873, -0.002831, -0.109402, -0.861811, -0.495288, -1.2e-05, 0.0, 0.0, 0.0, 1.0], [0.919235, -0.387428, 0.070048, -0.125006, -0.313594, -0.612929, 0.725242, -0.002831, -0.238045, -0.688635, -0.684921, -1.2e-05, 0.0, 0.0, 0.0, 1.0], [0.891774, -0.450189, -0.045504, -0.125006, -0.308699, -0.67884, 0.666245, -0.002831, -0.330826, -0.580093, -0.744344, -1.2e-05, 0.0, 0.0, 0.0, 1.0]]}, {"name": "Leg_L", "time": [0.0, 0.05, 0.1, 0.1333, 0.2, 0.3, 0.4, 0.6, 0.7, 0.8, 0.9, 1.0], "transform": [[0.989485, -0.123201, 0.075767, 0.0, -0.021378, 0.393521, 0.919066, 0.37472, -0.143046, -0.911021, 0.38675, 0.0, 0.0, 0.0, 0.0, 1.0], [0.999063, -0.002963, 0.043222, 0.0, -0.04258, 0.116881, 0.992231, 0.37472, -0.007991, -0.99314, 0.116645, -0.0, 0.0, 0.0, 0.0, 1.0], [0.999228, 0.028126, 0.027548, 0.0, -0.039153, 0.636602, 0.770197, 0.37472, 0.004125, -0.77068, 0.637209, 0.0, 0.0, 0.0, 0.0, 1.0], [0.998236, -0.012955, 0.057959, 0.0, -0.017424, 0.869076, 0.494367, 0.37472, -0.056775, -0.4945, 0.867325, -0.0, 0.0, 0.0, 0.0, 1.0], [0.994942, -0.025687, 0.097124, -0.0, -0.071272, 0.500877, 0.862577, 0.37472, -0.070804, -0.865136, 0.496512, 0.0, 0.0, 0.0, 0.0, 1.0], [0.998597, 0.034539, 0.040172, -0.0, -0.052148, 0.507053, 0.860336, 0.37472, 0.009346, -0.861223, 0.508141, 0.0, 0.0, 0.0, 0.0, 1.0], [0.988169, 0.131247, 0.079357, -0.0, -0.115729, 0.298523, 0.947359, 0.37472, 0.100648, -0.945335, 0.31018, -0.0, 0.0, 0.0, 0.0, 1.0], [0.988736, 0.147355, 0.026247, -0.0, -0.041477, 0.101254, 0.993996, 0.37472, 0.143812, -0.983888, 0.106226, 0.0, 0.0, 0.0, 0.0, 1.0], [0.991835, 0.125654, -0.02177, -0.0, -0.017312, 0.301802, 0.953213, 0.37472, 0.126346, -0.945053, 0.301513, 0.0, 0.0, 0.0, 0.0, 1.0], [0.999844, 0.008522, 0.015378, -0.0, -0.017452, 0.375224, 0.92677, 0.37472, 0.002128, -0.926894, 0.375315, 0.0, 0.0, 0.0, 0.0, 1.0], [0.99954, -0.007904, 0.029273, -0.0, -0.017447, 0.639671, 0.76845, 0.37472, -0.024799, -0.768608, 0.639238, -0.0, 0.0, 0.0, 0.0, 1.0], [0.999679, -0.003363, 0.025107, 0.0, -0.017449, 0.627074, 0.778764, 0.37472, -0.018363, -0.778953, 0.626814, -0.0, 0.0, 0.0, 0.0, 1.0]]}, {"name": "Knee_L", "time": [0.0, 0.1, 0.1333, 0.2, 0.3, 0.4, 1.0], "transform": [[1.0, -0.0, 0.0, 0.0, 0.0, 0.0, -1.0, 0.37472, 0.0, 1.0, 0.0, 0.0, 0.0, 0.0, 0.0, 1.0], [1.0, -0.0, 0.0, 0.0, 0.0, 0.0, -1.0, 0.37472, 0.0, 1.0, 0.0, 0.0, 0.0, 0.0, 0.0, 1.0], [1.0, -0.0, 0.0, 0.0, 0.0, 0.0, -1.0, 0.37472, 0.0, 1.0, 0.0, -0.0, 0.0, 0.0, 0.0, 1.0], [1.0, -0.0, 0.0, -0.0, 0.0, 0.0, -1.0, 0.37472, 0.0, 1.0, 0.0, 0.0, 0.0, 0.0, 0.0, 1.0], [1.0, -0.0, 0.0, -0.0, 0.0, 0.0, -1.0, 0.37472, 0.0, 1.0, 0.0, 0.0, 0.0, 0.0, 0.0, 1.0], [1.0, -0.0, 0.0, -0.0, 0.0, 0.0, -1.0, 0.37472, 0.0, 1.0, 0.0, -0.0, 0.0, 0.0, 0.0, 1.0], [1.0, -0.0, 0.0, 0.0, 0.0, 0.0, -1.0, 0.37472, 0.0, 1.0, 0.0, -0.0, 0.0, 0.0, 0.0, 1.0]]}, {"name": "Torso", "time": [0.0, 0.1, 0.1333, 0.2, 0.3, 0.4, 0.6, 0.7, 0.8, 0.9, 1.0], "transform": [[0.985761, -0.167973, 0.007876, 0.0, 0.168157, 0.984678, -0.046173, 0.05, 0.0, 0.04684, 0.998903, -0.0, 0.0, 0.0, 0.0, 1.0], [0.998094, 0.061711, 0.001441, 0.0, -0.061728, 0.997822, 0.023307, 0.05, -0.0, -0.023351, 0.999727, 0.0, 0.0, 0.0, 0.0, 1.0], [0.993512, -0.112053, -0.019413, -0.0, 0.113722, 0.97893, 0.169595, 0.05, 0.0, -0.170703, 0.985323, -0.0, 0.0, 0.0, 0.0, 1.0], [0.989018, 0.143509, 0.035279, -0.0, -0.147781, 0.960424, 0.236103, 0.05, -0.0, -0.238724, 0.971086, 0.0, 0.0, 0.0, 0.0, 1.0], [0.888916, 0.456946, 0.032099, 0.0, -0.458072, 0.88673, 0.06229, 0.05, -0.0, -0.070075, 0.997542, -0.0, 0.0, 0.0, 0.0, 1.0], [0.868497, 0.49481, 0.029626, 0.0, -0.495696, 0.866944, 0.051908, 0.05, 0.0, -0.059767, 0.998213, 0.0, 0.0, 0.0, 0.0, 1.0], [0.994451, 0.103267, 0.020068, 0.0, -0.105199, 0.976189, 0.189706, 0.05, 0.0, -0.190765, 0.981636, 0.0, 0.0, 0.0, 0.0, 1.0], [0.998045, 0.060136, 0.017039, -0.0, -0.062504, 0.960245, 0.272071, 0.05, 0.0, -0.272604, 0.962127, 0.0, 0.0, 0.0, 0.0, 1.0], [0.999962, -0.008327, -0.002404, -0.0, 0.008667, 0.960726, 0.277362, 0.05, 0.0, -0.277372, 0.960763, 0.0, 0.0, 0.0, 0.0, 1.0], [0.996801, -0.079563, -0.007547, -0.0, 0.07992, 0.992347, 0.094127, 0.05, 0.0, -0.094429, 0.995532, 0.0, 0.0, 0.0, 0.0, 1.0], [0.992201, -0.124113, -0.011522, 0.0, 0.124647, 0.987953, 0.091715, 0.05, -0.0, -0.092436, 0.995719, -0.0, 0.0, 0.0, 0.0, 1.0]]}, {"name": "Chest", "time": [0.0, 0.1, 0.1333, 0.2, 0.3, 0.4, 0.7, 0.9, 1.0], "transform": [[0.764243, 0.00056, -0.644928, 0.0, 0.191708, 0.9546, 0.228005, 0.3, 0.615776, -0.297889, 0.729439, -0.0, 0.0, 0.0, 0.0, 1.0], [0.689196, -0.125969, -0.71354, -0.0, 0.260064, 0.962161, 0.08133, 0.3, 0.676296, -0.241619, 0.695876, -0.0, 0.0, 0.0, 0.0, 1.0], [0.926386, -0.007474, 0.376502, 0.0, 0.075883, 0.982999, -0.167197, 0.3, -0.368851, 0.183459, 0.911204, -0.0, 0.0, 0.0, 0.0, 1.0], [0.688288, 0.065505, 0.722472, -0.0, -0.162041, 0.984634, 0.0651, 0.3, -0.707106, -0.161877, 0.688328, -0.0, 0.0, 0.0, 0.0, 1.0], [0.668954, 0.13117, 0.731637, 0.0, -0.283707, 0.954845, 0.088213, 0.3, -0.68703, -0.266581, 0.675961, 0.0, 0.0, 0.0, 0.0, 1.0], [0.668954, 0.13117, 0.731637, -0.0, -0.283707, 0.954845, 0.088213, 0.3, -0.68703, -0.266581, 0.675961, -0.0, 0.0, 0.0, 0.0, 1.0], [0.939819, -0.004295, 0.341644, -0.0, -0.064137, 0.979928, 0.188751, 0.3, -0.335597, -0.199303, 0.92068, -0.0, 0.0, 0.0, 0.0, 1.0], [0.999566, 0.023233, -0.018091, 0.0, -0.019419, 0.981955, 0.188113, 0.3, 0.022135, -0.18768, 0.981981, -0.0, 0.0, 0.0, 0.0, 1.0], [0.988641, 0.033477, -0.146525, 0.0, -0.00633, 0.983289, 0.181942, 0.3, 0.150167, -0.178948, 0.972331, -0.0, 0.0, 0.0, 0.0, 1.0]]}, {"name": "Head", "time": [0.0, 0.1, 0.1333, 0.2, 0.3, 0.4, 0.7, 0.9, 1.0], "transform": [[0.142577, -0.096346, 0.985083, 0.0, 0.119853, 0.989609, 0.079441, 0.4, -0.982501, 0.106738, 0.152642, 0.0, 0.0, 0.0, 0.0, 1.0], [0.635134, -0.031761, 0.771748, 0.0, -0.00593, 0.998924, 0.045991, 0.4, -0.77238, -0.033788, 0.634263, -0.0, 0.0, 0.0, 0.0, 1.0], [0.82761, -0.028412, -0.560586, 0.0, -0.07384, 0.984528, -0.158911, 0.4, 0.556427, 0.172909, 0.812706, -0.0, 0.0, 0.0, 0.0, 1.0], [-0.099622, -0.197634, -0.975202, 0.0, -0.065544, 0.979251, -0.191759, 0.4, 0.992863, 0.044816, -0.110509, -0.0, 0.0, 0.0, 0.0, 1.0], [-0.478197, -0.226795, -0.848463, 0.0, 0.024264, 0.962302, -0.270898, 0.4, 0.877918, -0.15013, -0.454667, -0.0, 0.0, 0.0, 0.0, 1.0], [-0.594004, -0.226794, -0.771831, 0.0, -0.014509, 0.962302, -0.271595, 0.4, 0.804333, -0.15013, -0.574901, 0.0, 0.0, 0.0, 0.0, 1.0], [0.727089, -0.065035, -0.683456, 0.0, -0.145151, 0.958438, -0.245619, 0.4, 0.671024, 0.277791, 0.687429, 0.0, 0.0, 0.0, 0.0, 1.0], [0.866203, 0.01284, 0.499527, 0.0, 0.074811, 0.985071, -0.155047, 0.4, -0.49406, 0.171673, 0.852311, -0.0, 0.0, 0.0, 0.0, 1.0], [0.551234, 0.018585, 0.834135, 0.0, 0.102698, 0.990628, -0.089938, 0.4, -0.828006, 0.135241, 0.544159, 0.0, 0.0, 0.0, 0.0, 1.0]]}, {"name": "Shoulder_R", "time": [0.0, 0.1, 0.1333, 0.2, 0.3, 0.4, 0.7, 0.9, 1.0], "transform": [[0.03562, 0.930106, 0.36556, 0.0, -0.009532, -0.36546, 0.930779, 0.4, 0.999321, -0.036639, -0.004151, -0.0, 0.0, 0.0, 0.0, 1.0], [0.315886, 0.943917, 0.096111, 0.0, -0.084549, -0.07289, 0.99375, 0.4, 0.945026, -0.322037, 0.056782, -0.0, 0.0, 0.0, 0.0, 1.0], [0.007839, 0.996187, 0.086894, 0.0, -0.002097, -0.086881, 0.996216, 0.4, 0.999969, -0.007991, 0.001408, -0.0, 0.0, 0.0, 0.0, 1.0], [0.0093, 0.983612, 0.180052, 0.0, -0.002488, -0.180036, 0.983657, 0.4, 0.999958, -0.009596, 0.000773, -0.0, 0.0, 0.0, 0.0, 1.0], [0.094132, 0.965328, 0.243497, 0.0, -0.025194, -0.242196, 0.969902, 0.4, 0.995239, -0.097434, 0.001522, -0.0, 0.0, 0.0, 0.0, 1.0], [0.094132, 0.965328, 0.243497, 0.0, -0.025194, -0.242195, 0.969902, 0.4, 0.99524, -0.097434, 0.001522, -0.0, 0.0, 0.0, 0.0, 1.0], [0.056133, 0.946002, 0.319262, 0.0, -0.015023, -0.31893, 0.94766, 0.4, 0.998311, -0.057991, -0.003691, 0.0, 0.0, 0.0, 0.0, 1.0], [0.002732, 0.951957, 0.306218, 0.0, -0.00073, -0.306217, 0.951962, 0.4, 0.999997, -0.002824, -0.000142, -0.0, 0.0, 0.0, 0.0, 1.0], [0.003846, 0.951291, 0.308268, 0.0, -0.001028, -0.308266, 0.951299, 0.4, 0.999992, -0.003976, -0.000208, 0.0, 0.0, 0.0, 0.0, 1.0]]}, {"name": "Arm_R", "time": [0.0, 0.1, 0.1333, 0.1667, 0.1833, 0.2, 0.3, 0.4, 0.7, 0.8, 0.9, 1.0], "transform": [[0.739372, 0.672, -0.041743, -0.0, -0.438517, 0.527672, 0.727505, 0.388385, 0.510911, -0.519592, 0.684831, 0.0, 0.0, 0.0, 0.0, 1.0], [0.88366, -0.218393, 0.41406, 0.0, 0.330903, 0.917059, -0.222497, 0.388385, -0.331126, 0.333627, 0.882636, -0.0, 0.0, 0.0, 0.0, 1.0], [0.980971, -0.158929, -0.111505, -0.0, 0.076247, 0.843575, -0.531567, 0.388385, 0.178544, 0.51295, 0.839643, 0.0, 0.0, 0.0, 0.0, 1.0], [0.671294, -0.674561, -0.307124, 0.0, 0.558571, 0.732793, -0.388596, 0.388385, 0.487189, 0.089312, 0.868716, 0.0, 0.0, 0.0, 0.0, 1.0], [0.31745, -0.779401, -0.540143, -0.0, 0.779827, 0.538649, -0.318932, 0.388385, 0.539522, -0.319973, 0.7788, -0.0, 0.0, 0.0, 0.0, 1.0], [0.256883, -0.728765, -0.634751, -0.0, 0.77118, 0.550422, -0.319853, 0.388385, 0.582476, -0.407343, 0.703413, -0.0, 0.0, 0.0, 0.0, 1.0], [0.281429, -0.593516, -0.754004, -0.0, 0.833629, 0.540388, -0.11422, 0.388385, 0.475254, -0.596419, 0.646845, 0.0, 0.0, 0.0, 0.0, 1.0], [0.238492, -0.719892, -0.651817, -0.0, 0.912875, 0.395182, -0.102445, 0.388385, 0.331341, -0.570599, 0.751409, 0.0, 0.0, 0.0, 0.0, 1.0], [-0.229551, -0.653395, -0.721373, -0.0, 0.531081, 0.537018, -0.655411, 0.388385, 0.815634, -0.533558, 0.223733, -0.0, 0.0, 0.0, 0.0, 1.0], [-0.199803, -0.497179, -0.844329, -0.0, 0.515218, 0.679653, -0.522132, 0.388385, 0.833444, -0.539336, 0.120358, -0.0, 0.0, 0.0, 0.0, 1.0], [0.081056, -0.140159, -0.986805, -0.0, 0.562566, 0.823716, -0.070786, 0.388385, 0.822769, -0.549405, 0.145616, -0.0, 0.0, 0.0, 0.0, 1.0], [0.345792, 0.144352, -0.927141, -0.0, 0.719876, 0.592955, 0.360809, 0.388386, 0.601837, -0.79219, 0.101123, 0.0, 0.0, 0.0, 0.0, 1.0]]}, {"name": "Hand_R", "time": [0.0, 0.1, 0.1333, 0.2, 0.3, 0.4, 0.7, 0.9, 1.0], "transform": [[0.862978, -0.505188, -0.007317, -0.0, 0.431817, 0.745007, -0.508427, 0.33, 0.262302, 0.435602, 0.861074, 0.0, 0.0, 0.0, 0.0, 1.0], [0.0685, 0.169504, 0.983145, -0.0, 0.522931, 0.833132, -0.180076, 0.33, -0.84962, 0.526449, -0.03157, 0.0, 0.0, 0.0, 0.0, 1.0], [0.051199, -0.040682, 0.997859, 0.0, 0.18822, 0.981658, 0.030364, 0.33, -0.980792, 0.186262, 0.057917, 0.0, 0.0, 0.0, 0.0, 1.0], [-0.041569, -0.112096, 0.992831, 0.0, 0.101517, 0.988062, 0.115811, 0.33, -0.993968, 0.105602, -0.029693, 0.0, 0.0, 0.0, 0.0, 1.0], [0.025322, 0.030954, 0.99919, 0.0, 0.117698, 0.992488, -0.033727, 0.33, -0.992721, 0.11846, 0.021488, 0.0, 0.0, 0.0, 0.0, 1.0], [0.025322, 0.030954, 0.99919, -0.0, 0.117698, 0.992488, -0.033728, 0.33, -0.992721, 0.11846, 0.021488, 0.0, 0.0, 0.0, 0.0, 1.0], [0.994152, -0.095405, 0.050592, 0.0, 0.107536, 0.831739, -0.544652, 0.33, 0.009883, 0.546907, 0.837135, -0.0, 0.0, 0.0, 0.0, 1.0], [0.986843, -0.159521, -0.026349, 0.0, 0.152382, 0.972117, -0.178238, 0.33, 0.054047, 0.171878, 0.983635, 0.0, 0.0, 0.0, 0.0, 1.0], [0.993917, 0.021296, 0.108059, 0.0, 0.011623, 0.95537, -0.295183, 0.33, -0.109522, 0.294643, 0.949311, -0.0, 0.0, 0.0, 0.0, 1.0]]}, {"name": "Tool_R", "time": [0.0, 0.1, 0.1333, 0.1667, 0.2, 0.3, 0.4, 0.7, 0.8, 0.9, 1.0], "transform": [[1.0, -0.0, 0.0, -0.0, -0.0, -0.996509, -0.083482, 0.291204, 0.0, 0.083482, -0.99651, 0.0, 0.0, 0.0, 0.0, 1.0], [1.000001, 0.0, 0.0, -0.0, 0.0, -0.999214, 0.039649, 0.291204, 0.0, -0.039649, -0.999214, 0.0, 0.0, 0.0, 0.0, 1.0], [1.0, 0.0, 0.0, 0.0, 0.0, -0.975219, -0.22124, 0.291203, 0.0, 0.22124, -0.97522, -0.0, 0.0, 0.0, 0.0, 1.0], [1.0, -0.0, 0.0, -0.0, -0.0, -0.88366, -0.46813, 0.291204, 0.0, 0.468129, -0.883662, 0.0, 0.0, 0.0, 0.0, 1.0], [1.0, -0.0, 0.0, 0.0, 0.0, -0.976154, -0.217073, 0.291204, 0.0, 0.217071, -0.97616, 0.0, 0.0, 0.0, 0.0, 1.0], [1.0, -0.0, 0.0, -0.0, 0.0, -0.997887, -0.065007, 0.291203, 0.0, 0.065007, -0.997884, 0.0, 0.0, 0.0, 0.0, 1.0], [1.0, -0.0, 0.0, 0.0, 0.0, -0.997887, -0.065007, 0.291204, 0.0, 0.065007, -0.997884, 0.0, 0.0, 0.0, 0.0, 1.0], [1.0, -0.0, 0.0, 0.0, -0.0, -0.929129, -0.369758, 0.291204, 0.0, 0.369758, -0.929129, 0.0, 0.0, 0.0, 0.0, 1.0], [1.0, -0.0, 0.0, 0.0, 0.0, -0.86927, -0.494338, 0.291204, 0.0, 0.494338, -0.86927, 0.0, 0.0, 0.0, 0.0, 1.0], [1.0, 0.0, 0.0, 0.0, -0.0, -0.975838, -0.218496, 0.291204, 0.0, 0.218496, -0.975838, -0.0, 0.0, 0.0, 0.0, 1.0], [1.0, -0.0, 0.0, 0.0, 0.0, -0.811623, -0.584182, 0.291204, 0.0, 0.584182, -0.811623, 0.0, 0.0, 0.0, 0.0, 1.0]]}, {"name": "Elbow_R", "time": [0.0, 0.1, 0.1333, 0.2, 0.3, 0.4, 1.0], "transform": [[-1.0, 0.0, 0.0, -0.0, -0.0, 0.021594, -0.999767, 0.33, -0.0, -0.999767, -0.021594, 0.0, 0.0, 0.0, 0.0, 1.0], [-1.0, 0.0, 0.0, -0.0, -0.0, 0.021594, -0.999767, 0.33, -0.0, -0.999767, -0.021594, 0.0, 0.0, 0.0, 0.0, 1.0], [-1.0, 0.0, 0.0, 0.0, -0.0, 0.021594, -0.999767, 0.33, -0.0, -0.999767, -0.021594, 0.0, 0.0, 0.0, 0.0, 1.0], [-1.0, 0.0, 0.0, 0.0, -0.0, 0.021594, -0.999767, 0.33, -0.0, -0.999767, -0.021594, 0.0, 0.0, 0.0, 0.0, 1.0], [-1.0, 0.0, 0.0, 0.0, -0.0, 0.021594, -0.999767, 0.33, -0.0, -0.999767, -0.021594, 0.0, 0.0, 0.0, 0.0, 1.0], [-1.0, 0.0, 0.0, -0.0, -0.0, 0.021594, -0.999767, 0.33, -0.0, -0.999767, -0.021594, 0.0, 0.0, 0.0, 0.0, 1.0], [-1.0, 0.0, 0.0, -0.0, -0.0, 0.021594, -0.999767, 0.33, -0.0, -0.999767, -0.021594, 0.0, 0.0, 0.0, 0.0, 1.0]]}, {"name": "Shoulder_L", "time": [0.0, 0.1, 0.1333, 0.2, 0.3, 0.4, 0.7, 0.9, 1.0], "transform": [[-0.065326, -0.958232, -0.278431, 0.0, -0.017489, -0.277885, 0.960455, 0.4, -0.99771, 0.067612, 0.001394, 0.0, 0.0, 0.0, 0.0, 1.0], [0.165674, -0.922718, -0.348054, -0.0, 0.044346, -0.345603, 0.937332, 0.4, -0.985182, -0.170726, -0.016339, -0.0, 0.0, 0.0, 0.0, 1.0], [0.09299, -0.909605, -0.404932, -0.0, 0.024889, -0.404444, 0.914224, 0.4, -0.995355, -0.095092, -0.014969, 0.0, 0.0, 0.0, 0.0, 1.0], [1e-06, -0.952361, -0.304972, -0.0, -2e-06, -0.304973, 0.952361, 0.4, -1.0, -0.0, -2e-06, -0.0, 0.0, 0.0, 0.0, 1.0], [0.115483, -0.89959, -0.421191, 0.0, 0.03091, -0.420568, 0.906734, 0.4, -0.992828, -0.117731, -0.020762, -0.0, 0.0, 0.0, 0.0, 1.0], [0.115483, -0.899589, -0.421191, -0.0, 0.030911, -0.420568, 0.906734, 0.4, -0.992828, -0.117732, -0.020762, 0.0, 0.0, 0.0, 0.0, 1.0], [0.037053, -0.932355, -0.359641, 0.0, 0.009916, -0.359527, 0.933082, 0.4, -0.999264, -0.03814, -0.004076, 0.0, 0.0, 0.0, 0.0, 1.0], [0.002988, -0.950136, -0.311819, 0.0, 0.000797, -0.311818, 0.950141, 0.4, -0.999995, -0.003087, -0.000174, 0.0, 0.0, 0.0, 0.0, 1.0], [0.003428, -0.948585, -0.316502, -0.0, 0.000915, -0.3165, 0.948592, 0.4, -0.999993, -0.003541, -0.000217, 0.0, 0.0, 0.0, 0.0, 1.0]]}, {"name": "Arm_L", "time": [0.0, 0.1, 0.1333, 0.2, 0.3, 0.4, 0.6, 0.7, 0.9, 1.0], "transform": [[0.125138, 0.087624, 0.988263, 0.0, -0.251929, 0.966251, -0.053773, 0.388354, -0.959621, -0.242242, 0.14299, 0.0, 0.0, 0.0, 0.0, 1.0], [0.30182, 0.177554, 0.936685, 0.0, -0.356146, 0.932373, -0.061978, 0.388354, -0.884344, -0.31489, 0.344644, -0.0, 0.0, 0.0, 0.0, 1.0], [0.11587, -0.169908, 0.978624, 0.0, -0.267076, 0.943645, 0.195457, 0.388354, -0.956684, -0.284014, 0.063961, 0.0, 0.0, 0.0, 0.0, 1.0], [-0.155198, 0.19223, 0.969, 0.0, -0.474789, 0.845656, -0.243805, 0.388355, -0.866308, -0.497908, -0.039975, -0.0, 0.0, 0.0, 0.0, 1.0], [-0.129778, 0.278448, 0.951643, -0.0, -0.415862, 0.855982, -0.30717, 0.388354, -0.90012, -0.435616, 0.004708, 0.0, 0.0, 0.0, 0.0, 1.0], [-0.081023, 0.291545, 0.95312, 0.0, -0.385937, 0.87249, -0.299689, 0.388354, -0.918961, -0.392126, 0.041826, 0.0, 0.0, 0.0, 0.0, 1.0], [-0.257156, -0.128905, 0.957734, -0.0, -0.674605, 0.733565, -0.082401, 0.388354, -0.691938, -0.667282, -0.2756, -0.0, 0.0, 0.0, 0.0, 1.0], [-0.317057, -0.096878, 0.943445, 0.0, -0.73067, 0.659154, -0.177866, 0.388354, -0.604645, -0.745741, -0.279774, -0.0, 0.0, 0.0, 0.0, 1.0], [-0.312403, 0.297857, 0.902045, -0.0, -0.578153, 0.693836, -0.429336, 0.388354, -0.753752, -0.655646, -0.04455, -0.0, 0.0, 0.0, 0.0, 1.0], [0.27227, 0.151969, 0.950144, -0.0, -0.699865, 0.708936, 0.087161, 0.388354, -0.660346, -0.688704, 0.29938, 0.0, 0.0, 0.0, 0.0, 1.0]]}, {"name": "Hand_L", "time": [0.0, 0.1, 0.1333, 0.2, 0.3, 0.4, 0.6, 0.7, 0.8, 0.9, 1.0], "transform": [[0.771534, 0.025959, -0.635659, 0.0, -0.540643, 0.553395, -0.633608, 0.33, 0.335322, 0.832514, 0.440998, -0.0, 0.0, 0.0, 0.0, 1.0], [0.873218, 0.062795, -0.483267, -0.0, -0.439624, 0.529418, -0.725567, 0.33, 0.210288, 0.846035, 0.489902, 0.0, 0.0, 0.0, 0.0, 1.0], [0.830952, 0.033113, -0.555358, 0.0, -0.400531, 0.728418, -0.555861, 0.33, 0.386127, 0.684332, 0.618544, 0.0, 0.0, 0.0, 0.0, 1.0], [0.546632, 0.062157, -0.835062, -0.0, -0.751003, 0.477492, -0.456065, 0.33, 0.370388, 0.876435, 0.307693, 0.0, 0.0, 0.0, 0.0, 1.0], [0.528546, 0.249931, -0.811278, 0.0, -0.745771, 0.593258, -0.303102, 0.33, 0.405543, 0.765231, 0.499956, -0.0, 0.0, 0.0, 0.0, 1.0], [0.706088, 0.387012, -0.593011, -0.0, -0.669765, 0.636878, -0.381838, 0.33, 0.2299, 0.666789, 0.708899, 0.0, 0.0, 0.0, 0.0, 1.0], [0.859399, -0.294834, -0.41774, 0.0, -0.145526, 0.642174, -0.752619, 0.33, 0.490159, 0.707592, 0.508977, -0.0, 0.0, 0.0, 0.0, 1.0], [0.99862, -0.047981, 0.021365, -0.0, 0.043976, 0.541402, -0.839613, 0.33, 0.028719, 0.839393, 0.542765, 0.0, 0.0, 0.0, 0.0, 1.0], [0.874245, 0.048815, -0.483025, -0.0, -0.401603, 0.631748, -0.663031, 0.33, 0.272784, 0.773635, 0.571907, 0.0, 0.0, 0.0, 0.0, 1.0], [0.948668, -0.048057, -0.312603, 0.0, -0.252168, 0.481636, -0.839308, 0.33, 0.190896, 0.875053, 0.444794, 0.0, 0.0, 0.0, 0.0, 1.0], [0.998309, -0.058097, -0.00193, -0.0, 0.051808, 0.904325, -0.423688, 0.33, 0.02636, 0.422871, 0.905806, 0.0, 0.0, 0.0, 0.0, 1.0]]}, {"name": "Tool_L", "time": [0.0, 0.1, 0.1333, 0.2, 0.3, 0.4, 0.7, 0.9, 1.0], "transform": [[1.0, 0.000294, -0.000751, 0.0, 0.000295, -0.999999, 0.001388, 0.291204, -0.000751, -0.001389, -0.999999, 0.0, 0.0, 0.0, 0.0, 1.0], [1.0, 0.00013, -0.000333, -0.0, 0.00013, -1.0, 0.000615, 0.291204, -0.000332, -0.000615, -1.0, 0.0, 0.0, 0.0, 0.0, 1.0], [1.0, 8.1e-05, -0.000208, 0.0, 8.1e-05, -1.0, 0.000384, 0.291204, -0.000208, -0.000384, -1.0, -0.0, 0.0, 0.0, 0.0, 1.0], [1.0, 3.3e-05, -8.3e-05, -0.0, 3.3e-05, -1.0, 0.000154, 0.291204, -8.3e-05, -0.000154, -1.0, 0.0, 0.0, 0.0, 0.0, 1.0], [1.0, 0.0, 0.0, 0.0, 0.0, -1.0, -0.0, 0.291204, 0.0, 0.0, -1.0, 0.0, 0.0, 0.0, 0.0, 1.0], [1.0, 0.0, 0.0, 0.0, -0.0, -1.0, -0.0, 0.291204, 0.0, 0.0, -1.0, 0.0, 0.0, 0.0, 0.0, 1.0], [1.0, 0.000134, -0.000342, 0.0, 0.000134, -1.0, 0.000633, 0.291204, -0.000342, -0.000633, -1.0, -0.0, 0.0, 0.0, 0.0, 1.0], [1.0, 0.000229, -0.000585, 0.0, 0.000229, -0.999999, 0.001081, 0.291204, -0.000584, -0.001081, -0.999999, 0.0, 0.0, 0.0, 0.0, 1.0], [1.0, 0.00026, -0.000665, -0.0, 0.000261, -0.999999, 0.00123, 0.291204, -0.000665, -0.00123, -0.999999, 0.0, 0.0, 0.0, 0.0, 1.0]]}, {"name": "Elbow_L", "time": [0.0, 0.1, 0.1333, 0.2, 0.3, 0.4, 1.0], "transform": [[-1.0, 0.0, -0.0, 0.0, 0.0, -0.0, -1.0, 0.33, -0.0, -1.0, 0.0, 0.0, 0.0, 0.0, 0.0, 1.0], [-1.0, 0.0, -0.0, 0.0, 0.0, -0.0, -1.0, 0.33, -0.0, -1.0, 0.0, 0.0, 0.0, 0.0, 0.0, 1.0], [-1.0, 0.0, -0.0, 0.0, 0.0, -0.0, -1.0, 0.33, -0.0, -1.0, 0.0, 0.0, 0.0, 0.0, 0.0, 1.0], [-1.0, 0.0, -0.0, 0.0, 0.0, -0.0, -1.0, 0.33, -0.0, -1.0, 0.0, 0.0, 0.0, 0.0, 0.0, 1.0], [-1.0, 0.0, -0.0, 0.0, 0.0, -0.0, -1.0, 0.33, -0.0, -1.0, 0.0, -0.0, 0.0, 0.0, 0.0, 1.0], [-1.0, 0.0, -0.0, 0.0, 0.0, -0.0, -1.0, 0.33, -0.0, -1.0, 0.0, 0.0, 0.0, 0.0, 0.0, 1.0], [-1.0, 0.0, -0.0, -0.0, 0.0, -0.0, -1.0, 0.33, -0.0, -1.0, 0.0, 0.0, 0.0, 0.0, 0.0, 1.0]]}]}